0.020382915492723776
0.04599982844943702
0.14030974245458408
0.12527876820912567
0.21634646983491515
0.29209237490348894
0.26188313741314007
0.23469482367182606
0.21022534130464346
0.2709387935588682
0.354304836507804
0.3178743528570236
0.30621592140090587
0.2745943292608153
0.37797765144548134
0.402011860732683
0.36081067465941474
0.42920586778952485
0.46260041061747453
0.48277459679253193
0.5272685158767918
0.47354166428911265
0.4251874978602014
0.4434973380524807
0.39814760424723267
0.37492024105033483
0.33642821694530134
0.41789988924117294
0.43108936817347226
0.38698043135612503
0.3625120320927401
0.34513469054507817
0.30962122149057036
0.3592644009249216
0.36587891040325593
0.45584095150316795
0.5703604408634522
0.5457082681452678
0.49013744133074105
0.4731491497055502
0.45068664937256536
0.40461798443530883
0.4631047027966674
0.41579423251700065
0.3732148092653006
0.43722037177779527
0.4900272296728799
0.44002450670559196
0.4814928708102924
0.4323435837292632
0.38810922535633685
0.3482983028207032
0.3784968699546242
0.3396471829591618
0.3046824646632456
0.27321421819692104
0.3240986670191745
0.2906888003172571
0.2606199202855314
0.3833745253935331
0.36421967374034736
0.40848916948975084
0.5555234957624697
0.5617319345620002
0.5045587411058002
0.45310286699522023
0.4067925802956982
0.3651133222661284
0.36598924461325505
0.32839032015192954
0.47947162278119543
0.6392856162357441
0.6082465077939266
0.5464218570145339
0.5929575405007637
0.5326617864506873
0.5686375980171541
0.6088164855937063
0.5954321279827837
0.6733358788855088
0.6974328373465422
0.7231583836324671
0.6498425452692204
0.6823035951473356
0.7376331377381052
0.6628698239642947
0.5955828415678652
0.5350245574110787
0.5461941913658641
0.4905747722292777
0.4934932470272734
0.5516023287407296
0.5625474931097194
0.5930577893407866
0.5327520104067079
0.568023357301253
0.5771836276204946
0.5184652648584451
0.46561873837260065
0.5322405988293034
0.4780165389463731
0.6043735362762261
0.5905780641810446
0.5305202577629402
0.543166499962787
0.5741190305186867
0.5157071274668181
0.5471984290047914
0.5350031499926083
0.5687083277782459
0.5430074730715854
0.48770672576442686
0.542125285362326
0.5650390789622495
0.532371882047617
0.5573561990333938
0.6448091021141756
0.5793281919027581
0.624593185153264
0.6415696296067465
0.5857576380267836
0.5261818742241052
0.49485760540306367
0.5155359511261814
0.47877234907742616
0.42989511416968357
0.5765322612386895
0.5178790351148206
0.5134495337026613
0.5422614571076317
0.48703531139686856
0.48715790317769947
0.5738280703067984
0.5880989803923895
0.578934876823255
0.5200413891409295
0.5720946291169177
0.591418426916027
0.5898937108288436
0.727706646375451
0.7228927015382547
0.6496034313844292
0.5836430882459863
0.6197253904065971
0.6200516779830763
0.6569422935559002
0.6418890346398666
0.6375387816542847
0.6632828765374188
0.6500924843387302
0.6228329768886662
0.5830263935561972
0.5237237542005775
0.5706448448490372
0.5546872685746312
0.4982185417171681
0.5756957748433161
0.5171261973589846
0.5678278092122321
0.5902708865632076
0.5302437979068868
0.4762194181161981
0.4275974763045783
0.5100010532745032
0.5240922992636802
0.6236903286298644
0.6442094082936717
0.5787884674643046
0.5199096207178742
0.5714848804508992
0.5133363924058093
0.5525594340635869
0.4963034906572282
0.44567314159150534
0.5343112299932964
0.567863563492813
0.5755433210609829
0.5978164828497268
0.5370348345647541
0.5833624203169884
0.5240261782852895
0.47062356045676057
0.4225612044110845
0.44846225253101357
0.4812895336748738
0.43216058030738647
0.38794452227664783
0.3481500700489831
0.3899657777186606
0.34996919994679454
0.45291712621377445
0.406625413592397
0.3649628722331573
0.475695256608649
0.4271257309477841
0.39097562647920875
0.43005604289676447
0.5530993198537775
0.5587724992350152
0.5018952493115136
0.5142229447097142
0.5571775772761951
0.6808682425318204
0.6117814182786384
0.5496032764507746
0.5202465084858402
0.532584828262169
0.5543345984513889
0.6003966328178074
0.6552389229564269
0.6255816897487714
0.669742035620789
0.6940615592022538
0.6236554032820284
0.5925216800357556
0.6057723310670354
0.630455844896455
0.5664102604068095
0.6447261076588562
0.6925550834317743
0.6381831833161157
0.72379989482617
0.6772599340206186
0.631523770631046
0.6297452554899801
0.5657707299409821
0.5926548271616409
0.5323893444454768
0.5647472678485046
0.5507605161475974
0.49468446453283765
0.4442160180795539
0.47189055808919506
0.5333707277913184
0.4790336550121866
0.43013028951096793
0.41280872387996737
0.5196614014042928
0.46669526126386357
0.4190257351374772
0.4714281326155222
0.49354738636088447
0.45639910349943685
0.5453944989107905
0.587883238753594
0.5795751726404597
0.5206176553764137
0.49967592453721044
0.4947740302570506
0.5130632987955748
0.4607569689160173
0.46523645496280397
0.4393948927023156
0.4287709390575723
0.3887498560570504
0.40479752650815237
0.441857064376529
0.45477572465842
0.408298152192578
0.44206072759368886
0.39685465483432
0.356169189350888
0.39187111339522207
0.3516840020556999
0.4229463453559053
0.3796517108203148
0.36581868218191793
0.41360601585732293
0.4688687292262429
0.4209818563036186
0.4813322266379908
0.43219900397419175
0.5153123830997346
0.49519629129959486
0.512349739244463
0.4601147653200167
0.4855490634764824
0.5198810461477319
0.46689294153295874
0.41920364737966287
0.47335149244698754
0.4250163432022888
0.46583760616875874
0.4964354498601224
0.6348065338383188
0.6694091831831022
0.8096280415352877
0.8497257999156658
0.827275750467461
0.8395050492583298
0.7545545443324968
0.7490443179566215
0.701839808567086
0.6306558277103774
0.5665902449393397
0.5089312204454057
0.5797329559652011
0.6167687077387164
0.5540918369648448
0.4976826532683603
0.44691438794152427
0.40122294914737183
0.36010065423263465
0.3803431732450483
0.3413088559205435
0.30617797032848915
0.27456017329564025
0.2735917707648179
0.2452325936883361
0.2886363394613822
0.31791214071632734
0.3252203563116803
0.29169832068051227
0.26152848861246103
0.29326142934962385
0.35097657513547365
0.4033960685314269
0.44671055436278195
0.5410144950577682
0.6837370344649976
0.6143633310184978
0.551926997916648
0.6352608153749628
0.5707347338374665
0.5126612604537198
0.49669059977307456
0.4460215397957671
0.4004193858161904
0.3815947605618342
0.3424352845056508
0.30719175605508575
0.453143598700783
0.5650181859744938
0.6037170062151231
0.6502156061374389
0.6867307111863313
0.6170576400676983
0.7262121579880891
0.7677143446050387
0.7419193508005865
0.7028439614348058
0.8580209502255329
0.8648734137071183
0.9707895882807775
0.9805738990519861
0.9440400778470568
0.8486360700623511
0.8701885871703969
0.8652360535395902
0.7777124481856312
0.6989412033670681
0.7538673400189683
0.7830145982097828
0.7253752047596378
0.66939088830664
0.7014234233890558
0.7497086910156878
0.7959863754896146
0.7803178485443018
0.7606942296285389
0.7726154642911844
0.694353917862066
0.771712998558377
0.7860382852602844
0.748640393958833
0.7954804823914341
0.7149324341522907
0.7348777465276704
0.7309357658340868
0.6568421892506782
0.6881681306370293
0.6183513175733264
0.6097543737453499
0.6633278584040978
0.6892767221225033
0.6529877689917127
0.6593748464414727
0.6084113423287112
0.5465702080958401
0.4909131872862561
0.4408218685576305
0.47784629032283954
0.5000926778384874
0.5782018550073845
0.5193816695066461
0.4664435025559815
0.4846302742500227
0.49194129050009594
0.44174716145008636
0.39657244530507774
0.4622180772579174
0.5244821659147713
0.5445262829981941
0.5701074410905016
0.6060132172833664
0.6663274697904731
0.7942338604235062
0.7138104743811556
0.7485801895459947
0.7577614464642536
0.784426014187484
0.810358083637515
0.7504022994444505
0.7019730954271116
0.727325794971352
0.7300424389211946
0.6560381950290751
0.638276162948657
0.6448769479337967
0.672608618950354
0.7417307178900427
0.749507563323679
0.73125053521421
0.7839075841309865
0.7045168257178879
0.7213362809006458
0.7522738798803769
0.6760464918923392
0.6074418427031053
0.5689111792035482
0.6131293939339139
0.6479672164119834
0.5821704947707851
0.5229534452937066
0.5091514794427513
0.5907820411477103
0.6596752819166938
0.5927077537250244
0.5503692258154016
0.49433230323386146
0.4438990729104753
0.4789318519432141
0.4453203453246849
0.39978831079221644
0.3588094797129948
0.4672942364997489
0.5193269439674978
0.6281025617627205
0.5642923055864485
0.5068630750278037
0.548671076523493
0.4928039688711437
0.4425235719840293
0.42561816844313405
0.49067689909290746
0.4848664306918055
0.49349483085056867
0.4431453477655118
0.5043057402710156
0.4808819920495794
0.43179379284462144
0.3876144135601593
0.39856777954720674
0.3577110015924861
0.3209399014332375
0.2878459112899137
0.3068217066200737
0.36320866629565896
0.41721027629113905
0.37448924866202515
0.45618687861929985
0.4095681907573699
0.49089319396454684
0.44080387456809217
0.4990946703081678
0.5708538612914175
0.649399535742297
0.7697704076191381
0.7253579495247522
0.651822154572277
0.5856399391150493
0.5921420069202201
0.632908867027291
0.596394979839744
0.5357554818557696
0.566247544944263
0.561658391961574
0.5044925527654166
0.45304329748887495
0.46541111680804403
0.5052669860771998
0.5329791599145557
0.584893322480306
0.5254039902322755
0.6313493178272402
0.5770844169885522
0.6337999464340233
0.569419951790621
0.5818583637507294
0.5584662430487906
0.5016196187439115
0.46108845402173404
0.4361330678709724
0.5064627891980479
0.5738684103293875
0.5154815692964487
0.5454870420389424
0.5983283640928669
0.6375947888819706
0.5728353099937736
