0.052640422348239714
0.11539778534882446
0.10285800681394201
0.18602635557706754
0.1664237200193608
0.1487813480174247
0.13290321321568224
0.22320213703995032
0.19988192333595528
0.27942721817297145
0.2504844963556743
0.2244360467201069
0.20099244204809621
0.2781786955483885
0.24936082599354964
0.22342474339419469
0.20008226905477522
0.1790740421492977
0.16016663793436794
0.3195687329380627
0.28661185964425645
0.2569506736798308
0.32459204439621936
0.4138988382588652
0.46844509578935434
0.4206005862104189
0.4289639334862876
0.3850675401376588
0.44192697958405236
0.5102937827551792
0.4582644044796613
0.4890754968296017
0.43916794714664154
0.3942511524319774
0.39681092747643953
0.40636813373414493
0.36473132036073047
0.43803996466851414
0.39323596820166273
0.35291237138149645
0.4114220591049745
0.46329636845171807
0.5898869527906889
0.6375072171697669
0.5727564954527902
0.5144808459075112
0.5242803439543918
0.47085230955895263
0.48208426129552806
0.542637872365722
0.5462328457506715
0.4906095611756044
0.639540352817442
0.5745863175356979
0.6048371865239373
0.571794045808196
0.5136146412273764
0.6463522345610101
0.6666860041903262
0.7208078726397087
0.7477427373906784
0.6719684636516106
0.6037716172864496
0.6111877005481969
0.5490689304933772
0.6718129707043744
0.7760431148491529
0.6974388033642376
0.6266949230278138
0.5915117314728364
0.5774406107369311
0.5843212371235275
0.5248891134111747
0.5221329710755751
0.4689196739680176
0.49457372989501736
0.5479864532176182
0.49218780789585637
0.44196902710627073
0.40942772540868155
0.3674849528678134
0.3297364575810321
0.34571872473577653
0.3976433261286436
0.4278671432912963
0.3840804289621667
0.4662663145886618
0.4186396831297956
0.45562396919017095
0.40906157227115386
0.4725745635943872
0.4243171072349485
0.47402846272431476
0.49398734490914725
0.44358861041823255
0.3982297493764093
0.4485515253499857
0.40269637281498716
0.3614267355334885
0.46042948772709236
0.4355845530982627
0.39102609778843644
0.35092348800959283
0.3455774017298485
0.31001966155686367
0.34674232362249385
0.41633860117678206
0.44063575090804374
0.4708374865275218
0.4227537378747696
0.37947836408729263
0.4309477515700071
0.45688794658490683
0.5280944847326051
0.4742850362593446
0.5245485088116284
0.4710936579304656
0.42298429213741906
0.3796858629236772
0.4299102008893836
0.46136927606559147
0.41423234845903234
0.3718091136131291
0.38143542044721196
0.3928141294204653
0.4802550268582105
0.5646404601104809
0.5857714510281313
0.5261943059253182
0.4725748753327864
0.4243173877995078
0.4678474143563764
0.5112634780393437
0.4957925110757132
0.4452132599681419
0.3996919339713277
0.3587227405741949
0.42178733893485654
0.3786086050413709
0.4289061494739953
0.38501553452659576
0.3455139810739362
0.4004837531097321
0.3594353777987589
0.32249184001888304
0.4040892757049932
0.3626803481344939
0.32541231332104453
0.34595122951111956
0.3103561065600076
0.3188535955998924
0.2859682360399032
0.3157887041978204
0.48195748212940254
0.47422164871995454
0.5861932527429528
0.5851523824500786
0.597615152180245
0.5368536369622204
0.5345098534741035
0.4800588681266932
0.523238898447987
0.5101225231399787
0.5822360036289576
0.6230895142036564
0.6815040964168689
0.7563383250752579
0.6797044925677321
0.6257310126666839
0.5621579114000155
0.5580523510171137
0.5012471159154024
0.5470975359468321
0.5173468706987576
0.5497664785050909
0.49378983065458176
0.525079562255789
0.49648288901535736
0.5758563169492318
0.6091045653826812
0.5871232657693582
0.5274109391924224
0.5326338565996095
0.8167406417950255
0.734066577615523
0.7782290606155494
0.8190831830287908
0.7361748647259118
0.6615573782533206
0.6437619900872619
0.7189618425553588
0.7209716243054551
0.7655696179081073
0.8422432566869574
0.7701826067991707
0.8116091095162425
0.8234228257501708
0.8429641413191349
0.8767437341660044
0.9087531922602317
0.8168778730342086
0.7341900857307877
0.659771077157709
0.6925393145326527
0.6222853830793874
0.5590568447714487
0.6067843359118557
0.5451059023206701
0.48959531208860313
0.5310298461823387
0.5799510765185006
0.5914190183676351
0.5855995310444739
0.6487758204037146
0.5828982383633432
0.616928410909614
0.5542355698186526
0.5429052625547117
0.48761473629924057
0.5405074587981692
0.597641991054488
0.5368777919490392
0.5938171789808673
0.5334354610827806
0.5945122682445181
0.5340610414200663
0.486420175331861
0.4367781577986749
0.4858581145905473
0.43627230313149257
0.41199083136845244
0.3697917482316072
0.4290637843743162
0.5046652482045934
0.624608340791699
0.6684227260505036
0.6005804534454532
0.6439075703265298
0.5785168132938768
0.5196651319644892
0.46669861876804025
0.46536196727594153
0.4178257705483474
0.45455702606372056
0.5087678919535561
0.6598331369431534
0.6690844050006409
0.6011759645005769
0.5400583680505192
0.5828920468611776
0.5749504142169395
0.6160795362525506
0.5534715826272956
0.497124424364566
0.5628700396011785
0.5403079711402435
0.48527717402621917
0.5527716904984834
0.585248871508362
0.5257239843575259
0.5910364368956899
0.5309327932061209
0.5209876717123403
0.5944130952866282
0.6119528324513197
0.6225603429545139
0.644571102158944
0.6476046224179626
0.5818441601761664
0.5226597441585498
0.4693937697426948
0.42145439276842533
0.51566105832314
0.5756185305691323
0.5858214355391468
0.5874407128439324
0.539568593192683
0.4846117338734147
0.512866291112658
0.4605796620013922
0.48314585561829415
0.5143443349656923
0.4619099014691231
0.43918635276990736
0.5015110953678018
0.45035998583102166
0.5417954603834192
0.5968241945218244
0.6208119023386887
0.6723325209984491
0.6956899546033337
0.7492897659038631
0.6733607893134768
0.64985706619426
0.583871359574834
0.5244842236173507
0.5555295043152012
0.5158994587713359
0.46330951289420236
0.41597856160478214
0.4777333248144559
0.58359047667991
0.6228535815656127
0.5595682234090514
0.5945405151420582
0.5340864636278524
0.47967781726506714
0.5146255067236583
0.46216295605129243
0.5016940002383112
0.5560606002643707
0.49945454023793356
0.4485090862141402
0.4026581775927262
0.43855636213864546
0.39370072592478095
0.39727819036543877
0.45545205476803274
0.5024505192841229
0.4512054673557106
0.4932533217735235
0.556791228411808
0.5296134081771513
0.5573749596782088
0.500637463710388
0.4495737173393492
0.47399917926749563
0.525129015027103
0.4716161135243927
0.5278787392766612
0.4740908653489951
0.4256817788140956
0.38211360093268604
0.3619714284334368
0.3737973688225286
0.442488914485317
0.4967569488223385
0.5631784830830967
0.5830292905332358
0.6252344506030549
0.6812981141623118
0.7047516660119744
0.7535224883810469
0.6771702395429422
0.6322919127804744
0.642411246902601
0.643034556567334
0.6714964596707312
0.6033468137036582
0.5420121323332924
0.5239020449046878
0.6709189033979346
0.6028270130581411
0.541544311752327
0.4863898805770943
0.5405807447421247
0.48552267026791224
0.5163955085090963
0.5630031215255044
0.505702809372954
0.556862659883284
0.577133921118951
0.6370581375384161
0.5723523237845746
0.5141170914061172
0.46170538226550545
0.5435395009700922
0.54164446141363
0.486480015272267
0.43683201374504027
0.3921488123705362
0.45675334922172434
0.5238194957447276
0.5715556230222473
0.6816435230121712
0.6985440162733353
0.6979181911940521
0.9032161326716954
0.8847396733034543
0.8740242480054168
0.872347042901637
0.7841123386114733
0.7921396549443351
0.7119256894499016
0.8706619302049793
0.7825957371844814
0.7033361634660332
0.7033565968421551
0.7014557198279444
0.6303101478451499
0.6247998145261932
0.5613198330735738
0.5218065477538109
0.46862589297842977
0.5038202573021378
0.452438231571924
0.4678729557053736
0.4200856601348363
0.46516655551497166
0.5087017227764744
0.5534935121286797
0.6180577251749104
0.6697952755125859
0.6559400368510913
0.5893460331659821
0.622733886799488
0.5594604981195392
0.5376597266386667
0.5306281240725723
0.4765653116653151
0.5440700669291021
0.4886630602361919
0.4387967542125727
0.5015248956347347
0.5717416800272965
0.6061546392728908
0.5445391753456017
0.5808446046092639
0.5439424463553567
0.5991895877055564
0.6149895824748489
0.6618056759239871
0.6772847133453477
0.6085562420108129
0.6614849533230163
0.5943364579907147
0.5339028121916433
0.5948808385459893
0.6649780924085086
0.6543621229038211
0.6647760162562073
0.5972984146305866
0.6548858896625294
0.6844787592287437
0.7250083658123181
0.6515075292310863
0.7203756873060021
0.6473381185754019
0.5816043067178618
0.5224438760460757
0.46919948844146814
0.4922996454617913
0.44206968091561216
0.4802768810889384
0.5492111071179167
0.5570374863306828
0.5003337376976146
0.4493003639278531
0.4878738220689541
0.4951742744575337
0.5930832853150889
0.576381677872252
0.6459048838921471
0.5803143955029324
0.6127818197691397
0.5505036377922258
0.5824374212669359
0.5231936791402423
0.4698743112262181
0.6230441967440542
0.6433288789954895
0.6699340093113054
0.6607033479261454
0.7095959136212974
0.6918992207926655
0.6881246725256928
0.6689959281736971
0.6010963353563274
0.6082647227133596
0.5464382504420237
0.6071773786440113
0.6230831029793904
0.6270024382676345
0.563302194440871
0.5059719749967839
0.5148807964466444
0.5886593971482023
0.5883415926573483
0.6371421270580813
0.6924197402183785
0.6221777661965406
0.5589599895768866
0.502063990619198
0.5592278534966668
0.547177370806086
0.6302525403227838
0.6732690183210805
0.6948904721572862
0.6614006224619577
0.594260560215762
0.5338345041941859
0.4794510537747673
0.5132622351727044
0.46093601165543396
0.4343956209266354
0.4802386223334265
0.43121476010008386
0.47040130263108626
0.5080796618363936
0.45627169565275427
