-0.001
0.2042992778634356
0.23172707072104642
0.20755436364894178
0.1857989272840476
0.16621903455564283
0.14859713110007855
0.24538510036330574
0.21984659032697518
0.19686193129427768
0.35045505196469884
0.40233319919961713
0.3610998792796554
0.3239898913516899
0.31722142792929947
0.37203360630608356
0.37666016828608767
0.384801049301087
0.6804354144371803
0.6113918729934622
0.549252685694116
0.6498184254130233
0.5939139231742611
0.533522530856835
0.5204313434856294
0.5335250933988224
0.47917258405894014
0.4745629000959777
0.5691553764820287
0.6216143211723834
0.6242316535582914
0.5608084882024622
0.503727639382216
0.4844867919674156
0.48072171358715676
0.501559124169112
0.5887658290107862
0.6183546775871626
0.5555192098284463
0.49896728884560165
0.5522211223221695
0.5467454413807702
0.4910708972426932
0.5518104796425417
0.49562943167828755
0.5227441784044601
0.5683920952573063
0.5105528857315756
0.4584975971584181
0.47866471593262483
0.5084384534067746
0.6043221948746288
0.5428899753871659
0.4876009778484493
0.6345679644097093
0.6816153302270204
0.7226842680551016
0.7030353346938631
0.6317318012244768
0.575066077484808
0.5165594697363272
0.4639035227626945
0.41651317048642506
0.4038964993255245
0.36250684939297206
0.3678909155607282
0.33010182400465543
0.3048724577571551
0.3889085324366666
0.38382461729623535
0.514605432803375
0.5090969443833788
0.45718724994504095
0.485458652708471
0.5199005841476713
0.46691052573290415
0.5324125410699252
0.5600937337814614
0.5180958125886806
0.538662140038756
0.6259406747420285
0.7202990626012473
0.6472691563411226
0.7868698556205321
0.7071828700584789
0.6909768631337623
0.7116764713108988
0.712187619602721
0.6399688576424489
0.574971971878204
0.5407300302722903
0.48565702724506127
0.49296666788896354
0.5581466750933215
0.5013320075839893
0.5812674211176724
0.700955744276168
0.7111472085244048
0.6939029650668377
0.623512668560154
0.5821401964939676
0.5229261768445709
0.5893670677152298
0.6973446471752613
0.6668032812929594
0.5991229531636635
0.6203984162925401
0.6890160654871299
0.6191144589384169
0.5562030130445752
0.6202694836483421
0.719627857109246
0.7426401473324064
0.8151110093389549
0.8705223877273305
0.8431826370068178
0.7835477192381148
0.7153928191096057
0.6428535371986451
0.6295194787051679
0.5921944636826746
0.5936815668593316
0.5567302335925809
0.5140373544708637
0.4861549825828876
0.48216866749448517
0.5351232373544997
0.564422145154691
0.6132712892078523
0.6674339873153482
0.5996905885838134
0.6452896917039808
0.676068289475412
0.7582238038540821
0.701755869395302
0.6785329361368868
0.6838633888980485
0.6416850901449048
0.5765165811304144
0.517864923017373
0.5661734199189343
0.5085560779270409
0.6124037064534921
0.5921440790759362
0.6457862502615389
0.6250099695207099
0.7839763555181816
0.7045787199663635
0.6331208479697271
0.7184673868540199
0.7355202878902342
0.7533858341099504
0.7981904909277013
0.7173714418349312
0.7225468717750928
0.7573946452447656
0.6806551807202891
0.7493402561425114
0.800729328272431
0.7849500584217466
0.705455052579572
0.6339095473216148
0.6518946200981582
0.7146846067635583
0.6962800547847829
0.6576722724266867
0.6979691699395347
0.6271722529455813
0.6156333835577247
0.6069238955827472
0.5452315060244725
0.48970835542202523
0.4558020911010702
0.48236846798159644
0.48696408776771655
0.5240288712988361
0.5977837688534342
0.5370053919680908
0.6083570012848677
0.6596452233003574
0.5926807009703217
0.5324126308732895
0.5065317544861597
0.5335979899068121
0.5035413066201532
0.5717868145215096
0.5136081330693586
0.4612473197624227
0.41412258778618044
0.43605160148911454
0.39144644134020307
0.35130179720618276
0.41146247957487975
0.5073965179569719
0.5008006388569011
0.449720574971211
0.5081252107369346
0.4563126896632412
0.40968142069691704
0.36771327862722536
0.3963225999864072
0.42417263044563347
0.42646861023661764
0.38282174921295586
0.34353957429166027
0.30818561686249424
0.2763670551762448
0.24773034965862034
0.29157545405296836
0.26141790864767156
0.3512981203314186
0.33821986838832696
0.30339788154949426
0.27205809339454484
0.33816545847457635
0.3345507343814297
0.3000956609432867
0.26908609484895807
0.24117748536406228
0.21605973682765606
0.30438316077592675
0.459615262320223
0.48792138072590063
0.4504913146001419
0.4698320116769422
0.421848810509248
0.4364034198062562
0.5630613056383925
0.6474263576102905
0.5963249840567356
0.5356924856510621
0.5464655789381923
0.6595029198747985
0.6998587780264136
0.7353565875599545
0.7237922165141475
0.694723455257733
0.786200713597342
0.8034467136037118
0.7221020422433406
0.6488918380190066
0.6144686216616628
0.5520217594954966
0.49581958354594696
0.4672592773506812
0.4536895230531256
0.6069075085941883
0.5452167577347695
0.5211660709794375
0.5007441931048381
0.4496697737943543
0.5122069787009271
0.4599862808308344
0.412987652747751
0.3706888874729759
0.34212691444119003
0.30691422299707105
0.27522280069736393
0.24670052062762754
0.22696796730004482
0.2597021774274507
0.33528107023833675
0.30075296321450307
0.2696776668930528
0.3269733524766192
0.3787263553556037
0.33985371982004337
0.4050288261835091
0.3635259435651582
0.33425574512712247
0.3605206538017005
0.40323604783433475
0.41310208736159637
0.4465631581572793
0.43767999945516134
0.48729684392847683
0.43756715953562914
0.49687973705315164
0.50968987032139
0.45772088328925103
0.47109246362218987
0.441551937555036
0.44936303316828613
0.5248913301436129
0.588432106729655
0.5838827961546313
0.5509112990865382
0.5978363049005861
0.6348739354045579
0.5873387778716314
0.6287228520714607
0.664049584676058
0.7680133653174868
0.6902120287857381
0.6201908259071642
0.6590121078087774
0.7942387475732908
0.7646120017525182
0.7645045548652927
0.698724940354782
0.6803436959297945
0.7057811893813086
0.6342030704431778
0.6094919759325106
0.6055994951140239
0.5440395456026215
0.4886355910423593
0.5174811335790154
0.5610349264085737
0.5222804241177509
0.5414417724437207
0.5836377668579533
0.524273990172158
0.547623496426028
0.5662629661266528
0.5599662701884718
0.5815374819946122
0.522383733795151
0.520552355437463
0.52607376974713
0.47246639277241703
0.4242197534951753
0.3807977781456578
0.4350009434296569
0.3905008490866912
0.4693016826005732
0.4213715143405159
0.37823436290646434
0.39943626442558255
0.35849263798302433
0.37027916522252563
0.45009097764309375
0.40408187987878436
0.4117513381796551
0.45053629856815003
0.5326648195473298
0.5639170132204663
0.5065253118984197
0.4548727807085777
0.5060841409862191
0.45447572688759724
0.40802815419883753
0.4568789097388911
0.49576727542077825
0.5119450322657049
0.5333297020974718
0.4789967318877246
0.43521877375051654
0.44219062427006967
0.4772186691054244
0.5382469375052061
0.5667918124384772
0.59652645251605
0.6028415823738347
0.596783613300444
0.568839679003911
0.5109557111035199
0.5644118608273425
0.6296144606079104
0.6370570284686399
0.6376342384096382
0.6443351431746432
0.6566915893626786
0.6790064607275944
0.6928264669970494
0.6225438202973445
0.6398210232124143
0.6504295957981453
0.6915797083726749
0.6655334783704915
0.6525403005396645
0.6734387597871723
0.6050948838084551
0.5435853954276096
0.4882268558848487
0.5217623090987054
0.5473453189685593
0.5933637158571989
0.6135070659407238
0.6560326358862197
0.6253380073775888
0.6613517073175976
0.5942165365858378
0.5337948829272541
0.4794153946345287
0.48899705603301014
0.5775746424962821
0.5188171782466539
0.46593546042198847
0.4183419143797896
0.3755077229418107
0.38511103889992215
0.4193328966880031
0.44372557018094616
0.46444644711743105
0.41700180240568796
0.42244978311375214
0.4106523822619148
0.36858714403572335
0.37863378587292923
0.45587316772142894
0.44640744319300873
0.44788603432102225
0.4403432773788327
0.536356296982338
0.48172066728410423
0.47531930188919913
0.4652628408588268
0.46514833125835375
0.4571374474291793
0.4424085455185174
0.47713650629907567
0.5211328830821889
0.4996443609339527
0.5006803107387235
0.4496122796648512
0.5032978171388595
0.529679399951702
0.5550747224327285
0.5787124274623926
0.60477203832933
0.6238361419645974
0.5604525277681376
0.5959499581147378
0.5353549623032641
0.5560056957710218
0.49940512619391964
0.5431652960215423
0.532869382783409
0.5798215151212213
0.5208393636090991
0.5681390329554388
0.523001023968212
0.4984718402697155
0.4675988222289474
0.5084073227838146
0.4565665905054332
0.40990993145488985
0.4330029275188049
0.49980330646477744
0.5037921935792915
0.5194289285900386
0.5486648445662373
0.4927983601096136
0.46336329895252365
0.5010148890751325
0.4740310263890365
0.43968526482301473
0.40854991588706335
0.36669492429835704
0.3720610134968556
0.3834859179946754
0.34413732619520787
0.39766905336699154
0.3569021480302924
0.42237075501421145
0.3791336795127903
0.3871407452247646
0.45304464105078895
0.4067401769457101
0.36506615925113906
0.32755954332602516
0.3843263925448053
0.3765096716841639
0.41280045829770173
0.37052041246793155
0.4169906936455458
0.47206471867941596
0.4238582468114744
0.3914033840280854
0.431150440199318
0.3870353961793862
0.45869920747204646
0.5067233132689287
0.5116994624338473
0.4595295161904626
0.499903418122787
0.5202309394551988
0.467207845509679
0.44836468053348166
0.4945270943616623
0.4440743849254961
0.4530461389844979
0.47823519395321334
0.5329393630543194
0.5583131564112984
0.5014818407701686
0.5321820730392438
0.6916385708376137
0.7098424914198765
0.6942193418231559
0.6513362054499032
0.6945086592919648
0.6240577933627683
0.6474208561431117
0.9545664816273032
1.1265558719290352
1.0129002847361317
0.9925958281085475
0.9666290204887998\