0.07638038250914349
0.06774234425822914
0.16494332671942105
0.286977377886272
0.34435874505058206
0.38822834474872236
0.34840551027385014
0.39432276134634386
0.46605329407901985
0.4184479646711179
0.40514481519327183
0.39829219541090394
0.4846586857572437
0.4867349656935963
0.48213901242320134
0.47470955297055234
0.4963328803798123
0.5399008686074583
0.5811118575114037
0.5645507978517273
0.6116666624237916
0.5494999961814125
0.5377108603816908
0.48293977434352175
0.5017643200785492
0.557710535980887
0.5828588364013643
0.5235729527612278
0.5901179691151393
0.6270426255698824
0.6770019656238383
0.6577826571656198
0.8976159731248998
0.8068543758124098
0.7251689382311689
0.7468545267072696
0.6711690740365427
0.6030521666328884
0.5417469499695996
0.4865722549726397
0.4369150294753757
0.4589617715352622
0.4954068522630878
0.48743867821228826
0.5143408751818166
0.5730569570112859
0.6182266416955823
0.5554039775260241
0.4988635797734217
0.44797722179607957
0.452819589831266
0.40653763084813943
0.3648838677633255
0.32739548098699295
0.39720521072595366
0.44289861617139825
0.3976087545542584
0.43320231095783635
0.47417888753960075
0.5113590660155886
0.5655899438651151
0.5080309494786036
0.45622785453074327
0.5642271718500159
0.6127007321125886
0.6389884457025155
0.5740896011322639
0.6360849635077475
0.5986270576915192
0.6376472942115551
0.5728825647903996
0.6395005447205903
0.6708718759969039
0.6327204921337254
0.6591039826751158
0.5921935844076043
0.6264297372000762
0.7202676639691303
0.6472408975722174
0.5981566531406778
0.5895603389781559
0.5296043050803403
0.5557793596585802
0.5806780817890588
0.5216102736101529
0.49560597158732556
0.445045374428593
0.39954083698573367
0.4498793704096665
0.40389143336869987
0.3625022900318299
0.4216402823737838
0.4687649120896764
0.42088842088070877
0.3777995787926379
0.3390196209133741
0.30411765882203673
0.27270589293983305
0.24443530364584976
0.2189917732812648
0.21034657538335913
0.1998346152669428
0.2586994937407495
0.23182954436667458
0.20764658993000712
0.22524617291887353
0.2834803019413697
0.25413227174723274
0.3004553858563157
0.2694098472706841
0.3396443418668507
0.3088490860349797
0.3489899990720263
0.3130909991648237
0.33357552638729876
0.4011522524539116
0.3600370272085205
0.32303332448766847
0.28972999203890165
0.25975699283501147
0.23278129355151034
0.2085031641963593
0.2666492332731719
0.3345752483933629
0.3670040811591312
0.32930367304321806
0.29537330573889625
0.36717358453969784
0.32945622608572805
0.4111778276459904
0.3690600448813914
0.42304817560396124
0.3797433580435651
0.34076902223920863
0.591889109176666
0.5600314936048736
0.5449626263066215
0.48946636367595936
0.4395197273083634
0.3945677545775271
0.35411097911977435
0.37395146638123755
0.43373615571658475
0.5063295586576712
0.45951938746403304
0.4830889133996516
0.5408176078727777
0.5878160620987305
0.5941210662624712
0.5337089596362241
0.48812211391858357
0.4383099025267252
0.4857995511164115
0.5126582911983213
0.6183896133272093
0.6108078293321771
0.6188886252740042
0.57589090817948
0.517301817361532
0.5089311259119617
0.4570380133207655
0.5001050153330624
0.4490945137997562
0.41920540951262103
0.4216137316104095
0.37845235844936853
0.3396071226044317
0.30464641034398854
0.45266440422681925
0.40639796380413734
0.36475816742372363
0.3787557013760554
0.42631470998919524
0.4696925488013009
0.4217232939211708
0.4481803685702403
0.5198529604750342
0.46686766442753075
0.5255626375238365
0.4720063737714528
0.4466884287120906
0.40101958584088154
0.46650804331858475
0.4188572389867263
0.37597151508805365
0.33737436357924827
0.39041475874205
0.350373282867845
0.34174401642285673
0.3785316652030575
0.33967849868275174
0.33597747920307913
0.3614455008180822
0.39238861983943435
0.4198674213083068
0.43773413397624594
0.39296072057862136
0.46431078492578437
0.41687970643320593
0.45519436530998275
0.4086749287789845
0.41322228767883645
0.39745064831770394
0.47150703190302806
0.42335632871272527
0.45570065816468885
0.5468595225156434
0.4911735702640791
0.4785652448257319
0.47778713970973513
0.5136052939592769
0.5335430732553026
0.47918876592977233
0.5024291843234354
0.5504209815568903
0.6178223127127748
0.6096618079115461
0.5476956271203915
0.5655136986561992
0.5079623287905792
0.4561660959115213
0.4095494863203692
0.4807343912484408
0.45354384098175693
0.40718945688358127
0.45458146643301284
0.493346723076982
0.44301205076928385
0.49663430318971924
0.500323488827246
0.4492911399445214
0.40336202595006926
0.4710368706214633
0.4425942986982959
0.48079575815220155
0.4317161823369814
0.38754456410328325
0.3989257487846752
0.35803317390620765
0.4471913794391241
0.4014722414952117
0.45127568531795037
0.40514811678615537
0.4387750698396474
0.5040114485865387
0.4526103037278848
0.4982773200334051
0.47952052243035487
0.43056847018731936
0.4816811051378813
0.4325129946240932
0.5545111939605325
0.5419430996496691
0.5992939943850177
0.538364594946516
0.5796846258229628
0.5479008871183587
0.5824761993814814
0.5475925110832807
0.5649614926912703
0.5074653434221432
0.5529776636032911
0.496679897242962
0.548203529474891
0.595913313960722
0.6152941507876757
0.6703576038077793
0.6273128148023189
0.72196252047401
0.6573522279519467
0.6406177248770497
0.63415174335361
0.6757304547664927
0.630917438114429
0.6559999930446295
0.7258234406565444
0.7602974710201051
0.7999566622333385
0.8382183850297259
0.7916483361828812
0.7422140888548161
0.6669926799693345
0.7063837103034677
0.7701330548557391
0.8746526539283519
0.9236257585451176
0.8396678038094506
0.7547010234285055
0.678230921085655
0.7101016126557718
0.7078601745565278
0.6983522546573344
0.6695443413360643
0.7166518844401668
0.6936867595004199
0.7108244246211578
0.638741982159042
0.5738677839431378
0.515481005548824
0.5519983023499401
0.5707489535288874
0.676665343257195
0.7197962127879793
0.7777477192616086
0.8222865099957853
0.7597054595678656
0.7214585496533474
0.6483126946880127
0.6529016446829887
0.5866114802146899
0.6138974710736352
0.5515077239662717
0.517852934066864
0.5902375360619984
0.6211725465454608
0.6475796929123714
0.5818217236211343
0.5898382184695827
0.5919626437567875
0.5859593108046518
0.5263633797241867
0.472727041751768
0.52873833213408
0.5038824710696597
0.5534661641922277
0.6261966936462289
0.562577024281606
0.571320730942302
0.6134654744823276
0.6260587785862038
0.6519096979265249
0.6802754846204561
0.6649750093522332
0.5974775084170099
0.5367297575753089
0.48205678181777806
0.511938710208156
0.4996043090903644
0.5504633924498201
0.6115482945132851
0.5493934650619566
0.493454118555761
0.530887339524696
0.6296859131679428
0.5990555339704849
0.6293251181886811
0.6547095960679375
0.6628580143876417
0.6329723600491197
0.6802192612453815
0.7455329894929332
0.720660156657314
0.6475941409915826
0.6829633429527292
0.6136670086574563
0.6911454978826858
0.7630780456611042
0.6857702410949937
0.650880766810605
0.5847926901295445
0.5253134211165901
0.4717820790049311
0.45119691724156574
0.4363228520037547
0.41618042222148965
0.44236135160241874
0.490024921993574
0.4852466195292932
0.4963977185790188
0.5043877227337596
0.5018392294066811
0.5049578874895687
0.5591172370356565
0.5739538318628503
0.5155584486765653
0.5242087916475707
0.5283277323771903
0.5212391958000298
0.5656926807692275
0.577617892908203
0.5869130279484487
0.5272217251536039
0.6200027051928185
0.6392149155584743
0.6231775301817117
0.5744830030475423
0.6027346584397552
0.6072457854083104
0.6035508300876186
0.6116442342578582
0.614941671164811
0.55244750404833
0.5653883570027788
0.5722146978281435
0.5873916072039088
0.591374851692704
0.5824865319295193
0.6169926177864826
0.5956544091605857
0.6333716100564543
0.6070579580263009
0.56541412645972
0.507872713813748
0.5057081980584259
0.5623082351896154
0.5528502925189813
0.5529986119799669
0.5562207171610116
0.6374246717418824
0.6297625914931313
0.628637745139486
0.6223162860012086
0.6357464858813576
0.648058096780457
0.5822522871024113
0.581990440964081
0.5270026685021904
0.5901041204253579
0.5947837313628545
0.6026010324522248
0.613542695766444
0.6470889722448647
0.6040482600716457
0.5426434340644811
0.5693967408760244
0.5579931960200748
0.5011938764180673
0.49194505393067434
0.4417505485376069
0.5684003101694544
0.573442288635641
0.6048726884504965
0.6291596819361958
0.670368923738177
0.6586344695269671
0.6653704852670181
0.5978334367403163
0.5559685443905567
0.49937168995150105
0.44843452095635095
0.471424937837174
0.5578557379812981
0.5541055330601496
0.5658340286829475
0.5780360431284863
0.6261520497330763
0.6103627706613244
0.6428159316299374
0.7721785139701657
0.8399820057505349
0.9141653007170363
0.9403503794201268
0.9392972558645492
0.9336971093488434
0.9965501584924195
1.0270809298590564
0.9511785761825401
0.9174450581513236
0.8247005523361912
0.8748657708268899
0.786379193744201
0.7777313415641525
0.7641323706684432
0.6867191336015989
0.6788329230828919
0.6733872944925342
0.6050485650432808
0.5992900495661134
0.5383610446095021
0.5569755232699541
0.5002779709429588
0.4492501738486629
0.40332515646379663
0.361992640817417
0.37913226185483834
0.4038609875847894
0.4208887558836787
0.3777998802953108
0.3390198922657797
0.35048131240182595
0.31443318116164337
0.281989863045479
0.25279087674093115
0.22651178906683803
0.2821116765416983
0.3221741109689297
0.2889566998720367
0.2904520627230374
0.32530689114389655
0.2917762020295069
0.36676945446491155
0.4021804324344689
0.360962389191022
0.43551956520924284
0.5241486171663933
0.47073375544975393
0.48566190027822403
0.48209119218447966
0.5501154771161083
0.5221030306103337
