0.013763366421126822
0.011387029779014141
0.17541529294940347
0.22554146238686734
0.37985428345635774
0.4043495465915736
0.36291459193241626
0.5727165834106895
0.5144449250696206
0.46200043256265855
0.4148003893063927
0.3723203503757534
0.410114289332883
0.3681028603995947
0.33029257435963527
0.29626331692367175
0.2656369852313046
0.23807328670817413
0.2132659580373567
0.3237951084254564
0.29041559758291075
0.26037403782461965
0.3672312000886314
0.3295080800797683
0.29555727207179144
0.2650015448646123
0.41275768620276687
0.4861941255046841
0.5709270959219073
0.7629428126412208
0.7972121612544033
0.8128857280219531
0.8524727902301652
0.7662255112071487
0.6886029600864338
0.7258819668845187
0.6522937701960668
0.6817037372705155
0.612533363543464
0.6251115524542121
0.5664384640506934
0.7450592127142305
0.6695532914428074
0.6015979622985267
0.540438166068674
0.593218809500564
0.5328969285505076
0.6196024582169537
0.5870987840797551
0.5273889056717797
0.4736500151046017
0.5112522800467454
0.5716821446798559
0.5135139302118703
0.4611625371906833
0.45832296386073834
0.4114906674746645
0.39315786072919573
0.35284207465627615
0.345441264800456
0.40778173226883624
0.36600355904195264
0.3284032031377574
0.4575553729186551
0.5280794469587072
0.48923275317931686
0.5020370513633426
0.4508333462270084
0.45975968976169873
0.4127837207855289
0.370505348706976
0.39099909860557996
0.46012365483459416
0.4483148382793666
0.4024833544514299
0.4524583076593718
0.42411930277606713
0.38070737249846043
0.3416366352486144
0.30647297172375293
0.27482567455137763
0.24634310709623988
0.2207087963866159
0.1976379167479543
0.1768741250731589
0.3150236466975763
0.2825212820278187
0.37011564335391034
0.3886497888804141
0.42356537184022536
0.45847714948329915
0.41162943453496925
0.36946649108147234
0.4123458857334301
0.3701112971600871
0.3321001674440784
0.29789015069967056
0.3721501109429092
0.49047500567469465
0.44042750510722517
0.49744796207643893
0.549059003140338
0.49315310282630415
0.4428377925436737
0.49904921307633815
0.48949336257765397
0.5862909844037528
0.5589682379501347
0.6190594866139532
0.6855881064823577
0.645114985048242
0.6922100374380447
0.6219890336942402
0.5939847316502134
0.533586258485192
0.47922763263667284
0.5314991768670206
0.47734925918031856
0.4286143332622867
0.4706468510121286
0.5803063613770981
0.567420847703419
0.5096787629330771
0.45771088663976944
0.4109397979757925
0.36884581817821327
0.40850598945246297
0.5334223715517572
0.4790801343965815
0.43017212095692337
0.38615490886123105
0.34653941797510796
0.31088547617759715
0.27879692855983745
0.4201027024231314
0.3770924321808183
0.33838318896273645
0.5117936166797623
0.5317813637506764
0.4776032273756088
0.4288429046380479
0.49598443964200967
0.44538599567780873
0.5152822777728708
0.5198298467431385
0.5320954060613287
0.4778858654551958
0.4290972789096762
0.45198572721972735
0.4457741036374382
0.5525739385730283
0.49631654471572545
0.4456848902441529
0.6878874611580026
0.6895447888527243
0.6939788171145619
0.6235809354031057
0.6093579235072885
0.5474221311565596
0.7234187052612326
0.6763036965030766
0.607673326852769
0.5459059941674921
0.4903153947507429
0.6220071389877259
0.5588064250889533
0.5019257825800579
0.4709861487385979
0.4228875338647381
0.57667884710996
0.518010962398964
0.4652098661590677
0.45278777486032157
0.4065089973742894
0.39969099791886514
0.46353995446252805
0.6340966067835905
0.5696869461052314
0.5117182514947083
0.5044643483262342
0.4530179134936108
0.46979816085872816
0.42181834477285535
0.37863651029556983
0.33977285926601286
0.3047955733394116
0.27331601600547045
0.2449844144049234
0.3012960095334948
0.4256970656421139
0.42886383264131406
0.38497744937718265
0.4305082410097926
0.5108080087646811
0.45872720788821303
0.5082395337310489
0.45641558035794405
0.40977402232214966
0.3868385625982813
0.5716166117795998
0.5134549506016398
0.47587802896371917
0.5542906671968773
0.6298175384068434
0.5658357845661591
0.5082522061095432
0.45642698549858896
0.4097842869487301
0.3678058582538571
0.3300252724284714
0.29602274518562427
0.30725749791237233
0.44941303979227315
0.48557481041410955
0.48781731692943653
0.5608929056375117
0.5038036150737606
0.6820327319847754
0.6949895441962906
0.6244905897766615
0.5610415307989953
0.5468947373230232
0.49120526359072086
0.44108473723164876
0.3959762635084839
0.469358511928028
0.47715425137837375
0.42843882624053636
0.3845949436164827
0.472594362795678
0.5576564936471867
0.5008908442824681
0.44980175985422133
0.505959591162116
0.4543636320459044
0.407927268841314
0.37028582069195615
0.4633975023667911
0.41605775213011204
0.43609381615338705
0.3914844345380484
0.35133599108424357
0.31520239197581923
0.28268215277823733
0.4291604433848097
0.4855267231215428
0.43597405080938856
0.528085502182569
0.47427695196431213
0.6237029214642151
0.725724139568132
0.6675955036605543
0.7155341526386607
0.6429807373747947
0.62134025401045
0.558206228609405
0.5013856057484646
0.60289959269503
0.6879945780808034
0.717428244827082
0.6446854203443738
0.5792168783099364
0.5619385704620753
0.5918052868049315
0.6667957559252959
0.6741987356111596
0.6270803402898291
0.6176576719075257
0.6419958545285337
0.5767962690756804
0.5784391608156366
0.5689139183746365
0.6135742587810749
0.6249207971348785
0.5614287174213907
0.5042858456792516
0.4703239102662382
0.4316738785426529
0.3875064906883876
0.5082383563379199
0.5484052306086424
0.4925647075477782
0.4423082367930004
0.5048690818787516
0.4892512627243794
0.43932613645194146
0.44374144119716596
0.5766726524218129
0.6624944722285788
0.6641517222760854
0.7176649586675573
0.6448984628008015
0.5794086165207214
0.5204677548686493
0.5393992144068671
0.5230791952747261
0.5180502371774623
0.5081403132961444
0.5327298491875992
0.5300671312115038
0.6181578706734153
0.7068258119079622
0.7805058951519888
0.7014553056367899
0.6303097750731109
0.5662787975657998
0.5245127987181195
0.4710615188463076
0.42295536696167685
0.4539780672552417
0.4075802605297175
0.3658222344767458
0.4049537049769715
0.42588166265936095
0.38229349639342486
0.3671171919561943
0.35511115802918397
0.39629568420452266
0.3556661157840704
0.43354771923118146
0.3891929473080633
0.4657558894498471
0.4595939780041618
0.42531110167094144
0.5190595540811468
0.5759082013776265
0.5455830023276873
0.5896468721304415
0.5296821849173974
0.6364461883283319
0.6702794292584582
0.6022514863326124
0.5952451580570419
0.5994724918641317
0.5385252426777185
0.6835708779045729
0.6142137901141157
0.5517924111027042
0.5605804997814583
0.5035224498033125
0.47693704336399556
0.5436133834975259
0.5395909145378742
0.4846318230840868
0.47788331101781867
0.45324269862434924
0.45836783988567864
0.4517623247841673
0.40558609230575055
0.3640274830751755
0.32662473476765796
0.3098265252134797
0.29671658381762583
0.2660449254358633
0.2573350093299001
0.4080291000441133
0.4737934620237544
0.5408920362971272
0.48580283266741453
0.6240604421837072
0.5606543979653364
0.5035889581688028
0.5577081507862394
0.7120664718210811
0.656639227349321
0.6955879115045751
0.6390247363537616
0.5741222627183854
0.5157100364465469
0.5314033917098577
0.6391328150622567
0.6570314247023741
0.7516057563981696
0.6754451807583527
0.6069006626825174
0.8229628985743465
0.7396666087169118
0.7050268263342663
0.6335241437008396
0.6424748793248789
0.577227391392391
0.6992741672209335
0.6283467504988401
0.5645120754489561
0.729646801651632
0.6556821214864688
0.5891139093378219
0.6197857833954998
0.6553597014139183
0.5982813369630547
0.5374532032667493
0.4827078829400744
0.43343709464606694
0.4941185332060131
0.455330745692562
0.4087976711233058
0.47596406330204694
0.485259409189807
0.6085187841996214
0.5466669057796593
0.49100021520169335
0.440900193681524
0.4909845129492351
0.4408860616543116
0.39579745548888046
0.39269441065876265
0.3524249695928864
0.44208337792784247
0.5456895587775535
0.6306549038164198
0.5665894134347778
0.5089304720913
0.4909209908710392
0.44082889178393525
0.515890569089394
0.5072917698830901
0.5655435120721433
0.6226826555615461
0.6577265091410855
0.590953858226977
0.5308584724042793
0.4767726251638514
0.4280953626474662
0.4846310381881259
0.43516793436931334
0.44410857019090705
0.4138540327681306
0.4856206026920965
0.4360585424228869
0.3914526881805982
0.4125419240178435
0.41275353135845083
0.4717305067146227
0.5180735161487966
0.638874691419204
0.5739872222772837
0.6413338511133444
0.675818506521286
0.7053297325766898
0.6466605830154013
0.6453826576609267
0.579844391894834
0.6853638508394568
0.6158274657555112
0.5601581812945235
0.5770506377778476
0.5183455740000629
0.492166763433134
0.4419500870898206
0.44756502115451063
0.5240928679899571
0.5726983868216695
0.5144285481395026
0.4718032313090091
0.4332471215491866
0.41044137900373534
0.3683972411033618
0.45868242156271033
0.525570162660845
0.5968480468566002
0.5493451600043149
0.5709170203146532
0.5422594676496096
0.4870335208846487
0.4373301687961838
0.4696493026919601
0.4216843724227641
0.37851593518048765
0.3396643416624389
0.4463400197005696
0.4007060177305126
0.35963541595746135
0.4123892741289785
0.37015034671608066
0.4393812650746694
0.3944431385672025
0.3539988247104822
0.317598942239434
0.28483904801549065
0.3481448899179555
0.3574099143990999
0.47818432780821096
0.5275383283486041
0.5495234011753541
0.4935710610578187
0.5569869883802424
0.5573322156952144
0.5862551425100906
0.5266296282590816
0.5108243472052638
0.45874191248473745
0.5201995539049572
0.4795399303241788
0.5630201737476517
0.5719173605108057
0.5137256244597251
0.5745627703908832
0.5161064933517949
0.5333687298119086
0.5676340614820391

