-0.001
-0.0019000000000000002
-0.00271
0.16570843521289788
0.1481375916916081
0.13232383252244728
0.21819817685858606
0.19537835917272744
0.23803528583951655
0.37330418810855537
0.33497376929769984
0.3004763923679299
0.2694287531311369
0.24148587781802322
0.2163372900362209
0.1937035610325988
0.17333320492933893
0.15499988443640503
0.13849989599276452
0.12364990639348807
0.16745445730164474
0.14970901157148025
0.36841925618529336
0.43869809110966856
0.5902392555436348
0.5849636074838052
0.5254672467354247
0.47192052206188223
0.47838186518407166
0.595044613042241
0.5345401517380169
0.4800861365642153
0.6193997033024571
0.5564597329722114
0.6089523834355245
0.547057145091972
0.4913514305827748
0.5371801532488929
0.4824621379240036
0.5282850891419698
0.4744565802277728
0.7510899951987722
0.7205493743399565
0.6474944369059609
0.623067372993204
0.5597606356938837
0.5479293693005625
0.49213643237050625
0.6450207674145167
0.6017808981590402
0.6951391470323048
0.6246252323290744
0.6391689139845858
0.692274493229315
0.6220470439063835
0.5588423395157452
0.5019581055641708
0.45076229500775367
0.5154647612508321
0.4629182851257489
0.4647192133948679
0.6699052129084339
0.6019146916175905
0.5407232224558315
0.7059692217263615
0.6343722995537253
0.635327786891064
0.5707950082019576
0.5127155073817619
0.4604439566435857
0.427942782145661
0.5502154590472321
0.6753461702333277
0.6068115532099949
0.63363837702259
0.569274539320331
0.5113470853882979
0.5501662897228015
0.5422150050335289
0.48699350453017604
0.5715676342517514
0.5134108708265762
0.5913659687649615
0.5312293718884654
0.4771064346996189
0.4495524614048794
0.612247490428155
0.5500227413853395
0.5041267164582951
0.4527140448124656
0.406442640331219
0.45767686204753033
0.4448540302441247
0.3993686272197122
0.358431764497741
0.4112569964986482
0.36913129684878343
0.3312181671639051
0.2970963504475146
0.26638671540276315
0.23874804386248685
0.21387323947623818
0.19148591552861435
0.2738233624834162
0.2454410262350746
0.23709500649025073
0.3221332732747467
0.28891994594727205
0.25902795135254486
0.23212515621729038
0.37554064271317883
0.474135622682695
0.5195969732815651
0.6028027873162045
0.6439745114870306
0.5785770603383276
0.5197193543044948
0.4667474188740453
0.4190726769866408
0.3761654092879767
0.4261316775205116
0.4643243713871799
0.5218189417469075
0.4932909685223187
0.6350859238525278
0.5705773314672751
0.5987390093614365
0.5378651084252929
0.4830785975827636
0.5010233797576417
0.44992104178187753
0.470283719455886
0.4222553475102974
0.37902981275926767
0.3401268314833409
0.30511414833500683
0.3332056598464338
0.3999876780053267
0.5083438416121556
0.45650945745094007
0.4098585117058461
0.36787266053526146
0.33008539448173535
0.29607685503356185
0.4049654692660358
0.4843157325164892
0.5523580397999535
0.4961222358199581
0.4455100122379623
0.3999590110141661
0.5930710755464461
0.5856866446381469
0.6107850093400294
0.6132125366362023
0.5508912829725822
0.5685785274903794
0.5107206747413415
0.5177978820185599
0.5903147667361641
0.5302832900625477
0.6330575200295945
0.5687517680266351
0.6039731495257785
0.5425758345732007
0.5000644618471503
0.4696475965416338
0.45780182933267477
0.4110216463994073
0.3689194817594666
0.33102753358351994
0.47405729790301304
0.5197890712233949
0.4668101641010554
0.44006337947154633
0.3950570415243917
0.4456025583562096
0.5380497383603504
0.48324476452431536
0.4339202880718838
0.3895282592646954
0.3495754333382259
0.3966308414707114
0.3559677573236403
0.49179973505893826
0.5449948047049399
0.6150434783964784
0.7490721492678212
0.6993968991697845
0.844346940808933
0.7589122467280397
0.7718102550238704
0.9018746109895137
1.078244336810759
0.9694199031296832
0.8714779128167148
0.7833301215350433
0.7218602925500738
0.6486742632950664
0.7218363336113579
0.6486527002502221
0.5827874302252
0.52350868720268
0.6600764579538894
0.6759612514930398
0.7334411094061527
0.6590969984655375
0.7661056673337362
0.734521941838747
0.6600697476548723
0.593062772889385
0.5327564956004466
0.5180577216784875
0.46525194951063875
0.5129396497862447
0.46064568480762025
0.41358111632685823
0.4606925749437233
0.5243854823789883
0.6508865595868005
0.5847979036281205
0.6448621776464736
0.5793759598818262
0.5696301691790466
0.560711452301849
0.5400075457581011
0.48500679118229095
0.6010805761605711
0.6358040517901616
0.5956200141004274
0.5350580126903847
0.4805522114213462
0.6917109869068903
0.7131011178679483
0.7364298285865358
0.6825834995638522
0.613325149607467
0.6195305447963894
0.5565774903167504
0.49991974128507544
0.6528244338708196
0.675660063723822
0.6070940573514398
0.5453846516162959
0.4898461864546663
0.5534753030205992
0.653655202958237
0.5872896826624133
0.6166425807286781
0.5539783226558103
0.6040644504672402
0.6746980886239625
0.6694493342354343
0.6015044008118908
0.690510488099391
0.7300294906225032
0.6560265415602529
0.7250575936016098
0.7236951185658351
0.8392187239288318
0.8407256150145259
0.7556530535130733
0.679087748161766
0.6908773714304417
0.7531903117399389
0.7912694215593812
0.7111424794034431
0.6621252282600074
0.5949127054340067
0.572444429474839
0.5141999865273551
0.5984326225039696
0.5732213046229829
0.6300763298829952
0.5660686968946957
0.5084618272052261
0.6069086106153243
0.5452177495537919
0.4896959745984127
0.5079799195586452
0.5552502529720953
0.5730725370783358
0.5147652833705023
0.5948175784473626
0.5343358206026264
0.6215894345437307
0.5584304910893577
0.5015874419804219
0.5212496755797269
0.5327651909699893
0.4784886718729904
0.42963980468569135
0.3856758242171222
0.34610824179541
0.310497417615869
0.3851386854589076
0.3456248169130169
0.3100623352217152
0.2780561016995437
0.3689082841510174
0.3310174557359157
0.2969157101623241
0.3525702740049426
0.40097263451306964
0.39112109878040024
0.3510089889023602
0.3149080900121242
0.35367147232327273
0.31730432509094547
0.28457389258185095
0.25511650332366587
0.2286048529912993
0.20474436769216936
0.27860341086891827
0.24974306978202643
0.2237687628038238
0.29890612261174354
0.35753541824435814
0.4291378567830704
0.44000498004505534
0.39500448204054983
0.4311738595061632
0.5220915083834553
0.5528840788676184
0.49659567098085655
0.4459361038827709
0.4823854003155046
0.5457056425768884
0.49013507831919956
0.4548713303586009
0.6551878471963194
0.617919876882092
0.6600318845306673
0.6479686712996913
0.5821718041697221
0.6254534758771039
0.5619081282893935
0.5047173154604542
0.5653772398381901
0.6230678818390738
0.6582223406418701
0.7892492279527215
0.7093243051574494
0.7133189430061436
0.7633731030582023
0.7233418415511215
0.7040984745596163
0.7368236009779638
0.7428314983758786
0.682680752205828
0.6134126769852453
0.6411757042751723
0.5760581338476551
0.5174523204628897
0.5064548161885445
0.45480933456969
0.4286469590994929
0.4780645090454858
0.5111292640603776
0.5308840735887383
0.4767956662298645
0.5436862588208664
0.4883176329387798
0.6096716071613892
0.6545763643669754
0.6788023401095874
0.6099221060986286
0.6320225605000498
0.7024830448559284
0.6511664305530063
0.6459228212536121
0.5803305391282509
0.63118867753368
0.7190294708230727
0.6461265237407654
0.6813000526948251
0.6121700474253425
0.6704535228970545
0.6024081706073491
0.5411673535466142
0.4860506181919528
0.5511693823415226
0.5361983891982492
0.5911427268375749
0.5310284541538174
0.4913742739218686
0.5663455713249687
0.6250231481965224
0.6881295514764278
0.6183165963287851
0.6730067546565659
0.624795378844182
0.5613158409597638
0.5041842568637874
0.4527658311774087
0.543069525070257
0.5449578052007875
0.6348941902542597
0.6728861321738868
0.7363328538138045
0.7413881175230785
0.7803646915996583
0.8393293717571247
0.8667631371370136
0.9127554282616925
0.9341045236487129
0.8396940712838417
0.7547246641554575
0.6782521977399117
0.6094269779659206
0.6412980825237717
0.5761682742713946
0.6315368964213361
0.5673832067792025
0.5984338203320896
0.6361098905906277
0.6649500343433064
0.6991259803002182
0.7891522903510275
0.7092370613159248
0.6373133551843323
0.5725820196658991
0.5143238176993091
0.4618914359293782
0.5214316442515716
0.5756403056148658
0.5777226893209677
0.5937427672578167
0.5333684905320351
0.5787743791518578
0.5198969412366721
0.46690724711300485
0.5270254697562088
0.4733229227805879
0.5127373923518977
0.460463653116708
0.5166185823018765
0.5239582941250216
0.6112291989134291
0.5491062790220862
0.49319565111987757
0.5727734700105807
0.5144961230095226
0.4620465107085704
0.472655099745937
0.5709948181354386
0.6501329860330114
0.5841196874297103
0.6223544274856037
0.5591189847370434
0.6514998634452607
0.6212247954571124
0.6068409846261096
0.5451568861634987
0.4896411975471488
0.5204020295624583
0.46736182660621245
0.4196256439455912
0.49416526879490197
0.4437487419154118
0.5729717073567042
0.6085121224311719
0.5466609101880547
0.49099481916924925
0.5938226188068028
0.577192584562892
0.5184733261066028
0.5374034457725845
0.482663101195326
0.5273451148843112
0.5436463994766111
0.576700512259134
0.5180304610332206
0.5072481036720361
0.5247018083715148
0.4712316275343633
0.423108464780927
0.4821003095952529
0.4328902786357276
0.38860125077215485
0.4845225868422315
0.5176879912850416
0.5191656143297625
0.5578815535315924
0.6023786632633397
0.7095648363248548
0.6376083526923694
0.5728475174231324
0.5145627656808193
0.46210648911273733
0.4148958402014636
0.4812586694032353
0.5437177981635342
0.4883460183471808
0.4385114165124627
0.4680746142684445
0.5545517140961536
0.4980965426865382
0.4472868884178844
0.4697674083231769
0.568873049373668