Makespan cost algorithm alphavalue
6.491503786597468 560.1839547210554 DeepWS 0.2
6.178084102880433 588.5079650557312 DeepWS 0.2
6.563374451135484 651.4517248908747 DeepWS 0.2
5.174887847856134 523.266894622349 DeepWS 0.2
5.814311876182399 557.6776467091862 DeepWS 0.2
5.1309633833693615 567.6595762528056 DeepWS 0.2
5.891948197259956 497.91256924695995 DeepWS 0.2
4.962054673350023 475.99071692408774 DeepWS 0.2
6.1180829511997805 515.0828640694374 DeepWS 0.2
6.255524427372599 538.284210367531 DeepWS 0.2
5.178329625292173 525.6360869449499 DeepWS 0.2
5.890573419881608 512.9843665328181 DeepWS 0.2
5.7871976998759 592.7398472601569 DeepWS 0.2
5.4208255816302 545.6542323311571 DeepWS 0.2
4.92241242733796 466.1912920764872 DeepWS 0.2
4.744760098988145 546.5207154343286 DeepWS 0.2
6.249981536976704 557.1638642043138 DeepWS 0.2
6.099993865864837 581.8543828361193 DeepWS 0.2
6.23740838754354 535.8516638598321 DeepWS 0.2
5.156140680402964 472.6364303486299 DeepWS 0.2
5.890060159243998 602.2500320686003 DeepWS 0.2
5.77721058755133 517.8451651429833 DeepWS 0.2
6.238149442372969 593.7980137088161 DeepWS 0.2
7.375686552089368 527.4753512929298 DeepWS 0.2
5.695713925121995 531.0450492942127 DeepWS 0.2
5.293019224784581 539.3288265902668 DeepWS 0.2
6.005643782655239 498.55868135044267 DeepWS 0.2
7.146234385600039 502.9715959636149 DeepWS 0.2
5.780407802691147 534.361980261574 DeepWS 0.2
5.920400583820753 523.790890551531 DeepWS 0.2
5.475110774717997 519.3377843575574 DeepWS 0.2
7.194520000088767 559.1512906158497 DeepWS 0.2
5.270768193011804 523.104371779976 DeepWS 0.2
5.943225256735246 543.002965998113 DeepWS 0.2
5.118177516963785 521.7237003413952 DeepWS 0.2
6.414994713654223 551.5925945744274 DeepWS 0.2
5.998336403530332 579.9563497623468 DeepWS 0.2
4.6967393489183 472.4415826060254 DeepWS 0.2
6.584815740454508 588.0766341035479 DeepWS 0.2
5.554205529080622 548.6615659262019 DeepWS 0.2
6.437606718717764 519.8341676033737 DeepWS 0.2
6.203862695571782 577.9011647260804 DeepWS 0.2
5.67544615282775 530.7397650951788 DeepWS 0.2
5.729864304527047 521.1535764036992 DeepWS 0.2
5.85402517861296 545.9332410206397 DeepWS 0.2
6.160213766276135 515.6977680135118 DeepWS 0.2
5.258611799993652 501.4717831455248 DeepWS 0.2
5.4487948172736065 536.2038838812849 DeepWS 0.2
6.237997777027375 595.0771027230637 DeepWS 0.2
5.967135057945252 610.2032370635349 DeepWS 0.2
5.785770091881633 599.061324444686 DeepWS 0.2
6.895927163999334 557.5874776658087 DeepWS 0.2
5.7590379576759 584.3958922263154 DeepWS 0.2
6.839763113914437 547.9340873022164 DeepWS 0.2
6.878278301361755 540.6059692062022 DeepWS 0.2
6.583865360808451 572.4705605378234 DeepWS 0.2
5.133042450804385 548.9324544201606 DeepWS 0.2
6.789831674423105 600.1114486603135 DeepWS 0.2
6.4057433751380675 522.8683436155568 DeepWS 0.2
5.495944689973359 582.8330404372225 DeepWS 0.2
6.134934060902717 525.3444272139333 DeepWS 0.2
7.064831705674907 524.4933753822827 DeepWS 0.2
5.001392705614375 569.4600736758437 DeepWS 0.2
5.074986153387255 504.69554528389995 DeepWS 0.2
6.45311854718271 523.9702986648056 DeepWS 0.2
6.27641408802133 530.597749878393 DeepWS 0.2
6.393551528008782 617.7119448679665 DeepWS 0.2
6.077055278167224 593.0867891904102 DeepWS 0.2
5.306458637665431 541.653258048867 DeepWS 0.2
5.317325687944227 569.2637181082783 DeepWS 0.2
7.62468187441018 514.4711207693315 DeepWS 0.2
5.035874473409553 534.28758037048 DeepWS 0.2
5.896617963051336 624.4947217438594 DeepWS 0.2
5.686253723352888 571.4402234335311 DeepWS 0.2
8.421936120085554 528.0063184181661 DeepWS 0.2
5.140550194704444 495.87511113084355 DeepWS 0.2
6.440409594930704 526.2512723340031 DeepWS 0.2
6.155005143253079 530.7715623451708 DeepWS 0.2
6.086255388084383 608.0306509856738 DeepWS 0.2
5.886136330422502 520.155692442555 DeepWS 0.2
6.062640231498142 597.0264316746933 DeepWS 0.2
4.619558951144681 549.3675147063668 DeepWS 0.2
6.212956885129606 601.255919066693 DeepWS 0.2
5.70571383903779 550.4791749537004 DeepWS 0.2
5.785215706346805 510.95184808538534 DeepWS 0.2
5.48938197278652 535.9984680578315 DeepWS 0.2
4.136911767477503 448.2067170226228 DeepWS 0.2
6.366758400826754 570.512175715052 DeepWS 0.2
5.848306227125088 595.5281214337804 DeepWS 0.2
5.653103328515066 566.7429320238881 DeepWS 0.2
5.314466005450896 519.5255272120841 DeepWS 0.2
5.322574860889882 593.5954966572324 DeepWS 0.2
6.290187789156285 563.4803682921787 DeepWS 0.2
5.433516177533526 505.64692097738197 DeepWS 0.2
6.761086663203686 563.3796358667711 DeepWS 0.2
5.496289944366279 566.9433085563321 DeepWS 0.2
5.414732286053786 505.7200988763578 DeepWS 0.2
4.702649650249021 523.857160844734 DeepWS 0.2
6.167806008480911 573.2434957441218 DeepWS 0.2
6.289974775138032 541.019607363377 DeepWS 0.2
20.143685350948534 493.21640088990586 SCS 0.2
17.96669838538275 485.56672377023426 SCS 0.2
21.499464325438794 586.0812176671004 SCS 0.2
20.156100349908517 501.25048924855554 SCS 0.2
19.240178777739672 560.1184655479562 SCS 0.2
18.95529215530329 506.82692763900724 SCS 0.2
20.914082633091454 456.96193101075016 SCS 0.2
19.442810965511935 415.2114876428475 SCS 0.2
22.564129367386933 472.61706001658877 SCS 0.2
24.87882233265953 520.6015800741768 SCS 0.2
16.63289263360966 482.2792473069165 SCS 0.2
20.188105042871427 481.6812293547779 SCS 0.2
22.815501186833462 548.7886817506005 SCS 0.2
17.301013400245473 485.54839162162375 SCS 0.2
16.019945995958366 402.09859252758764 SCS 0.2
16.513943967907903 466.35801651029686 SCS 0.2
21.63171373600753 527.1267809918853 SCS 0.2
21.92342689621165 508.09016571833524 SCS 0.2
19.64505630906257 471.3215073449891 SCS 0.2
21.59868089641394 476.21095632145216 SCS 0.2
19.230543892824087 579.5102076754579 SCS 0.2
17.6610725486663 484.1995095136855 SCS 0.2
19.2788874062155 531.7194419483723 SCS 0.2
20.83385603788285 424.2669843225099 SCS 0.2
20.97752011232442 520.909128180248 SCS 0.2
23.587199198953414 510.4588272827796 SCS 0.2
20.82394776645033 457.7364401630015 SCS 0.2
23.955387070346546 497.000236257475 SCS 0.2
17.50564491474539 506.46376713756183 SCS 0.2
20.113562553716175 502.7539677056522 SCS 0.2
18.15107225120544 456.2383249321565 SCS 0.2
20.26305898148853 478.1868904222548 SCS 0.2
18.443646861058543 454.15890403111007 SCS 0.2
17.03507447181735 440.84957323700274 SCS 0.2
13.446280435964725 481.28423224831573 SCS 0.2
19.73905153324284 519.4555919621305 SCS 0.2
22.725760346007007 544.3236971417434 SCS 0.2
13.502511859030767 422.6230526969355 SCS 0.2
22.012473399245174 528.7342619340167 SCS 0.2
19.78845831712316 518.5428722413909 SCS 0.2
22.41303444794461 479.59769698455125 SCS 0.2
22.062651796122065 523.4071474244101 SCS 0.2
20.14129048196257 516.655009372543 SCS 0.2
20.310285298216765 455.0334295195394 SCS 0.2
19.295661610361307 483.84114819811623 SCS 0.2
20.5846774169604 478.24469486922357 SCS 0.2
18.384303856073902 446.7706589078637 SCS 0.2
19.914918449720734 522.5389771711319 SCS 0.2
21.026275877371926 527.856456818578 SCS 0.2
21.255697639299623 568.6529210392174 SCS 0.2
20.252343780562086 563.329005120739 SCS 0.2
19.805331483099575 502.5857306394489 SCS 0.2
19.061092079016426 546.9276474668836 SCS 0.2
16.321153550122645 511.87119702136806 SCS 0.2
17.21189682067942 473.54055688497994 SCS 0.2
22.493215620197887 499.49197927241215 SCS 0.2
18.21141098726163 483.8434179060422 SCS 0.2
23.90679546761093 550.5548404990269 SCS 0.2
19.112787549496243 470.5591407629324 SCS 0.2
19.799841215532812 574.9333561650409 SCS 0.2
22.87106642052734 462.1814291007039 SCS 0.2
20.15621265046537 495.00293313215934 SCS 0.2
17.18346838968576 529.8106430316443 SCS 0.2
18.935438772189762 440.31373653758556 SCS 0.2
21.088952878299825 466.09713088822417 SCS 0.2
20.477022557593006 498.5643989849952 SCS 0.2
21.733424755041018 581.3192858569071 SCS 0.2
20.649817396921748 515.4439494090482 SCS 0.2
21.081727583878436 508.6362979243215 SCS 0.2
20.088784676255017 543.0116677283312 SCS 0.2
16.921578718369673 462.0260998788174 SCS 0.2
19.510866424497156 525.0112812458253 SCS 0.2
17.487547428282856 531.6450404570301 SCS 0.2
19.3268934789354 569.8390469491935 SCS 0.2
19.921786536266367 517.974452574323 SCS 0.2
18.908250242889498 466.37663888968456 SCS 0.2
22.69595776277461 489.0229119792125 SCS 0.2
22.97045741366837 490.09444501383234 SCS 0.2
21.227522806359353 572.8591379048847 SCS 0.2
18.51885457882603 480.42750906122234 SCS 0.2
24.715924019505096 557.3224926986884 SCS 0.2
16.569061952497236 484.058200696479 SCS 0.2
23.20783766570591 579.019245231047 SCS 0.2
21.36031128973703 521.2221491814635 SCS 0.2
20.51060689623133 455.8552967380254 SCS 0.2
17.797294714371976 501.1360953657577 SCS 0.2
14.614122143794024 420.42904824283335 SCS 0.2
25.155638023858913 529.7503729312192 SCS 0.2
18.80972123601497 529.4037173859508 SCS 0.2
16.090668578084642 486.77974844557815 SCS 0.2
17.297213381719693 478.80643564355717 SCS 0.2
19.164170281112458 556.865990931645 SCS 0.2
21.004628633458918 535.9233937488905 SCS 0.2
18.90152020281523 409.5376744927467 SCS 0.2
17.31877577121173 542.9759409877804 SCS 0.2
19.835645809435917 554.9447263223161 SCS 0.2
16.985986539138853 447.4309240671574 SCS 0.2
17.20339104264668 481.2283666808428 SCS 0.2
20.551879592157363 544.7284524170484 SCS 0.2
22.87980161228532 495.82916393251617 SCS 0.2
43.05284869708643 441.3503607193412 PSO 0.2
52.15397355199851 460.0205878607905 PSO 0.2
34.88353638578193 530.4700305575752 PSO 0.2
40.016276096114495 425.80403026580416 PSO 0.2
50.93478703921072 470.7073094893914 PSO 0.2
38.393628648969695 445.3859236526262 PSO 0.2
46.177735061395175 392.6626438026463 PSO 0.2
41.87267177637123 370.3284398399431 PSO 0.2
39.73809726387652 410.8910723919686 PSO 0.2
50.322260125139124 431.3134076065962 PSO 0.2
36.49876382830255 441.4086499265334 PSO 0.2
49.432284682756226 406.0547326425961 PSO 0.2
64.07282601120252 495.559214381449 PSO 0.2
45.74110219440659 423.7971008601205 PSO 0.2
36.42818087305965 365.14173382156923 PSO 0.2
36.286966309869 451.1210684507573 PSO 0.2
51.521513305544225 440.8112322221533 PSO 0.2
39.35221436142058 482.0064098428569 PSO 0.2
33.1376047168916 421.14566680128996 PSO 0.2
31.394981716804303 395.6034330771128 PSO 0.2
28.29837057379731 513.3303640379061 PSO 0.2
26.692694199865237 434.48180572911576 PSO 0.2
36.340395940097835 482.95340663785186 PSO 0.2
54.84902899857177 420.30667690759594 PSO 0.2
33.05196926343726 447.17096889667727 PSO 0.2
39.04352901433322 416.20097666573344 PSO 0.2
31.000849009576463 406.41059162855123 PSO 0.2
44.346978640715264 420.366039171932 PSO 0.2
33.66681931863178 432.58936420207567 PSO 0.2
44.50323645992688 414.8403958489942 PSO 0.2
36.13311694403655 431.41096941399564 PSO 0.2
32.40700561820397 446.6354023557364 PSO 0.2
27.29938961074975 448.99951909473293 PSO 0.2
31.90696904714514 441.22697704475183 PSO 0.2
32.192443180229866 423.0499367375858 PSO 0.2
32.38089510029308 426.6125365880442 PSO 0.2
32.91624171349291 465.4444315355965 PSO 0.2
25.74298268858173 384.3560225147524 PSO 0.2
58.09631422449188 462.7115967375946 PSO 0.2
42.929925542962415 453.9524615340979 PSO 0.2
43.101131806829066 407.4244071025312 PSO 0.2
41.69991159630214 486.30872873485987 PSO 0.2
35.834484813994365 463.03714954097916 PSO 0.2
34.95825118723424 435.2190770148753 PSO 0.2
29.04490631729982 437.23211890653033 PSO 0.2
49.01710060303721 434.50773187258096 PSO 0.2
39.467508878447205 378.549334652104 PSO 0.2
37.878600633135896 457.53134921556085 PSO 0.2
41.93206886854255 499.06242766654805 PSO 0.2
38.851895666914785 480.5982060931185 PSO 0.2
34.59651231084162 481.4043253967618 PSO 0.2
52.49385953577798 446.5451612317096 PSO 0.2
41.030058533713856 464.85091163404724 PSO 0.2
32.1642148257148 481.2270724777966 PSO 0.2
35.446494706189085 442.98480263648855 PSO 0.2
56.81578366280933 449.6556786270216 PSO 0.2
34.63991886608996 436.7926744865513 PSO 0.2
41.1324106753546 490.85400059970726 PSO 0.2
48.43655541698668 414.938450254462 PSO 0.2
46.04498842980596 509.7197546114903 PSO 0.2
56.552423101928674 388.39357263366657 PSO 0.2
35.345904973296875 428.1004594640403 PSO 0.2
31.22704256232314 466.3054960607828 PSO 0.2
34.125006690063785 403.5332389680524 PSO 0.2
41.31861738658375 435.6243279525508 PSO 0.2
40.319925861429496 438.36167901251474 PSO 0.2
30.86568555627727 514.2728197846445 PSO 0.2
59.241223646605995 495.309898146255 PSO 0.2
34.30772968727945 436.1315793153461 PSO 0.2
34.10897676283148 452.23219345272014 PSO 0.2
33.19678783958457 412.1653423237185 PSO 0.2
37.48033493633861 443.6098907698508 PSO 0.2
45.837430985051554 495.7678076104217 PSO 0.2
36.48070255059432 479.70437961486385 PSO 0.2
35.91418866996442 437.9599889323017 PSO 0.2
35.598348444622985 412.86311388420756 PSO 0.2
38.84179700395877 451.15751842124837 PSO 0.2
49.3810124014746 431.0471615937668 PSO 0.2
47.26571734757469 482.66050564013767 PSO 0.2
51.84392280035022 425.2976182807861 PSO 0.2
36.8415333533591 471.8982029249441 PSO 0.2
39.46568343899576 448.7203819506716 PSO 0.2
41.124037944057804 513.1511431269945 PSO 0.2
34.48297969904144 450.8525469185483 PSO 0.2
55.04114191224631 439.6730946193342 PSO 0.2
34.336933444261454 404.0156248702843 PSO 0.2
33.50315519367369 366.7064425304734 PSO 0.2
48.59896207879276 427.6329629471529 PSO 0.2
57.16936846397901 475.5969291336107 PSO 0.2
40.32628423095281 459.80596713711896 PSO 0.2
52.74168437898465 421.61113136341805 PSO 0.2
32.31104581479087 477.91471959278016 PSO 0.2
29.59899653636896 466.7432993510323 PSO 0.2
34.76612661199249 408.9447461143078 PSO 0.2
37.154338374256604 470.0788948075423 PSO 0.2
44.64415741255608 457.7202623282225 PSO 0.2
59.12203817211124 391.9397186099498 PSO 0.2
33.65970356623283 402.8390161252272 PSO 0.2
55.46658799404199 477.75270942482695 PSO 0.2
33.20135352620571 447.86295667178285 PSO 0.2
19.900000000000013 531.6000000000016 ICPCP 0.2
13.499999999999968 575.9999999999998 ICPCP 0.2
14.499999999999964 641.400000000008 ICPCP 0.2
23.30000000000006 519.5000000000063 ICPCP 0.2
11.099999999999977 547.1999999999998 ICPCP 0.2
19.60000000000001 539.5000000000047 ICPCP 0.2
12.599999999999971 508.70000000000283 ICPCP 0.2
18.099999999999987 437.3000000000074 ICPCP 0.2
13.799999999999967 496.9999999999972 ICPCP 0.2
20.200000000000017 518.9000000000062 ICPCP 0.2
20.100000000000016 511.300000000004 ICPCP 0.2
14.499999999999964 484.5999999999956 ICPCP 0.2
16.89999999999997 587.1000000000073 ICPCP 0.2
12.399999999999972 523.4000000000044 ICPCP 0.2
19.0 428.9000000000014 ICPCP 0.2
18.799999999999997 528.9000000000025 ICPCP 0.2
13.499999999999968 562.0000000000053 ICPCP 0.2
22.100000000000044 562.7000000000036 ICPCP 0.2
13.699999999999967 517.1999999999975 ICPCP 0.2
22.200000000000045 454.20000000000834 ICPCP 0.2
12.399999999999972 580.6000000000039 ICPCP 0.2
12.79999999999997 505.9999999999989 ICPCP 0.2
21.70000000000004 558.8000000000008 ICPCP 0.2
20.100000000000016 491.5000000000094 ICPCP 0.2
11.999999999999973 519.5999999999988 ICPCP 0.2
8.999999999999984 517.1999999999978 ICPCP 0.2
15.69999999999996 469.5999999999981 ICPCP 0.2
8.699999999999985 518.800000000001 ICPCP 0.2
24.900000000000084 504.8000000000052 ICPCP 0.2
21.10000000000003 504.5000000000025 ICPCP 0.2
12.099999999999973 506.0999999999995 ICPCP 0.2
22.000000000000043 536.1000000000026 ICPCP 0.2
14.999999999999963 518.100000000004 ICPCP 0.2
11.599999999999975 523.1000000000014 ICPCP 0.2
11.699999999999974 488.3999999999974 ICPCP 0.2
21.400000000000034 529.1000000000017 ICPCP 0.2
21.400000000000034 566.700000000007 ICPCP 0.2
19.200000000000003 450.7000000000011 ICPCP 0.2
13.699999999999967 568.5000000000017 ICPCP 0.2
22.000000000000043 539.400000000004 ICPCP 0.2
21.400000000000034 482.90000000000924 ICPCP 0.2
14.499999999999964 550.9999999999998 ICPCP 0.2
19.400000000000006 513.4000000000046 ICPCP 0.2
21.600000000000037 518.5000000000051 ICPCP 0.2
19.300000000000004 530.8000000000078 ICPCP 0.2
22.40000000000005 499.20000000000374 ICPCP 0.2
12.299999999999972 480.20000000000124 ICPCP 0.2
8.199999999999987 551.6000000000029 ICPCP 0.2
14.899999999999963 618.0000000000074 ICPCP 0.2
24.900000000000084 586.0000000000098 ICPCP 0.2
13.09999999999997 545.6000000000035 ICPCP 0.2
19.80000000000001 562.000000000004 ICPCP 0.2
11.799999999999974 549.3000000000042 ICPCP 0.2
19.80000000000001 565.1000000000096 ICPCP 0.2
12.499999999999972 525.5999999999976 ICPCP 0.2
12.89999999999997 549.6000000000006 ICPCP 0.2
19.60000000000001 566.1000000000078 ICPCP 0.2
21.500000000000036 578.0000000000045 ICPCP 0.2
19.300000000000004 517.6000000000013 ICPCP 0.2
13.299999999999969 589.0000000000025 ICPCP 0.2
13.199999999999969 513.8000000000008 ICPCP 0.2
12.299999999999972 505.0 ICPCP 0.2
12.199999999999973 592.6000000000071 ICPCP 0.2
11.999999999999973 510.4000000000005 ICPCP 0.2
22.000000000000043 504.100000000008 ICPCP 0.2
24.400000000000077 497.6000000000065 ICPCP 0.2
22.100000000000044 584.1000000000088 ICPCP 0.2
19.200000000000003 574.4000000000018 ICPCP 0.2
12.69999999999997 531.9999999999966 ICPCP 0.2
20.100000000000016 546.3000000000038 ICPCP 0.2
13.999999999999966 472.19999999999936 ICPCP 0.2
19.70000000000001 514.0000000000052 ICPCP 0.2
12.199999999999973 595.0000000000084 ICPCP 0.2
13.299999999999969 569.7999999999973 ICPCP 0.2
21.10000000000003 492.50000000000443 ICPCP 0.2
10.799999999999978 493.90000000000026 ICPCP 0.2
14.599999999999964 498.9000000000006 ICPCP 0.2
14.599999999999964 553.0000000000038 ICPCP 0.2
15.099999999999962 592.200000000007 ICPCP 0.2
10.499999999999979 483.7999999999998 ICPCP 0.2
12.69999999999997 586.0000000000043 ICPCP 0.2
8.699999999999985 556.0000000000001 ICPCP 0.2
11.899999999999974 594.8000000000064 ICPCP 0.2
19.0 525.1000000000053 ICPCP 0.2
22.40000000000005 478.40000000000987 ICPCP 0.2
13.399999999999968 531.7999999999989 ICPCP 0.2
7.39999999999999 446.0999999999994 ICPCP 0.2
20.40000000000002 556.6000000000063 ICPCP 0.2
21.20000000000003 574.8000000000028 ICPCP 0.2
13.899999999999967 534.5999999999995 ICPCP 0.2
12.599999999999971 513.5999999999988 ICPCP 0.2
11.699999999999974 572.4000000000028 ICPCP 0.2
13.299999999999969 557.4000000000037 ICPCP 0.2
9.99999999999998 495.50000000000176 ICPCP 0.2
13.799999999999967 562.3000000000084 ICPCP 0.2
12.099999999999973 549.2000000000005 ICPCP 0.2
14.799999999999963 500.0000000000032 ICPCP 0.2
16.699999999999967 496.80000000000143 ICPCP 0.2
20.800000000000026 554.1000000000045 ICPCP 0.2
19.60000000000001 510.0 ICPCP 0.2
18.086534148494486 417.367645663349 DeepWS 0.4
20.060983781742056 380.19278749817397 DeepWS 0.4
19.942523052850355 446.2006891482898 DeepWS 0.4
19.0210625395303 513.4430260774772 DeepWS 0.4
20.907868653900376 364.3942212036906 DeepWS 0.4
18.265387009565025 430.18639620294124 DeepWS 0.4
23.652600176398185 398.85442444449745 DeepWS 0.4
20.006861071807432 414.76873294892636 DeepWS 0.4
24.107281208670827 452.01859293670384 DeepWS 0.4
22.785053792769126 409.66552898628 DeepWS 0.4
22.264141498556526 424.9612245944498 DeepWS 0.4
23.868119056820966 450.9957303328353 DeepWS 0.4
20.19397493448792 427.3658411407316 DeepWS 0.4
23.810850582233574 449.6535481253032 DeepWS 0.4
19.606512291495797 441.61682261551204 DeepWS 0.4
24.6592521984737 472.1069808013517 DeepWS 0.4
19.691608258373684 383.3749712612341 DeepWS 0.4
21.254383507926125 459.29425007023207 DeepWS 0.4
22.249010826429807 454.37116168508584 DeepWS 0.4
23.82887045886194 460.07974492414155 DeepWS 0.4
25.85983696768694 473.332672882286 DeepWS 0.4
25.35887344758749 463.4254952129594 DeepWS 0.4
20.652304415676078 436.06661489479177 DeepWS 0.4
26.243588035709955 419.15486968529706 DeepWS 0.4
23.286776262546624 452.80476398966493 DeepWS 0.4
19.365560099963293 427.78909631113027 DeepWS 0.4
19.75219289089547 397.70816878510146 DeepWS 0.4
19.641240813245542 451.43995777200587 DeepWS 0.4
22.292004303840407 494.1481648712389 DeepWS 0.4
23.29273688587152 398.33871000948653 DeepWS 0.4
22.39010609929034 456.7222081596374 DeepWS 0.4
23.36263769254824 442.0142674865635 DeepWS 0.4
25.355958294833304 437.8993988124129 DeepWS 0.4
17.570225036635023 464.98481211758286 DeepWS 0.4
20.525952576683938 464.4464108003494 DeepWS 0.4
25.15391933859442 462.9631297500225 DeepWS 0.4
21.87806551186847 437.6151326756048 DeepWS 0.4
20.52872805547389 440.2385934577449 DeepWS 0.4
23.035717654984218 412.19418552486275 DeepWS 0.4
24.133386735007296 485.6647932829955 DeepWS 0.4
23.71439049367955 505.1133635359756 DeepWS 0.4
20.633009544666113 456.7327479903402 DeepWS 0.4
18.760082979532175 388.13291981718663 DeepWS 0.4
23.530902942153677 438.00348191108554 DeepWS 0.4
25.464493018447993 477.29324942006554 DeepWS 0.4
21.714200873155917 452.22311511319657 DeepWS 0.4
23.60225025893072 463.2502606226361 DeepWS 0.4
26.381708860151427 475.98632540523136 DeepWS 0.4
24.309116815114233 428.07599372969275 DeepWS 0.4
23.879039611518383 462.8453621162562 DeepWS 0.4
21.624449919025317 423.40688508721587 DeepWS 0.4
22.844149804095085 477.3203463729712 DeepWS 0.4
20.564600013048143 412.8770227616147 DeepWS 0.4
25.739589367189986 480.6940999386161 DeepWS 0.4
24.964568181194657 440.62617325544346 DeepWS 0.4
22.203030644423492 479.45706589595227 DeepWS 0.4
19.537234730392687 477.18242335274374 DeepWS 0.4
27.609663072723862 530.902086447833 DeepWS 0.4
18.56581256404158 380.35958947743103 DeepWS 0.4
23.268446276506964 467.57305717372816 DeepWS 0.4
24.056376827574567 496.6740337799939 DeepWS 0.4
20.805051458758914 427.9434438562926 DeepWS 0.4
21.78845268219725 470.5496594964781 DeepWS 0.4
22.707243993415194 449.22808005498916 DeepWS 0.4
25.79755487009177 459.08752087214015 DeepWS 0.4
23.676079308657602 434.38976921348194 DeepWS 0.4
21.91742105640077 446.79522101491597 DeepWS 0.4
18.67863466054542 401.3545701482442 DeepWS 0.4
24.886891189258165 496.78267822462806 DeepWS 0.4
25.841445890756592 485.8218477402879 DeepWS 0.4
26.060941721276986 462.7934411206923 DeepWS 0.4
28.504744567825746 470.8298894534915 DeepWS 0.4
21.098515658282235 461.2227713082891 DeepWS 0.4
26.479207283689398 471.29015241599865 DeepWS 0.4
25.421774851808838 481.17015701565157 DeepWS 0.4
22.869709859004814 438.41015069042743 DeepWS 0.4
23.312921947512145 451.4621303316873 DeepWS 0.4
27.086853510220536 483.36423155485573 DeepWS 0.4
23.356792903529303 440.79738894394535 DeepWS 0.4
24.682880881982307 449.79880232430975 DeepWS 0.4
22.863454646831798 430.4848397225437 DeepWS 0.4
25.45028895595154 401.5613618955128 DeepWS 0.4
22.614375493636476 432.3325736778815 DeepWS 0.4
25.874711202364665 448.2139483222186 DeepWS 0.4
23.33170076437066 471.5174740362261 DeepWS 0.4
26.23372481985744 444.1872475195301 DeepWS 0.4
18.91172143970779 416.8581974307184 DeepWS 0.4
19.11125935866783 476.1346720887465 DeepWS 0.4
19.458071325103113 476.57384066992734 DeepWS 0.4
26.021354306307565 436.3825437086987 DeepWS 0.4
23.040431129041444 437.7734745546471 DeepWS 0.4
25.175339459297888 402.0067987907255 DeepWS 0.4
25.716282297151075 467.5426697259461 DeepWS 0.4
23.101173224688328 431.3518459752347 DeepWS 0.4
21.39728688027168 448.8450785547132 DeepWS 0.4
23.034911192205445 427.6726152724515 DeepWS 0.4
20.97506858271194 450.98792478357774 DeepWS 0.4
21.741262395791054 439.90534254982055 DeepWS 0.4
22.33715496495803 468.79881570855514 DeepWS 0.4
21.308760711041263 427.69703468839464 DeepWS 0.4
31.94180958501346 446.4081525940278 SCS 0.4
33.431183017962844 454.7817950597348 SCS 0.4
31.429171776846033 566.9963101413886 SCS 0.4
26.44594791239123 474.2965801973757 SCS 0.4
30.320543604610158 488.4234160759882 SCS 0.4
25.37093863578932 486.5729974045949 SCS 0.4
25.901248580426728 412.35176717062103 SCS 0.4
27.078914844234053 376.85229008607087 SCS 0.4
31.526988829809824 426.6174055401998 SCS 0.4
31.21160981696114 437.4167565264595 SCS 0.4
31.51281647246454 453.1493711918736 SCS 0.4
29.03827135945225 425.6583808304332 SCS 0.4
30.556435223230316 484.1250522616495 SCS 0.4
27.228056760991436 446.09302744596465 SCS 0.4
24.671371524653892 375.31473693142806 SCS 0.4
25.010730710206097 443.64123068954166 SCS 0.4
32.4246701223036 444.9350939220277 SCS 0.4
34.059194886877506 477.1710729012202 SCS 0.4
31.069829080125867 426.45754336333897 SCS 0.4
27.146211323308563 387.34668651900955 SCS 0.4
28.314658401482937 507.56763809255216 SCS 0.4
29.15584036254888 430.2843735589329 SCS 0.4
27.89328234145535 448.57618401369376 SCS 0.4
32.32233938711437 404.5059606823642 SCS 0.4
28.96447673643762 452.6391509937905 SCS 0.4
28.030785739531694 455.8253678522486 SCS 0.4
30.71802171996175 390.9529098692573 SCS 0.4
30.689568622182566 434.181478798177 SCS 0.4
29.607247468288623 453.3377494057492 SCS 0.4
30.19317641894529 411.56847515381287 SCS 0.4
31.07489490000613 417.88781693829253 SCS 0.4
30.21640970366101 455.50273853348466 SCS 0.4
27.232976807989186 439.29764134487664 SCS 0.4
27.59409600566239 431.1434912870208 SCS 0.4
24.384103507677793 434.8955267363378 SCS 0.4
30.329890092143746 431.8061988296753 SCS 0.4
30.89182156437157 512.0543625523044 SCS 0.4
20.963498935165717 384.25975453195775 SCS 0.4
30.771733233858292 458.40715777638815 SCS 0.4
27.952892162390818 476.38426965182964 SCS 0.4
34.19918363396023 432.2476618447689 SCS 0.4
32.425117845521875 487.5050599183548 SCS 0.4
26.136295451143653 459.14887310407323 SCS 0.4
30.740648964940483 401.0214548813616 SCS 0.4
28.729113018353978 415.8808372298802 SCS 0.4
30.856214388826633 421.34366181459797 SCS 0.4
30.552134585978216 397.7338805058617 SCS 0.4
28.85478641232967 465.1916908551968 SCS 0.4
32.53525824418033 504.4400776919191 SCS 0.4
33.26504946010308 507.1446081815411 SCS 0.4
29.293992581250606 479.48279776612554 SCS 0.4
31.145012095307752 456.9857813981649 SCS 0.4
27.009064842927415 498.22451191279 SCS 0.4
25.517432656561787 478.4706585631292 SCS 0.4
26.716850690337804 472.474629021055 SCS 0.4
30.71449739992737 455.01204652587035 SCS 0.4
26.239941233422854 473.25124978643424 SCS 0.4
31.453846316623256 513.0919643232044 SCS 0.4
33.06044584836325 430.7868200059956 SCS 0.4
28.44641692119243 512.1444002200285 SCS 0.4
30.01762828640121 429.689422581849 SCS 0.4
27.145759046373723 447.06781935887335 SCS 0.4
24.205401050758063 478.893266251876 SCS 0.4
26.755540952243223 403.8908175715287 SCS 0.4
30.77285203240904 416.6236846121056 SCS 0.4
31.054528942420948 439.67961298511324 SCS 0.4
32.299331397670336 502.72422462623456 SCS 0.4
31.156734865222997 469.37411368949586 SCS 0.4
26.546317983965356 440.4889224797674 SCS 0.4
28.932136110452106 514.4475791876947 SCS 0.4
23.440019320072896 426.9134462457671 SCS 0.4
26.911548632465852 457.4191154729646 SCS 0.4
27.692427225996223 520.1124991722255 SCS 0.4
28.273796076492903 503.6791514143623 SCS 0.4
24.518375963037858 451.3992486987898 SCS 0.4
26.501483515334936 415.9446774881373 SCS 0.4
31.393315935580326 439.1879665401624 SCS 0.4
30.40860695780337 420.4699273576523 SCS 0.4
35.23342316492928 477.7822606691146 SCS 0.4
29.420196619959004 436.4409859070776 SCS 0.4
32.176394944087896 497.4179249331745 SCS 0.4
24.378688677167077 454.8086298063205 SCS 0.4
32.00589996423667 485.7888651474801 SCS 0.4
26.301858899178267 444.8878316428083 SCS 0.4
31.734183586858947 437.52813406969887 SCS 0.4
30.910072874287664 403.76548886987274 SCS 0.4
21.13407918083729 365.8291718160539 SCS 0.4
33.27560805499314 474.2105190053631 SCS 0.4
31.87264262941224 512.4571742558093 SCS 0.4
28.86014750323643 486.8927811931077 SCS 0.4
24.75874765979859 460.50817236008277 SCS 0.4
29.2168692386812 496.7214017755856 SCS 0.4
31.86120075414507 477.941507741498 SCS 0.4
28.461873424389378 412.84730180893524 SCS 0.4
28.83846158235612 498.73684901265676 SCS 0.4
28.0208809956588 490.47010545685106 SCS 0.4
26.623745220034415 402.29765927828254 SCS 0.4
28.425645790837976 422.0179713330115 SCS 0.4
31.3692354421334 479.53094569464156 SCS 0.4
30.43085993236235 436.86625860929826 SCS 0.4
27.748111776873877 432.0088076796625 PSO 0.4
25.20075425338066 452.80119015529607 PSO 0.4
53.85328048250284 495.3644215591086 PSO 0.4
24.8984910265276 393.3160296862506 PSO 0.4
23.652127832331605 448.5435672132796 PSO 0.4
48.77246680906362 448.8552499465082 PSO 0.4
22.866550902104617 391.2037058754095 PSO 0.4
22.16888863037673 357.2401142839383 PSO 0.4
28.357601927164776 381.5641683760925 PSO 0.4
29.34338522100798 428.26570857920956 PSO 0.4
24.210420216804884 419.9884607458445 PSO 0.4
26.10907685082186 399.15383942251117 PSO 0.4
28.973007092641314 474.72994608423966 PSO 0.4
21.001156501614847 405.8825657966346 PSO 0.4
22.58294346845495 355.32165252261035 PSO 0.4
46.72909792930481 429.3639049123696 PSO 0.4
26.56019153599752 437.23064487380253 PSO 0.4
28.5657411826571 454.9556717748422 PSO 0.4
27.638369576913774 416.4437027180726 PSO 0.4
25.06026228578162 377.66369193139235 PSO 0.4
25.007921040527116 460.966962568447 PSO 0.4
24.632940112184837 406.6777517567688 PSO 0.4
24.952072489182164 445.08837679965956 PSO 0.4
25.461767872679296 383.3824357149606 PSO 0.4
23.533756470781466 417.620104607933 PSO 0.4
25.130165169913443 411.3599342871824 PSO 0.4
24.641590678100737 374.8389531001476 PSO 0.4
28.543029498606526 389.7816236874238 PSO 0.4
26.112746917889105 417.9467306154277 PSO 0.4
27.29573009342029 414.5949104518372 PSO 0.4
25.40559406469632 405.603993878976 PSO 0.4
29.986739208885147 406.29187011844306 PSO 0.4
24.68533966060188 407.1145470441436 PSO 0.4
24.08270279899894 424.01303345817735 PSO 0.4
18.7869694723837 396.90544254694777 PSO 0.4
26.25564030396856 409.6389952409578 PSO 0.4
26.619471767895213 454.94229098041336 PSO 0.4
19.152735177568992 363.3112152028654 PSO 0.4
26.9755361612665 435.5337393047398 PSO 0.4
24.026412825014486 436.0964946336825 PSO 0.4
29.067542016988252 397.8807941625793 PSO 0.4
29.881707569216733 446.33839298597076 PSO 0.4
25.247432571284275 422.24683471598587 PSO 0.4
25.71692658198457 389.03702346093434 PSO 0.4
26.942995272331853 424.127075580059 PSO 0.4
29.043974103177128 415.6140777408681 PSO 0.4
24.775614344737082 388.5280778004045 PSO 0.4
23.034782011085344 432.5330124371162 PSO 0.4
29.884138335108982 483.8179940404169 PSO 0.4
28.93406118662841 477.65503573242205 PSO 0.4
24.643977363190093 452.13044714685793 PSO 0.4
26.97948122898936 444.5757441750664 PSO 0.4
25.14881641217096 466.5692241541709 PSO 0.4
22.115993815174942 445.8804772696205 PSO 0.4
21.69699779511907 408.6373018598563 PSO 0.4
28.99568942105018 451.2949451635589 PSO 0.4
21.403953338604595 406.5903777129788 PSO 0.4
25.691484033825592 464.908566807748 PSO 0.4
27.379516181030628 405.5801149989939 PSO 0.4
24.072759342394736 474.1713291670276 PSO 0.4
27.493144531885207 390.5748967467104 PSO 0.4
23.39481452789935 408.18187131951487 PSO 0.4
44.325705762188406 477.3026637283361 PSO 0.4
24.738864319466582 382.32953316137207 PSO 0.4
28.037008222364268 404.87349215438735 PSO 0.4
29.88379227562232 397.85712634998896 PSO 0.4
60.52013723781513 496.52190109578225 PSO 0.4
26.551544166078045 432.03292755904334 PSO 0.4
24.720281157723015 423.9946404072037 PSO 0.4
20.986733502070322 442.38314555200293 PSO 0.4
21.17069488258485 401.6594582840445 PSO 0.4
38.82836019785797 442.5479856779034 PSO 0.4
24.97728850527134 478.18002296887926 PSO 0.4
25.26622497303432 465.5618615579626 PSO 0.4
22.2056464525651 406.685664235552 PSO 0.4
25.33767674906857 396.7608937410819 PSO 0.4
27.781726140282395 413.2407776494132 PSO 0.4
28.767621000258835 413.2328114809493 PSO 0.4
61.95004894367872 457.03385965471625 PSO 0.4
50.06440131001651 402.77038091043954 PSO 0.4
28.423230707099073 476.32699762630114 PSO 0.4
21.675252160032645 429.5712743109774 PSO 0.4
28.22656391261646 479.2274842591486 PSO 0.4
25.500146563438804 435.24455886863876 PSO 0.4
26.332761604117472 393.617304021406 PSO 0.4
23.32291874388019 405.65278563843435 PSO 0.4
19.11600908353884 342.4089635673326 PSO 0.4
27.826862232216875 441.12341577923587 PSO 0.4
27.25074630413879 470.59785149567574 PSO 0.4
24.940879798627375 430.80330486632323 PSO 0.4
45.40014941241819 403.43652968028766 PSO 0.4
25.327865738415266 457.9396707916981 PSO 0.4
29.765758310422058 443.4668877129217 PSO 0.4
22.53867965955667 384.5410104900035 PSO 0.4
25.40550776221906 446.82619708155244 PSO 0.4
25.328901655935685 427.30935053488207 PSO 0.4
25.05600390998812 381.82778412630046 PSO 0.4
21.682565656387567 414.179382048134 PSO 0.4
28.425796935024906 447.32687612496204 PSO 0.4
30.290997562966506 418.0830881462146 PSO 0.4
27.700000000000124 529.8000000000246 ICPCP 0.4
20.40000000000002 547.9000000000038 ICPCP 0.4
17.999999999999986 622.6000000000024 ICPCP 0.4
22.700000000000053 484.6000000000058 ICPCP 0.4
26.80000000000011 535.4000000000026 ICPCP 0.4
22.50000000000005 527.6000000000139 ICPCP 0.4
27.800000000000125 467.4000000000019 ICPCP 0.4
25.000000000000085 437.0000000000048 ICPCP 0.4
26.600000000000108 469.69999999999953 ICPCP 0.4
24.100000000000072 506.80000000001485 ICPCP 0.4
22.60000000000005 493.90000000000725 ICPCP 0.4
22.40000000000005 463.3999999999997 ICPCP 0.4
23.800000000000068 569.3000000000098 ICPCP 0.4
16.89999999999997 498.60000000000355 ICPCP 0.4
17.69999999999998 438.50000000000415 ICPCP 0.4
20.900000000000027 514.6000000000081 ICPCP 0.4
24.60000000000008 530.7000000000095 ICPCP 0.4
18.29999999999999 558.0999999999993 ICPCP 0.4
22.200000000000045 507.90000000001174 ICPCP 0.4
24.300000000000075 460.3000000000067 ICPCP 0.4
24.300000000000075 558.9000000000036 ICPCP 0.4
22.700000000000053 487.20000000000715 ICPCP 0.4
22.000000000000043 533.1000000000205 ICPCP 0.4
23.30000000000006 497.7000000000106 ICPCP 0.4
25.100000000000087 498.200000000008 ICPCP 0.4
16.399999999999963 507.79999999999757 ICPCP 0.4
31.900000000000183 439.10000000000434 ICPCP 0.4
25.40000000000009 482.00000000000637 ICPCP 0.4
20.30000000000002 504.50000000000637 ICPCP 0.4
20.800000000000026 504.5000000000135 ICPCP 0.4
20.100000000000016 475.30000000001087 ICPCP 0.4
26.500000000000107 519.3000000000133 ICPCP 0.4
17.59999999999998 489.2000000000018 ICPCP 0.4
20.000000000000014 507.4000000000063 ICPCP 0.4
20.900000000000027 491.9000000000019 ICPCP 0.4
18.599999999999994 511.29999999999797 ICPCP 0.4
29.50000000000015 530.7000000000115 ICPCP 0.4
18.799999999999997 441.9000000000009 ICPCP 0.4
26.300000000000104 532.0000000000066 ICPCP 0.4
20.200000000000017 520.7000000000139 ICPCP 0.4
26.1000000000001 475.4000000000042 ICPCP 0.4
23.500000000000064 557.9000000000103 ICPCP 0.4
23.800000000000068 505.1000000000098 ICPCP 0.4
22.700000000000053 498.0000000000088 ICPCP 0.4
23.90000000000007 512.1000000000115 ICPCP 0.4
18.799999999999997 487.60000000001617 ICPCP 0.4
21.70000000000004 457.8000000000101 ICPCP 0.4
15.299999999999962 526.899999999999 ICPCP 0.4
23.500000000000064 587.6000000000001 ICPCP 0.4
23.20000000000006 571.800000000012 ICPCP 0.4
22.300000000000047 540.3000000000065 ICPCP 0.4
22.50000000000005 540.6000000000085 ICPCP 0.4
20.50000000000002 536.400000000008 ICPCP 0.4
23.500000000000064 531.6000000000035 ICPCP 0.4
22.40000000000005 491.70000000001403 ICPCP 0.4
21.80000000000004 545.7000000000037 ICPCP 0.4
20.800000000000026 507.90000000000435 ICPCP 0.4
18.599999999999994 572.0000000000034 ICPCP 0.4
24.400000000000077 491.50000000001614 ICPCP 0.4
21.00000000000003 563.6000000000055 ICPCP 0.4
21.70000000000004 485.80000000000985 ICPCP 0.4
23.800000000000068 479.3000000000042 ICPCP 0.4
22.200000000000045 546.5999999999997 ICPCP 0.4
28.000000000000128 479.10000000000247 ICPCP 0.4
22.000000000000043 471.7000000000054 ICPCP 0.4
16.399999999999963 469.7000000000092 ICPCP 0.4
23.700000000000067 594.200000000014 ICPCP 0.4
21.70000000000004 538.5000000000015 ICPCP 0.4
21.70000000000004 507.1000000000084 ICPCP 0.4
21.20000000000003 536.000000000002 ICPCP 0.4
24.200000000000074 477.4000000000098 ICPCP 0.4
17.999999999999986 519.5000000000001 ICPCP 0.4
16.599999999999966 558.2999999999981 ICPCP 0.4
24.500000000000078 544.1000000000196 ICPCP 0.4
24.900000000000084 488.20000000001295 ICPCP 0.4
23.90000000000007 473.6000000000115 ICPCP 0.4
26.0000000000001 501.70000000001636 ICPCP 0.4
15.89999999999996 512.9000000000069 ICPCP 0.4
21.90000000000004 576.6000000000095 ICPCP 0.4
26.500000000000107 480.8000000000047 ICPCP 0.4
20.900000000000027 558.9000000000001 ICPCP 0.4
14.299999999999965 520.5999999999958 ICPCP 0.4
26.1000000000001 556.0000000000113 ICPCP 0.4
24.70000000000008 501.80000000000666 ICPCP 0.4
28.90000000000014 484.9000000000152 ICPCP 0.4
21.20000000000003 487.69999999999953 ICPCP 0.4
11.499999999999975 448.100000000001 ICPCP 0.4
21.00000000000003 545.50000000001 ICPCP 0.4
22.200000000000045 562.000000000007 ICPCP 0.4
14.699999999999964 529.7999999999955 ICPCP 0.4
23.20000000000006 480.700000000009 ICPCP 0.4
18.099999999999987 543.2999999999979 ICPCP 0.4
22.300000000000047 546.4000000000035 ICPCP 0.4
20.700000000000024 478.8000000000038 ICPCP 0.4
24.300000000000075 537.8000000000061 ICPCP 0.4
24.60000000000008 536.1000000000095 ICPCP 0.4
16.699999999999967 466.89999999999776 ICPCP 0.4
19.900000000000013 470.30000000000734 ICPCP 0.4
24.900000000000084 528.3000000000268 ICPCP 0.4
27.300000000000118 490.4000000000082 ICPCP 0.4
32.703367370026605 363.10143995478114 DeepWS 0.6
36.156118655316874 430.4032982773166 DeepWS 0.6
40.0126776272885 393.65610895535804 DeepWS 0.6
44.30830250395278 415.21360087851866 DeepWS 0.6
42.589600018548765 463.25725105794453 DeepWS 0.6
39.56465102237878 397.92311919748965 DeepWS 0.6
37.02939317755195 409.5034260475013 DeepWS 0.6
37.6331650074531 391.9794766168685 DeepWS 0.6
46.82951407452555 456.6119629380872 DeepWS 0.6
41.85417818406201 449.6173437247727 DeepWS 0.6
41.554779708327494 427.46552936630565 DeepWS 0.6
38.008349853768934 401.716756687663 DeepWS 0.6
37.211961469531815 375.0471943637556 DeepWS 0.6
33.928562539247984 378.11873855478365 DeepWS 0.6
35.44391007447759 512.5902071937135 DeepWS 0.6
39.234566816592306 408.7191794660978 DeepWS 0.6
40.514165152110735 395.54791741463026 DeepWS 0.6
33.96434353202146 477.86970516201427 DeepWS 0.6
37.04098544252965 402.1054304268406 DeepWS 0.6
32.51306652300923 430.4220718641003 DeepWS 0.6
37.22072997509547 485.2522854280665 DeepWS 0.6
38.77438055731016 413.6163133724441 DeepWS 0.6
40.1765680445934 437.15716033483227 DeepWS 0.6
37.103365803082205 388.68110468914716 DeepWS 0.6
37.5309382499625 421.6312429363901 DeepWS 0.6
38.981162379742884 356.8167258368463 DeepWS 0.6
33.93891409803567 384.2435046403088 DeepWS 0.6
35.907427181842365 425.87049428203 DeepWS 0.6
38.41381830386493 423.8521409338121 DeepWS 0.6
36.355536677538964 415.8870613246464 DeepWS 0.6
38.21623815270938 444.23520176453866 DeepWS 0.6
37.50000558941701 402.6948409414976 DeepWS 0.6
39.55910180995641 399.3524259172518 DeepWS 0.6
33.2995833223989 414.5127597877185 DeepWS 0.6
38.199052468937694 428.1401692744486 DeepWS 0.6
30.105476194841582 399.58499626513094 DeepWS 0.6
38.37735486771631 417.40088239689004 DeepWS 0.6
40.85719648183399 405.3032642377791 DeepWS 0.6
40.65329961239311 405.5839508181602 DeepWS 0.6
41.370386368437806 409.2299207357013 DeepWS 0.6
35.92588534501801 409.853244854534 DeepWS 0.6
29.944192969862147 335.18086722804685 DeepWS 0.6
38.153314895476036 427.2211831342564 DeepWS 0.6
43.281816558042635 457.4914808811616 DeepWS 0.6
46.310061417551076 390.8432043233478 DeepWS 0.6
36.31706676460774 367.0789941507396 DeepWS 0.6
38.035766685720674 465.80230480828436 DeepWS 0.6
48.48132112216689 449.8671715557877 DeepWS 0.6
36.87174843606832 406.23232450401343 DeepWS 0.6
36.873809231821916 401.63526809032953 DeepWS 0.6
39.64598906176671 421.33932420422383 DeepWS 0.6
42.73578910719098 433.86028131897126 DeepWS 0.6
46.53364517935628 442.9532895056211 DeepWS 0.6
35.28014027633531 396.2768991229645 DeepWS 0.6
40.25018499746492 405.7017013307935 DeepWS 0.6
40.47589161763988 403.3124565339566 DeepWS 0.6
41.93692808079325 417.54792886944233 DeepWS 0.6
37.336545324858626 420.39579370783116 DeepWS 0.6
40.09071128053332 439.75670736484267 DeepWS 0.6
40.39397492899618 374.7750973984519 DeepWS 0.6
36.61952507550197 391.2169612361905 DeepWS 0.6
41.39683378092099 431.0089915121446 DeepWS 0.6
39.287247099146256 374.27247120232477 DeepWS 0.6
36.68849785713687 389.50732643030267 DeepWS 0.6
45.56779119105772 418.31420929395745 DeepWS 0.6
35.04728183254065 477.4751982253126 DeepWS 0.6
42.110130709383384 457.3243630263554 DeepWS 0.6
34.92293249002955 426.51729839856574 DeepWS 0.6
39.81643957912091 462.29156044045806 DeepWS 0.6
48.06338380458199 471.47328374264515 DeepWS 0.6
39.88425563167138 433.7513745621036 DeepWS 0.6
36.505910764348435 396.86398451430654 DeepWS 0.6
35.68143012700209 422.3787698196235 DeepWS 0.6
35.072933152017775 386.3829299046758 DeepWS 0.6
39.394938780934424 453.3136402620771 DeepWS 0.6
37.98326434884179 423.7559484888277 DeepWS 0.6
35.30461485273644 398.6357941607887 DeepWS 0.6
39.812385138314575 406.6689332894887 DeepWS 0.6
35.98036399831417 414.25943278600096 DeepWS 0.6
39.60376585424297 414.50838267584845 DeepWS 0.6
39.756130964196515 412.7580794709651 DeepWS 0.6
40.14438034122576 422.8837036230498 DeepWS 0.6
34.67295388144726 422.1816723820164 DeepWS 0.6
34.983678086179744 456.5679178365075 DeepWS 0.6
45.93283298093759 447.169175249153 DeepWS 0.6
39.86149882749574 411.1473905962253 DeepWS 0.6
42.64086013967042 381.2612110463312 DeepWS 0.6
42.30338212757273 384.5127634504855 DeepWS 0.6
39.85108710383597 410.2904232931222 DeepWS 0.6
47.98513300547903 423.5096217120025 DeepWS 0.6
39.02297590103601 478.5266558753954 DeepWS 0.6
44.160593235000405 420.2059082564921 DeepWS 0.6
40.07639035652342 402.0578690491649 DeepWS 0.6
32.09840779987124 410.31131249948044 DeepWS 0.6
40.84945148178965 431.0623108656011 DeepWS 0.6
40.67458093969009 391.0389142477364 DeepWS 0.6
37.286884916450674 408.0637800747558 DeepWS 0.6
35.05975538861935 435.73977818131607 DeepWS 0.6
38.09108788708406 460.53950196863826 DeepWS 0.6
41.97221573699929 374.2661964365846 DeepWS 0.6
45.989909843175965 416.9114507024367 SCS 0.6
41.96735235360513 414.88877187927665 SCS 0.6
42.28318331988645 473.68986057845507 SCS 0.6
37.285277766200515 411.8708691744429 SCS 0.6
38.5100635378047 452.99111309159923 SCS 0.6
38.6226577012626 445.56733826479234 SCS 0.6
40.938209373741756 390.98133520650055 SCS 0.6
35.80573560184143 348.4082193826656 SCS 0.6
41.774566379031434 371.69675284981645 SCS 0.6
44.09478121341422 422.1824559403366 SCS 0.6
36.740083827250224 394.3388502548524 SCS 0.6
42.98986444224924 397.90655743533904 SCS 0.6
45.13142821566968 449.3905959774723 SCS 0.6
36.154747520225364 407.3909476094236 SCS 0.6
32.63766641936378 352.611248038681 SCS 0.6
33.28075293920074 413.83611332182 SCS 0.6
42.92376052259878 426.8330179673021 SCS 0.6
41.36547704036844 443.6702257716067 SCS 0.6
39.8141759655244 412.24309976042343 SCS 0.6
36.70555833303874 374.4362408438234 SCS 0.6
38.826005981299794 449.60028670331246 SCS 0.6
37.0099588948953 383.38539731428676 SCS 0.6
45.0095241247323 447.2469443279559 SCS 0.6
39.358776139036 396.773556518301 SCS 0.6
38.37009645175846 416.3302165459437 SCS 0.6
38.059743073594426 411.94604601365876 SCS 0.6
42.39281160072943 370.9075728298328 SCS 0.6
44.25984038052694 378.7984702002957 SCS 0.6
34.55089079992277 376.4355719216566 SCS 0.6
41.098002988168105 389.3494858804505 SCS 0.6
34.986621362934194 394.04176243279625 SCS 0.6
42.787869458236436 430.3220943863547 SCS 0.6
36.807299962905546 401.95477037260815 SCS 0.6
36.50240687296598 401.04000561691373 SCS 0.6
29.462522305637393 393.98111592593887 SCS 0.6
41.063709464261386 409.97700647408834 SCS 0.6
43.72218402162971 427.5017574676204 SCS 0.6
29.097620823519684 362.22671119444874 SCS 0.6
40.706189296673315 409.5559786765519 SCS 0.6
37.63280753128912 447.0062663255331 SCS 0.6
41.27862497881017 391.9154472165259 SCS 0.6
43.40513792820743 422.3999750205999 SCS 0.6
37.213734204246926 405.9192908430683 SCS 0.6
37.86052363050512 376.54688453232654 SCS 0.6
36.291657913912346 400.52005451600536 SCS 0.6
42.79122903740685 373.9870948065432 SCS 0.6
35.65118998534371 367.7833499957764 SCS 0.6
38.13510503540735 426.0637752286347 SCS 0.6
41.76817940575387 487.8047025585996 SCS 0.6
43.25380212445315 477.59413666181314 SCS 0.6
38.342119403165064 437.3541530580682 SCS 0.6
39.75148842426166 438.02058640557243 SCS 0.6
38.76114852604795 446.1179618605747 SCS 0.6
37.14609999680244 465.46497972190764 SCS 0.6
34.41953420978837 425.60016814703556 SCS 0.6
43.37551053991785 443.18232069120734 SCS 0.6
34.15890000350203 401.07158479399976 SCS 0.6
42.142212933352646 460.16970812876514 SCS 0.6
40.17889327399832 387.4515470597437 SCS 0.6
38.52011768134596 487.8296020656618 SCS 0.6
39.627105322752925 403.64218105405655 SCS 0.6
34.32111550606643 410.42998579619376 SCS 0.6
32.47290892070448 435.94890318068224 SCS 0.6
36.09576496988175 375.22059888270013 SCS 0.6
44.29863537003761 393.15062339033943 SCS 0.6
41.30857812040326 373.5635447824934 SCS 0.6
42.110764605130704 469.24324204684604 SCS 0.6
44.65455286675315 429.1541957045656 SCS 0.6
37.175245566327526 435.7558405983141 SCS 0.6
40.15847248499763 453.6873369010797 SCS 0.6
33.111691244149405 383.2556245898877 SCS 0.6
38.50382398706964 438.2106188937562 SCS 0.6
37.62893723497569 449.3655223438163 SCS 0.6
39.48835548794372 461.91069303295563 SCS 0.6
33.65644429273929 409.18238944065837 SCS 0.6
38.2758305577721 393.98839843915056 SCS 0.6
43.502818523957416 411.2033694143649 SCS 0.6
43.26236269538836 387.3151263969193 SCS 0.6
41.79592852456181 470.7893571452252 SCS 0.6
37.354943400848995 399.02647331457024 SCS 0.6
41.08904386900229 457.1335388448947 SCS 0.6
30.127425969753652 418.3669305295242 SCS 0.6
43.41186474573981 470.198652258907 SCS 0.6
39.254927272063824 427.0932999555687 SCS 0.6
39.158468609043666 380.6780810401433 SCS 0.6
37.61355486651483 402.23423375385966 SCS 0.6
28.218019049557462 343.3280260117159 SCS 0.6
42.53282151485048 409.78667215804677 SCS 0.6
38.97095284983424 450.5205485976252 SCS 0.6
38.57193319343727 436.16475198521806 SCS 0.6
33.917884171669364 409.86645598602126 SCS 0.6
37.80255717042263 462.058327870361 SCS 0.6
43.98712538402255 426.0057621617293 SCS 0.6
36.876911007375675 364.1825061328704 SCS 0.6
37.68602163649039 436.71932802304514 SCS 0.6
39.300782382600566 448.47824741433556 SCS 0.6
33.73241785579158 359.3738088940982 SCS 0.6
33.47554582433452 379.75081467414077 SCS 0.6
45.16630259862773 443.2246949964292 SCS 0.6
44.4326276770708 407.0121220734492 SCS 0.6
38.125992772587814 407.20661574044874 PSO 0.6
39.139439131229054 423.39680363022575 PSO 0.6
37.72251493488434 489.47154210291063 PSO 0.6
33.894930921079705 387.0431426312671 PSO 0.6
33.95372088904622 423.66654060998445 PSO 0.6
33.51698570080589 420.83804791451564 PSO 0.6
35.44967015218905 365.06348082363627 PSO 0.6
30.83750958708238 352.96627898792065 PSO 0.6
39.98957347825806 381.30183257044996 PSO 0.6
42.710595076897654 417.7739463058289 PSO 0.6
35.484935884527665 399.58506810075664 PSO 0.6
37.82121860095731 387.27747170645506 PSO 0.6
39.38679833687907 460.1905784379057 PSO 0.6
30.941274351518736 390.7651479109388 PSO 0.6
31.28055523483849 343.1415900229081 PSO 0.6
30.015350587149282 401.7489025064416 PSO 0.6
41.98655427847052 447.26467258218685 PSO 0.6
38.42021385807466 442.4740404135818 PSO 0.6
38.843512462733315 397.4831829293787 PSO 0.6
33.70139455218633 355.5401102425992 PSO 0.6
35.731911530752924 454.97754353277514 PSO 0.6
35.408125553368976 395.76878437800974 PSO 0.6
34.84213436465773 429.8097952892141 PSO 0.6
37.597000963289624 380.5665557260663 PSO 0.6
38.052651238329304 400.3149767613776 PSO 0.6
32.829194555624255 395.05900434599164 PSO 0.6
37.639646058680896 358.3591970181751 PSO 0.6
37.64937259803213 383.61099769005267 PSO 0.6
33.97905985380252 391.77037936454485 PSO 0.6
38.80859706678744 394.46305112692966 PSO 0.6
36.57705290293616 396.24059820170515 PSO 0.6
38.19783118657549 416.9098677429311 PSO 0.6
37.662902772444276 394.19515341464677 PSO 0.6
33.17796026118405 392.34622971798814 PSO 0.6
27.05104426551806 399.7417358837158 PSO 0.6
35.71996477642873 418.0911832033437 PSO 0.6
38.60980415602904 423.4096674275452 PSO 0.6
28.765777846288724 348.3962322719493 PSO 0.6
35.26489928215362 416.92138850797517 PSO 0.6
32.90602067501376 416.76749544986797 PSO 0.6
38.40245012773163 396.805515666241 PSO 0.6
40.29417583414801 450.2887236672357 PSO 0.6
36.57350162500089 397.6074403193312 PSO 0.6
37.00657666686425 384.4255408004998 PSO 0.6
35.206024766868026 399.9404543562553 PSO 0.6
37.948117861165386 378.779771379207 PSO 0.6
32.53445370654241 356.2736929907772 PSO 0.6
35.71597108059963 422.58044449706324 PSO 0.6
39.04677378493038 478.0106351915242 PSO 0.6
39.373637615669956 457.0476719865941 PSO 0.6
35.60923312061699 441.99184524759323 PSO 0.6
35.9722302012394 417.99943322174926 PSO 0.6
33.54890977776828 425.72255686005303 PSO 0.6
32.12246562439419 440.2410570341186 PSO 0.6
32.83005574866255 402.8351583909057 PSO 0.6
39.569086027315464 423.8352100761871 PSO 0.6
34.09211301569906 405.9837691414469 PSO 0.6
38.93084630216398 454.90612366871443 PSO 0.6
38.86424394069223 396.46868395159436 PSO 0.6
34.8964317715284 453.94928309341856 PSO 0.6
40.47613900375349 386.75334232782564 PSO 0.6
32.29373958788642 390.50917618781955 PSO 0.6
33.34411650400027 448.95019714950445 PSO 0.6
34.60528885383185 373.4690097369159 PSO 0.6
37.616063087150245 383.52114656165634 PSO 0.6
39.06509599705405 388.4426000924492 PSO 0.6
40.27923098747163 464.9600444105443 PSO 0.6
38.965692264322655 434.2888434309626 PSO 0.6
35.691151268961434 413.72764992575645 PSO 0.6
34.60851811163301 414.89653676719564 PSO 0.6
30.07147958007154 379.728530577719 PSO 0.6
37.83163224919915 411.2033047061015 PSO 0.6
33.67772895653086 463.5251095022672 PSO 0.6
38.89599467856974 445.45646974338086 PSO 0.6
34.1005607579718 412.2347653632171 PSO 0.6
30.099811173447605 372.8331449961353 PSO 0.6
41.57672553985568 395.63393454004427 PSO 0.6
36.81459883886476 394.41870224398104 PSO 0.6
40.057648756949796 454.14993594361056 PSO 0.6
33.977693504318154 381.9641141509071 PSO 0.6
39.44042023364215 433.7435851640862 PSO 0.6
28.708570779309042 414.5707898156316 PSO 0.6
41.12453519769028 455.89539076440195 PSO 0.6
34.87359869177574 407.1848713817597 PSO 0.6
36.85427630232169 388.2193377529087 PSO 0.6
30.704319065452726 388.8051870720103 PSO 0.6
27.237249539002306 340.1135993861921 PSO 0.6
42.34728396881454 419.5255162495937 PSO 0.6
37.52219204830122 456.0766377360576 PSO 0.6
35.18912031603367 426.6074758681634 PSO 0.6
32.89814084180761 401.6321137968739 PSO 0.6
33.659003412297444 423.0265770704951 PSO 0.6
42.63849531603068 414.97503660043833 PSO 0.6
31.407707325471076 357.74092804461503 PSO 0.6
33.217181165005044 433.88157627750815 PSO 0.6
32.27282394095717 405.832501213902 PSO 0.6
31.88917744190401 370.6457903303488 PSO 0.6
31.354469811498085 392.00148670090994 PSO 0.6
39.60404640458995 446.0120679331998 PSO 0.6
40.35724815299069 390.99744208599503 PSO 0.6
32.40000000000019 502.400000000012 ICPCP 0.6
30.100000000000158 526.3000000000005 ICPCP 0.6
31.900000000000183 583.6000000000029 ICPCP 0.6
32.50000000000019 494.100000000002 ICPCP 0.6
27.100000000000115 511.90000000000737 ICPCP 0.6
22.100000000000044 508.8000000000109 ICPCP 0.6
26.300000000000104 442.80000000001274 ICPCP 0.6
27.300000000000118 446.4000000000092 ICPCP 0.6
35.20000000000023 467.9000000000058 ICPCP 0.6
39.000000000000284 496.90000000000623 ICPCP 0.6
30.20000000000016 484.30000000001024 ICPCP 0.6
34.00000000000021 474.5000000000024 ICPCP 0.6
34.900000000000226 549.1000000000085 ICPCP 0.6
26.900000000000112 484.0000000000015 ICPCP 0.6
33.1000000000002 432.1000000000018 ICPCP 0.6
25.000000000000085 501.9000000000051 ICPCP 0.6
27.50000000000012 513.3000000000122 ICPCP 0.6
27.50000000000012 543.4000000000195 ICPCP 0.6
37.40000000000026 495.90000000000254 ICPCP 0.6
28.400000000000134 435.90000000000896 ICPCP 0.6
40.0000000000003 551.0000000000047 ICPCP 0.6
31.100000000000172 485.600000000005 ICPCP 0.6
33.2000000000002 528.9000000000142 ICPCP 0.6
38.50000000000028 465.90000000000265 ICPCP 0.6
31.200000000000173 470.400000000008 ICPCP 0.6
29.200000000000145 499.00000000000296 ICPCP 0.6
28.90000000000014 440.10000000000997 ICPCP 0.6
30.90000000000017 462.9000000000037 ICPCP 0.6
26.900000000000112 487.800000000012 ICPCP 0.6
35.00000000000023 491.60000000000855 ICPCP 0.6
33.400000000000205 468.600000000007 ICPCP 0.6
33.90000000000021 496.4000000000033 ICPCP 0.6
20.800000000000026 499.79999999999944 ICPCP 0.6
31.00000000000017 502.20000000000323 ICPCP 0.6
26.400000000000105 479.90000000000987 ICPCP 0.6
27.900000000000126 508.4999999999978 ICPCP 0.6
27.200000000000117 507.9000000000151 ICPCP 0.6
23.800000000000068 418.3000000000044 ICPCP 0.6
32.20000000000019 517.0000000000146 ICPCP 0.6
31.70000000000018 505.3000000000077 ICPCP 0.6
34.00000000000021 473.10000000000684 ICPCP 0.6
35.70000000000024 546.4000000000109 ICPCP 0.6
31.200000000000173 483.6000000000124 ICPCP 0.6
36.10000000000024 450.5000000000026 ICPCP 0.6
33.1000000000002 510.30000000000376 ICPCP 0.6
36.00000000000024 471.30000000000666 ICPCP 0.6
34.30000000000022 442.6000000000042 ICPCP 0.6
25.500000000000092 481.0999999999976 ICPCP 0.6
29.900000000000155 572.499999999999 ICPCP 0.6
33.70000000000021 556.9000000000121 ICPCP 0.6
29.200000000000145 532.1000000000067 ICPCP 0.6
38.70000000000028 520.2000000000082 ICPCP 0.6
27.700000000000124 525.3000000000084 ICPCP 0.6
23.90000000000007 529.9000000000148 ICPCP 0.6
30.30000000000016 500.1000000000058 ICPCP 0.6
31.100000000000172 533.0000000000033 ICPCP 0.6
21.500000000000036 509.9000000000068 ICPCP 0.6
34.40000000000022 551.2000000000066 ICPCP 0.6
35.70000000000024 492.60000000000207 ICPCP 0.6
26.200000000000102 551.0000000000069 ICPCP 0.6
36.300000000000246 470.60000000000565 ICPCP 0.6
25.700000000000095 476.9000000000113 ICPCP 0.6
26.80000000000011 527.3000000000033 ICPCP 0.6
28.400000000000134 475.6000000000043 ICPCP 0.6
34.900000000000226 470.8000000000014 ICPCP 0.6
30.30000000000016 501.900000000009 ICPCP 0.6
32.9000000000002 542.9000000000148 ICPCP 0.6
29.800000000000153 537.6000000000083 ICPCP 0.6
30.400000000000162 491.8000000000111 ICPCP 0.6
30.000000000000156 519.2000000000038 ICPCP 0.6
33.0000000000002 457.80000000000194 ICPCP 0.6
21.600000000000037 507.30000000000956 ICPCP 0.6
27.600000000000122 562.799999999999 ICPCP 0.6
36.10000000000024 552.1000000000139 ICPCP 0.6
23.400000000000063 477.99999999999847 ICPCP 0.6
22.200000000000045 468.3000000000033 ICPCP 0.6
37.10000000000026 476.30000000000575 ICPCP 0.6
39.000000000000284 474.20000000000135 ICPCP 0.6
39.100000000000286 549.900000000016 ICPCP 0.6
30.600000000000165 475.6000000000042 ICPCP 0.6
26.70000000000011 526.8999999999976 ICPCP 0.6
24.100000000000072 509.80000000000405 ICPCP 0.6
34.50000000000022 545.5000000000117 ICPCP 0.6
30.100000000000158 485.5000000000073 ICPCP 0.6
27.600000000000122 473.80000000000535 ICPCP 0.6
28.10000000000013 457.60000000000196 ICPCP 0.6
27.000000000000114 407.10000000000247 ICPCP 0.6
38.80000000000028 514.0000000000044 ICPCP 0.6
31.300000000000175 560.9000000000046 ICPCP 0.6
24.60000000000008 523.7000000000095 ICPCP 0.6
30.600000000000165 469.10000000000804 ICPCP 0.6
32.30000000000019 534.6000000000095 ICPCP 0.6
32.30000000000019 516.9999999999987 ICPCP 0.6
26.70000000000011 466.8999999999994 ICPCP 0.6
24.500000000000078 533.600000000006 ICPCP 0.6
23.500000000000064 506.5000000000009 ICPCP 0.6
27.100000000000115 465.70000000001005 ICPCP 0.6
31.70000000000018 479.80000000001394 ICPCP 0.6
34.50000000000022 525.7000000000165 ICPCP 0.6
30.20000000000016 481.30000000001104 ICPCP 0.6
42.4000548121748 428.9399132226042 DeepWS 0.8
22.86697189373504 430.96430029547275 DeepWS 0.8
42.14886484814721 438.7280625148875 DeepWS 0.8
39.01451420449251 370.71905863853124 DeepWS 0.8
49.01046608618064 403.9208405100353 DeepWS 0.8
40.54548044881361 386.9344293386033 DeepWS 0.8
45.42514108011675 374.07615898192654 DeepWS 0.8
35.793820622688116 396.5980271705474 DeepWS 0.8
37.80667241858602 425.40441648173754 DeepWS 0.8
24.461778444913655 473.2867337746877 DeepWS 0.8
41.331807406773336 449.7773964318336 DeepWS 0.8
27.520584539970187 495.25051626119836 DeepWS 0.8
44.93005750676294 416.46279488416144 DeepWS 0.8
46.6265519496602 494.3845098108543 DeepWS 0.8
40.75746233806275 473.9359935225081 DeepWS 0.8
36.363708956696335 492.396616433351 DeepWS 0.8
39.66483995931846 408.92116057226474 DeepWS 0.8
24.37879068019121 515.7037247675104 DeepWS 0.8
26.70306521855332 466.2871349545159 DeepWS 0.8
43.05280174607088 417.8097810089334 DeepWS 0.8
47.472716667044594 441.62440242124376 DeepWS 0.8
34.750212538089315 453.5987747911405 DeepWS 0.8
37.739624833235055 380.37245444846536 DeepWS 0.8
34.18513490921637 497.1075761744695 DeepWS 0.8
38.63070255236582 465.9849535416509 DeepWS 0.8
41.52970498362976 397.7976872814445 DeepWS 0.8
41.47341962967076 420.8792957891423 DeepWS 0.8
36.999511009117455 466.0010436902425 DeepWS 0.8
45.91478017324019 458.7462146336394 DeepWS 0.8
45.7463802846066 458.45252713623825 DeepWS 0.8
41.33513593777101 452.82049715849945 DeepWS 0.8
41.36181462723403 465.26216285796187 DeepWS 0.8
45.023344605362105 418.1176147869935 DeepWS 0.8
38.18805941065334 403.66205133121093 DeepWS 0.8
45.1930136881005 463.7274699732698 DeepWS 0.8
47.24629463620347 426.42452067194193 DeepWS 0.8
43.11844577897266 427.03953174010866 DeepWS 0.8
37.902697019957095 376.3824046788044 DeepWS 0.8
22.79108794342106 494.29442987805317 DeepWS 0.8
27.322935305186554 501.35819194276576 DeepWS 0.8
25.770598318815217 459.25976610841667 DeepWS 0.8
34.33415803127774 431.39452367537416 DeepWS 0.8
33.20092061975779 446.6859991433895 DeepWS 0.8
45.16951317427473 461.23441216932406 DeepWS 0.8
44.062979314271885 405.8739431164428 DeepWS 0.8
46.231163007985096 403.6834186296951 DeepWS 0.8
44.25024733496106 482.4843611683052 DeepWS 0.8
41.896660123674415 392.6890077836326 DeepWS 0.8
40.25713533159547 403.4131480970044 DeepWS 0.8
36.900548958652195 502.50861222650434 DeepWS 0.8
38.77911927366047 441.03787193282614 DeepWS 0.8
45.54006811114817 459.46530762852245 DeepWS 0.8
45.272962088035605 457.69378785403205 DeepWS 0.8
49.04435267350654 441.5391822686634 DeepWS 0.8
46.771383713858754 433.9518230767544 DeepWS 0.8
37.37473351935474 360.7118990694539 DeepWS 0.8
40.963934724094045 435.7862591930979 DeepWS 0.8
41.07156396573565 398.5559569516316 DeepWS 0.8
35.07338288317064 440.5494050852974 DeepWS 0.8
46.901742615405375 394.6403542872372 DeepWS 0.8
36.21568598069924 441.76453551193646 DeepWS 0.8
42.311209320229246 385.3229683564015 DeepWS 0.8
21.309146931499832 427.220957451666 DeepWS 0.8
26.510140408375968 499.3835248122698 DeepWS 0.8
24.271204334418634 462.7601585814739 DeepWS 0.8
39.36478149993737 449.5386008405919 DeepWS 0.8
22.63953442453178 421.2206766369414 DeepWS 0.8
40.10372404540984 439.6061800149631 DeepWS 0.8
42.18744200321644 427.8963894162633 DeepWS 0.8
33.22404780133156 438.3113434659267 DeepWS 0.8
43.90120935160947 407.6760094051253 DeepWS 0.8
43.85733247577362 468.3435326601457 DeepWS 0.8
42.75776008383252 344.89385321276245 DeepWS 0.8
42.07355392743649 445.69626466592547 DeepWS 0.8
42.8696774982329 386.44067215008357 DeepWS 0.8
44.02381308434542 453.2719537606961 DeepWS 0.8
47.051971614270265 364.8214105341729 DeepWS 0.8
38.26647830984836 485.6562266901964 DeepWS 0.8
36.767271183028015 508.1948325214726 DeepWS 0.8
40.52559904526159 450.517881261342 DeepWS 0.8
41.21802108425591 430.0287391800545 DeepWS 0.8
32.46911626647236 454.51458573561587 DeepWS 0.8
45.982603023623604 412.87654959131714 DeepWS 0.8
39.87331978228302 462.6362733254253 DeepWS 0.8
41.85928617369828 436.86667222281267 DeepWS 0.8
47.339575404068185 449.4934000922777 DeepWS 0.8
34.83835695234758 448.9561371194533 DeepWS 0.8
33.63060729083945 451.8566454824996 DeepWS 0.8
43.85851452201039 384.00427678116614 DeepWS 0.8
35.41190627182172 483.91445554065314 DeepWS 0.8
35.07341538790731 373.3147346877713 DeepWS 0.8
47.04944921186474 460.57404210112173 DeepWS 0.8
40.80219968511244 373.0328157001539 DeepWS 0.8
41.03956459704943 418.6615354764657 DeepWS 0.8
46.271223227723475 427.8040439246831 DeepWS 0.8
24.75350389126868 487.431668043208 DeepWS 0.8
40.23790072699663 461.88458328622283 DeepWS 0.8
25.005136642496392 461.6633834691551 DeepWS 0.8
45.53859481156304 396.9606950117728 DeepWS 0.8
43.69276623254241 439.6124158935303 DeepWS 0.8
49.486864829436996 398.3132989102056 SCS 0.8
50.304426335565054 430.3805774108431 SCS 0.8
56.045122723098494 474.83646424447045 SCS 0.8
45.64421602494669 381.4383693947574 SCS 0.8
48.30514757924837 405.6648629490527 SCS 0.8
45.310021372904124 394.73390039575895 SCS 0.8
43.23875815461055 341.8061405899861 SCS 0.8
42.097261361185325 346.42547074518944 SCS 0.8
55.82667484168611 361.9418484561161 SCS 0.8
54.924862216252244 386.02068089745904 SCS 0.8
45.802474927676755 391.05332763360025 SCS 0.8
52.02398675894184 366.95783328771813 SCS 0.8
51.86722529249024 421.3698292658285 SCS 0.8
43.93834292383292 392.80996221257277 SCS 0.8
40.45779183461503 328.8637174853803 SCS 0.8
43.93711974304402 397.2749149346825 SCS 0.8
52.36510147106263 420.21125170707234 SCS 0.8
54.203848094177815 415.98177680012884 SCS 0.8
50.91433050212324 381.6949090622443 SCS 0.8
45.20845808404167 345.0556296508634 SCS 0.8
51.25360150534701 442.8254586940581 SCS 0.8
43.57158375605485 367.5913111517895 SCS 0.8
47.337350358845214 423.626101335208 SCS 0.8
51.11274361307989 367.6735028465355 SCS 0.8
51.17613279032927 390.5544142536836 SCS 0.8
47.32451024704551 386.82127588143004 SCS 0.8
49.868038263791775 349.3131770898284 SCS 0.8
53.58122298072392 378.7680852343261 SCS 0.8
47.27458932385147 384.50797496202506 SCS 0.8
51.39671268024396 373.95609166867087 SCS 0.8
44.87524125636541 376.5846836403212 SCS 0.8
50.48794783357923 392.7579647171118 SCS 0.8
44.91266896017837 385.750282285731 SCS 0.8
43.06549387507324 378.4021717673674 SCS 0.8
33.99946962803757 393.0660449230311 SCS 0.8
48.71856421457128 388.9714552224998 SCS 0.8
50.60437088691256 421.56765031407895 SCS 0.8
35.311015798971425 340.6675866117314 SCS 0.8
53.33903443355199 397.6468373018616 SCS 0.8
46.03625093998269 398.802077526444 SCS 0.8
51.18264903480118 382.5902365347729 SCS 0.8
55.07385381017417 429.9023093279473 SCS 0.8
48.14211286090224 388.68026488012487 SCS 0.8
45.246204652268474 347.8601536337557 SCS 0.8
46.04739062170182 386.0862706994452 SCS 0.8
53.31838528748832 367.6746223774818 SCS 0.8
44.10214265209541 352.1292247922082 SCS 0.8
44.12218170108628 393.621528498963 SCS 0.8
52.30381087616904 453.97261277602126 SCS 0.8
53.95426775205846 431.28650990368 SCS 0.8
45.24778046142046 419.33606657660664 SCS 0.8
49.23901733980999 418.2577287225926 SCS 0.8
46.37110818087659 415.2455894215208 SCS 0.8
43.94263231918295 424.42624001495875 SCS 0.8
43.68328233044932 396.94581299122717 SCS 0.8
50.96843062826737 401.67124485030774 SCS 0.8
44.82966228776455 391.9926264284423 SCS 0.8
51.91639157895743 428.59441010492674 SCS 0.8
50.54141197931846 380.1773551576979 SCS 0.8
45.40736309240753 442.05364356173897 SCS 0.8
50.75199165634106 372.4666510363869 SCS 0.8
41.6582409123594 399.4919226180544 SCS 0.8
44.42640654264959 430.5067269284048 SCS 0.8
43.11104871863272 363.93685050507827 SCS 0.8
49.78189109728362 372.37077211645214 SCS 0.8
53.51965695752794 391.79442894542296 SCS 0.8
55.1850552588001 443.8578420630127 SCS 0.8
48.71661376710559 423.0094587923471 SCS 0.8
47.59977161082708 391.2159656076722 SCS 0.8
45.46630078557242 408.8411536509741 SCS 0.8
40.61081954328338 366.5614997089744 SCS 0.8
46.78638020413202 394.56473054928006 SCS 0.8
44.864539621519725 442.93937498900283 SCS 0.8
46.5015663301551 417.6533142413834 SCS 0.8
41.66057875756688 393.9220669562242 SCS 0.8
44.9301620669248 360.4960572920548 SCS 0.8
53.192114081889876 371.98455131046126 SCS 0.8
52.06156177365311 382.75746678167536 SCS 0.8
53.48971604682922 432.7111168112093 SCS 0.8
42.823381594446495 383.5846327046134 SCS 0.8
53.77584443873417 434.1364421587294 SCS 0.8
41.27470906142086 402.1421284894838 SCS 0.8
52.55606424228394 441.96748189356873 SCS 0.8
44.87518984795692 408.62432473042037 SCS 0.8
48.58672435846442 367.2454997940657 SCS 0.8
46.55176740311148 389.2187257348622 SCS 0.8
36.670301626930616 334.604770909674 SCS 0.8
53.07815413029153 410.26229893487454 SCS 0.8
50.78061757801042 425.41538978066365 SCS 0.8
44.285552107201106 407.57087838555105 SCS 0.8
41.365388800630505 380.6157969670092 SCS 0.8
48.16359601329985 419.2041473410102 SCS 0.8
54.99396796416767 424.0210461670399 SCS 0.8
43.264839391124546 370.1226573730942 SCS 0.8
44.96689513473073 414.03504916603606 SCS 0.8
45.40929625964072 406.15995559128856 SCS 0.8
42.1732656301443 368.45115424548857 SCS 0.8
42.53648446382921 384.93693985804 SCS 0.8
53.0105346038873 415.82950906238943 SCS 0.8
49.8571201422039 384.0103063690498 SCS 0.8
46.340443417719 407.8879686169625 PSO 0.8
48.926258712045865 406.75399831382884 PSO 0.8
51.651225044676266 454.51869994575964 PSO 0.8
44.0696541323986 380.69736512608415 PSO 0.8
49.34167072113004 422.3590573720487 PSO 0.8
41.877614407855916 406.9360594308658 PSO 0.8
41.86994183735341 363.5200517053277 PSO 0.8
41.70883059875069 353.4564884457192 PSO 0.8
45.9654912447461 364.06676013884794 PSO 0.8
50.1906567312654 389.65071080527963 PSO 0.8
44.58338515041731 399.95011744913364 PSO 0.8
49.212301989042736 377.3206738451688 PSO 0.8
49.18968999065743 450.33222630632446 PSO 0.8
40.08574755306301 388.07059208031995 PSO 0.8
36.10900751956942 325.3924930979062 PSO 0.8
38.14336866931187 382.5340713714833 PSO 0.8
52.906482671136644 431.4975289128179 PSO 0.8
51.81647012545169 420.32614014688136 PSO 0.8
53.15922746157394 388.42442714935044 PSO 0.8
41.21337570841869 348.8709454017642 PSO 0.8
48.2208395761056 439.8579878973534 PSO 0.8
41.97928713325407 385.7645502255678 PSO 0.8
43.90222126915229 443.2951817983638 PSO 0.8
53.13106651052696 378.7672167855108 PSO 0.8
47.220955581669955 398.0638822637625 PSO 0.8
42.707234037862754 391.44917355953544 PSO 0.8
45.39517700063189 353.53037371145217 PSO 0.8
51.70493439004571 372.77339405880093 PSO 0.8
40.82063470362182 387.7195048090648 PSO 0.8
43.60790184432054 375.86270342851566 PSO 0.8
42.920049029254955 369.50102496744364 PSO 0.8
47.46613469753824 401.2339719393831 PSO 0.8
43.70958075788527 405.7346123671067 PSO 0.8
43.784227484506665 394.5011468037049 PSO 0.8
35.1192335260069 382.1777337400429 PSO 0.8
47.65506598236669 393.96499243324394 PSO 0.8
52.991904855577054 430.6587532587414 PSO 0.8
34.04181398754557 342.0631027082268 PSO 0.8
44.23365955864065 421.32180276767764 PSO 0.8
42.310283045654685 409.5561366895025 PSO 0.8
51.3280958314555 382.31417165434544 PSO 0.8
49.433713048408016 437.187015372336 PSO 0.8
46.77517352929407 385.6187330010816 PSO 0.8
44.40572678477874 363.7445602044891 PSO 0.8
46.26033791458067 385.43863106459975 PSO 0.8
48.2634429885461 371.0481705649721 PSO 0.8
41.87600346565772 371.5463233298832 PSO 0.8
46.19725285783972 412.4144928653258 PSO 0.8
49.74199316617654 446.5961748268961 PSO 0.8
45.917915560732524 452.13521940886983 PSO 0.8
43.222172094958545 422.25821831434894 PSO 0.8
45.3658751876426 411.6997076548638 PSO 0.8
41.802688239021364 418.6193247564718 PSO 0.8
39.30574155744215 420.78742574318056 PSO 0.8
37.64403499365315 395.5232025168866 PSO 0.8
43.511715776128945 412.5171589881738 PSO 0.8
41.65289541264707 403.3512052454763 PSO 0.8
48.79991844731654 447.49147187194677 PSO 0.8
49.801356145608395 377.0032397424509 PSO 0.8
42.811233874539155 435.9413211245982 PSO 0.8
51.991969095361625 367.5818396830127 PSO 0.8
41.72000648009194 385.79761847669437 PSO 0.8
41.03573408908747 438.23068461037275 PSO 0.8
42.84142059225665 367.584467878445 PSO 0.8
52.32748549497529 393.43738170042036 PSO 0.8
45.10521800871022 375.11239076604625 PSO 0.8
51.806522385425055 450.5711308309544 PSO 0.8
49.47726313321882 426.40506502908005 PSO 0.8
45.92952650774713 402.1027207361403 PSO 0.8
41.404916208016346 398.5498187086699 PSO 0.8
38.32573212443147 371.8939711321982 PSO 0.8
39.426287324802054 410.12459741944656 PSO 0.8
43.613843008970576 454.5011758432076 PSO 0.8
43.80386047887509 437.25128183362773 PSO 0.8
38.7019079043475 378.4983569262806 PSO 0.8
41.63704710889121 363.96434659798945 PSO 0.8
50.577321129748185 375.00006499781875 PSO 0.8
48.56369073361422 380.2195146432881 PSO 0.8
49.967026157913 440.52565064701577 PSO 0.8
40.99348591700339 383.5746113205907 PSO 0.8
48.30376205919331 427.17890084585713 PSO 0.8
34.93262472602774 404.6842297557008 PSO 0.8
48.391323948360316 438.63828775749846 PSO 0.8
41.53309057431989 375.4687487344858 PSO 0.8
51.081972694043046 383.5296635649478 PSO 0.8
42.05365762441294 386.702620959467 PSO 0.8
35.17852386606634 330.2734306799331 PSO 0.8
48.96457712948761 402.95855344140966 PSO 0.8
46.72377625228589 424.12878305748114 PSO 0.8
42.32688915681945 407.2385963609473 PSO 0.8
41.56736165261752 398.44103663646996 PSO 0.8
49.07697990557308 432.6137764579995 PSO 0.8
49.5638068797926 403.23572721043263 PSO 0.8
41.18151333545108 365.78101986547705 PSO 0.8
39.58655297104761 422.6217763281527 PSO 0.8
44.58620436992316 425.77314198635656 PSO 0.8
42.757934579332755 383.2425916030316 PSO 0.8
39.2115088589445 373.18302816723127 PSO 0.8
47.49659066541252 426.0045665045415 PSO 0.8
48.213585875855514 399.4434007782388 PSO 0.8
34.100000000000215 487.80000000001036 ICPCP 0.8
37.50000000000026 515.9000000000124 ICPCP 0.8
38.20000000000027 563.2000000000247 ICPCP 0.8
31.70000000000018 481.60000000000935 ICPCP 0.8
33.1000000000002 523.6000000000123 ICPCP 0.8
34.800000000000225 506.9000000000124 ICPCP 0.8
33.3000000000002 438.80000000001183 ICPCP 0.8
28.90000000000014 437.9000000000089 ICPCP 0.8
37.80000000000027 464.80000000000695 ICPCP 0.8
39.800000000000296 483.2000000000131 ICPCP 0.8
28.10000000000013 480.3000000000099 ICPCP 0.8
34.800000000000225 465.00000000000375 ICPCP 0.8
34.40000000000022 556.1000000000162 ICPCP 0.8
30.500000000000163 461.70000000000897 ICPCP 0.8
33.400000000000205 432.2000000000039 ICPCP 0.8
31.70000000000018 494.50000000001063 ICPCP 0.8
26.600000000000108 519.8000000000137 ICPCP 0.8
28.500000000000135 523.4000000000199 ICPCP 0.8
37.10000000000026 493.900000000006 ICPCP 0.8
32.30000000000019 436.00000000000836 ICPCP 0.8
34.40000000000022 535.600000000016 ICPCP 0.8
37.10000000000026 489.1000000000059 ICPCP 0.8
33.3000000000002 513.3000000000122 ICPCP 0.8
35.70000000000024 440.80000000000507 ICPCP 0.8
36.80000000000025 501.00000000001523 ICPCP 0.8
29.900000000000155 504.0000000000086 ICPCP 0.8
44.30000000000036 447.1000000000147 ICPCP 0.8
41.900000000000325 463.90000000001027 ICPCP 0.8
24.100000000000072 486.0000000000118 ICPCP 0.8
36.40000000000025 483.90000000000975 ICPCP 0.8
34.50000000000022 468.1000000000086 ICPCP 0.8
36.80000000000025 473.3000000000073 ICPCP 0.8
34.200000000000216 482.50000000000307 ICPCP 0.8
31.100000000000172 477.600000000009 ICPCP 0.8
29.000000000000142 471.90000000000936 ICPCP 0.8
30.500000000000163 522.0000000000122 ICPCP 0.8
34.00000000000021 524.9000000000117 ICPCP 0.8
27.800000000000125 426.90000000001254 ICPCP 0.8
30.90000000000017 516.500000000012 ICPCP 0.8
31.100000000000172 505.9000000000117 ICPCP 0.8
34.100000000000215 472.7000000000133 ICPCP 0.8
39.800000000000296 533.9000000000203 ICPCP 0.8
32.700000000000195 487.4000000000093 ICPCP 0.8
33.90000000000021 459.3000000000089 ICPCP 0.8
33.90000000000021 483.90000000001055 ICPCP 0.8
32.50000000000019 457.40000000000754 ICPCP 0.8
35.00000000000023 437.7000000000092 ICPCP 0.8
34.50000000000022 493.40000000000504 ICPCP 0.8
40.400000000000304 564.0000000000199 ICPCP 0.8
37.700000000000266 559.9000000000207 ICPCP 0.8
40.70000000000031 537.3000000000117 ICPCP 0.8
35.00000000000023 479.70000000001454 ICPCP 0.8
29.200000000000145 531.0000000000197 ICPCP 0.8
30.000000000000156 518.1000000000141 ICPCP 0.8
30.000000000000156 486.20000000000897 ICPCP 0.8
38.00000000000027 516.2000000000138 ICPCP 0.8
29.300000000000146 514.5000000000101 ICPCP 0.8
38.60000000000028 549.2000000000244 ICPCP 0.8
35.80000000000024 479.8000000000096 ICPCP 0.8
31.300000000000175 558.2000000000154 ICPCP 0.8
41.00000000000031 486.9000000000129 ICPCP 0.8
29.100000000000144 484.60000000001014 ICPCP 0.8
26.900000000000112 532.9000000000157 ICPCP 0.8
32.100000000000186 462.30000000000456 ICPCP 0.8
45.20000000000037 482.60000000000736 ICPCP 0.8
27.700000000000124 471.300000000008 ICPCP 0.8
38.20000000000027 544.1000000000206 ICPCP 0.8
41.50000000000032 529.3000000000147 ICPCP 0.8
29.50000000000015 503.1000000000152 ICPCP 0.8
33.2000000000002 508.5000000000138 ICPCP 0.8
36.00000000000024 456.8000000000053 ICPCP 0.8
32.40000000000019 499.5000000000116 ICPCP 0.8
31.300000000000175 547.1000000000133 ICPCP 0.8
37.40000000000026 528.2000000000197 ICPCP 0.8
30.800000000000168 493.4000000000125 ICPCP 0.8
28.90000000000014 466.9000000000074 ICPCP 0.8
36.80000000000025 484.80000000000564 ICPCP 0.8
42.30000000000033 481.2000000000064 ICPCP 0.8
37.50000000000026 534.200000000018 ICPCP 0.8
27.700000000000124 462.9000000000063 ICPCP 0.8
34.40000000000022 523.7000000000116 ICPCP 0.8
27.100000000000115 504.6000000000083 ICPCP 0.8
38.300000000000274 549.7000000000235 ICPCP 0.8
27.800000000000125 476.50000000001046 ICPCP 0.8
39.30000000000029 487.000000000011 ICPCP 0.8
34.00000000000021 471.3000000000063 ICPCP 0.8
27.000000000000114 407.6000000000053 ICPCP 0.8
39.100000000000286 519.7000000000162 ICPCP 0.8
39.40000000000029 539.1000000000193 ICPCP 0.8
25.900000000000098 529.8000000000173 ICPCP 0.8
29.400000000000148 456.0000000000064 ICPCP 0.8
28.400000000000134 539.3000000000197 ICPCP 0.8
34.40000000000022 506.8000000000091 ICPCP 0.8
37.700000000000266 470.30000000000933 ICPCP 0.8
29.400000000000148 528.4000000000184 ICPCP 0.8
30.800000000000168 505.00000000000847 ICPCP 0.8
29.60000000000015 453.90000000000634 ICPCP 0.8
29.000000000000142 468.2000000000092 ICPCP 0.8
40.0000000000003 547.7000000000223 ICPCP 0.8
37.80000000000027 488.4000000000157 ICPCP 0.8
