Makespan cost algorithm alphavalue
21.003080855469303 329.2667112005826 DeepWS 0.2
27.038330413985967 365.1201884912666 DeepWS 0.2
23.04106992210987 397.94739417740726 DeepWS 0.2
25.60490064002316 403.73468907923143 DeepWS 0.2
30.01433794688497 380.0722168353247 DeepWS 0.2
23.05817757658529 347.67271874582593 DeepWS 0.2
22.628070256370915 338.67427309522253 DeepWS 0.2
21.84437551479268 367.0961947535892 DeepWS 0.2
22.468053348632683 430.1380167463851 DeepWS 0.2
24.609388269207574 435.6760519141447 DeepWS 0.2
24.2565553826538 391.3838155160885 DeepWS 0.2
21.139733735549044 353.3253343020952 DeepWS 0.2
30.298692087496814 437.30426824708786 DeepWS 0.2
27.086652910692017 434.6948122524865 DeepWS 0.2
21.577575163959928 390.8201269202564 DeepWS 0.2
24.942100465509537 390.27093273618027 DeepWS 0.2
28.78942142962668 383.5990885018953 DeepWS 0.2
24.74154270441429 404.3910318986557 DeepWS 0.2
33.845857803031855 343.84382290862874 DeepWS 0.2
24.462371956389934 387.96144732541717 DeepWS 0.2
20.04459796798632 385.0721915351517 DeepWS 0.2
26.18904897766617 382.144581402733 DeepWS 0.2
26.899625382374236 442.512973755185 DeepWS 0.2
23.711753882919528 334.68489960978616 DeepWS 0.2
35.40178369251224 412.5378847576072 DeepWS 0.2
32.3138935437454 306.9288182389371 DeepWS 0.2
43.183137412961436 412.2612180481503 DeepWS 0.2
29.725153628900145 465.6488349311794 DeepWS 0.2
24.652889012315804 384.3566411716708 DeepWS 0.2
34.026429584224395 427.4906512709743 DeepWS 0.2
33.89311722131573 431.7297703249113 DeepWS 0.2
23.279096739478156 434.3473496297381 DeepWS 0.2
25.70961921852066 399.25193267304826 DeepWS 0.2
28.80339606788061 436.07247945204233 DeepWS 0.2
22.654143799997545 385.6760995882936 DeepWS 0.2
30.91910355177819 379.34500858794956 DeepWS 0.2
23.886114147874416 409.57708267726855 DeepWS 0.2
27.293993567444453 416.6190583370604 DeepWS 0.2
26.52581556090082 367.02694477345733 DeepWS 0.2
22.788824423717937 361.16722285997304 DeepWS 0.2
24.928882232107547 408.70181062321575 DeepWS 0.2
30.062896325600377 440.8314245407733 DeepWS 0.2
29.72959944146358 444.559279924751 DeepWS 0.2
23.618374069380735 404.017734947217 DeepWS 0.2
26.102401943694264 375.63623881191177 DeepWS 0.2
25.3332974424891 384.16724860939775 DeepWS 0.2
24.98724802794183 456.73295017197034 DeepWS 0.2
30.67927134452289 429.2644173934723 DeepWS 0.2
22.89084900284385 333.59117055464736 DeepWS 0.2
27.814053363063653 383.30084074130207 DeepWS 0.2
23.223298202862697 328.0286105170367 DeepWS 0.2
23.652044774970683 340.3282256345745 DeepWS 0.2
25.788335452096796 453.1328606518076 DeepWS 0.2
25.018505938362928 398.03518580894223 DeepWS 0.2
23.1914366832962 326.36393958697977 DeepWS 0.2
26.857568203828272 405.07780846728184 DeepWS 0.2
26.117720910781166 341.3116509999268 DeepWS 0.2
27.952135803129707 412.325123607971 DeepWS 0.2
21.28229876899571 344.261655410458 DeepWS 0.2
22.2923615280642 363.05637219524937 DeepWS 0.2
23.59886063364437 443.48351809905614 DeepWS 0.2
22.68465474925545 401.65089318148733 DeepWS 0.2
27.75603658706606 402.8222922374173 DeepWS 0.2
20.806276043275265 366.4629140914998 DeepWS 0.2
22.79208437794044 419.8564231584353 DeepWS 0.2
28.822920311713396 403.9150487844606 DeepWS 0.2
25.451290889485843 450.91123261130105 DeepWS 0.2
21.686577730169756 364.1701447767114 DeepWS 0.2
27.07445516113968 406.4278500120099 DeepWS 0.2
25.302598345870315 359.1252132940126 DeepWS 0.2
23.03741137127414 368.63169537935846 DeepWS 0.2
33.59947266955121 398.8552528703031 DeepWS 0.2
21.44517741107424 371.3936579079989 DeepWS 0.2
24.923916130462686 382.9843013189417 DeepWS 0.2
29.07347596975453 457.6894271269299 DeepWS 0.2
26.845011170547476 421.9034980821861 DeepWS 0.2
19.993873705841352 354.73205811349277 DeepWS 0.2
32.35324422453113 410.21994422419954 DeepWS 0.2
22.965690931811444 389.3099106096545 DeepWS 0.2
27.743700267946615 440.66959804280407 DeepWS 0.2
21.900457990685 357.93955750205777 DeepWS 0.2
24.427052210450967 401.86742552513664 DeepWS 0.2
27.115074383191935 442.99107952981694 DeepWS 0.2
27.22831438814671 418.9105641815302 DeepWS 0.2
25.683660607625825 392.75194875136793 DeepWS 0.2
27.95655134846915 364.34175109354027 DeepWS 0.2
22.77461810220218 337.76209657479615 DeepWS 0.2
41.40988368989596 336.2294419310074 DeepWS 0.2
26.70539061216445 346.2893157365419 DeepWS 0.2
20.75193065496308 384.6354284920761 DeepWS 0.2
24.20418526761854 376.9890163374853 DeepWS 0.2
25.24245055555791 392.40476057649164 DeepWS 0.2
23.495355140777022 386.7005965248924 DeepWS 0.2
26.301888752334293 371.8017427400714 DeepWS 0.2
34.71670913984163 450.644159925963 DeepWS 0.2
21.747439364908484 400.4877288188941 DeepWS 0.2
24.300879023237826 329.1887100276539 DeepWS 0.2
28.325893895542112 386.84570366668277 DeepWS 0.2
25.6907232853683 377.37133181359405 DeepWS 0.2
23.530767599934826 360.691948287998 DeepWS 0.2
23.293896398215676 344.3506900911507 SCS 0.2
26.868051101912016 402.6316029604683 SCS 0.2
27.981797474476675 427.966751223003 SCS 0.2
28.76695399681008 399.68631690224663 SCS 0.2
30.47235344957639 385.2357688799121 SCS 0.2
27.119514857410927 331.5301701033218 SCS 0.2
25.430615920836797 356.45601912166717 SCS 0.2
26.097741213472755 364.3483267072691 SCS 0.2
26.87711631333337 434.60933054717793 SCS 0.2
27.385916800500645 414.8676181466712 SCS 0.2
25.239110344851742 389.0591976414932 SCS 0.2
25.359730848446382 350.2976991681466 SCS 0.2
33.57962649991238 465.3640349976869 SCS 0.2
28.39223636738575 412.08535673619156 SCS 0.2
26.244532115322365 381.37351893731403 SCS 0.2
28.974373891311473 423.59075485818875 SCS 0.2
31.5747449329929 408.9335650556536 SCS 0.2
26.887674713396645 428.88826042363957 SCS 0.2
24.808465033474626 336.663965585831 SCS 0.2
30.15138991253383 401.69908490701494 SCS 0.2
25.298333898731293 402.43874763071744 SCS 0.2
28.983349928624072 383.341572650496 SCS 0.2
28.770977633359887 435.3502061491475 SCS 0.2
26.226796367395803 342.59202642075763 SCS 0.2
34.88783101782137 448.36673190571054 SCS 0.2
24.85268721070377 316.449908151872 SCS 0.2
30.14328664786096 475.29991550674185 SCS 0.2
34.200386906976036 498.79211873932945 SCS 0.2
29.84255392330334 408.69835103277927 SCS 0.2
32.18776980704927 444.4603485723599 SCS 0.2
34.783955968075055 448.2084033361237 SCS 0.2
28.35790375395976 407.6187966379744 SCS 0.2
30.290080039433523 440.9086521789793 SCS 0.2
34.41097821272636 431.5737903859834 SCS 0.2
26.61773237475212 419.31268948255365 SCS 0.2
33.577975620371625 380.964952947967 SCS 0.2
26.410548874677914 417.0265784606393 SCS 0.2
31.116201236585788 446.74625256231775 SCS 0.2
29.32356039181768 385.9328837183191 SCS 0.2
26.754383926146637 387.6124484244993 SCS 0.2
27.36605206391456 421.31656402472714 SCS 0.2
33.94818162125533 449.8187260032108 SCS 0.2
31.201662540841774 444.21838442321973 SCS 0.2
25.88369954982942 441.4647496024907 SCS 0.2
30.137238056785353 392.98406703921023 SCS 0.2
30.741778871417086 387.3155357172136 SCS 0.2
28.675889262049342 483.8886613321011 SCS 0.2
33.95097375351279 435.7674034721303 SCS 0.2
26.65158201441582 360.7974013669819 SCS 0.2
32.85829958076211 404.66712209365863 SCS 0.2
26.004790152271816 331.4158444710547 SCS 0.2
26.560447324999725 344.3213130452652 SCS 0.2
29.069901629720512 448.4791374274283 SCS 0.2
31.11536281210015 435.8300150604334 SCS 0.2
24.11699672043652 349.62696360087045 SCS 0.2
30.87387465647911 431.17448177493986 SCS 0.2
25.962498693010623 335.0381258453382 SCS 0.2
30.76089733528726 443.8248787594199 SCS 0.2
24.545544073527427 341.82693711734805 SCS 0.2
28.115794358782654 376.1422282134539 SCS 0.2
31.5240251699681 433.35912688333633 SCS 0.2
29.882849470945168 428.8127934278222 SCS 0.2
33.23892224590414 435.5714554929694 SCS 0.2
21.89373378460946 368.3946992110965 SCS 0.2
26.54115547873856 406.4981598355047 SCS 0.2
35.37294262449508 414.0653089968969 SCS 0.2
34.25604586209119 431.75953309265714 SCS 0.2
26.574034953101332 386.59994090901665 SCS 0.2
29.558655605107003 403.6602299851627 SCS 0.2
24.56621321960268 392.7580042522247 SCS 0.2
25.052984684512996 381.75297144135635 SCS 0.2
31.8157793631527 420.639935162066 SCS 0.2
25.135799346780118 352.153955794446 SCS 0.2
30.44332310501071 403.635580168054 SCS 0.2
31.846197286304406 461.7617243770547 SCS 0.2
32.54419664385606 423.50258108335333 SCS 0.2
29.392823578879575 347.9046895877239 SCS 0.2
32.7562331261957 434.3913092478706 SCS 0.2
26.121635460116718 388.16233751870203 SCS 0.2
33.169976141992 471.97517959592255 SCS 0.2
25.595612114227496 375.23483758361056 SCS 0.2
31.73314748988684 404.09812418890454 SCS 0.2
31.925758107184222 448.0511040131289 SCS 0.2
28.19241428691476 407.4301954720897 SCS 0.2
31.405209120557497 422.1787258424243 SCS 0.2
29.864551679558595 370.67086111599883 SCS 0.2
25.672134491866295 320.02687558597296 SCS 0.2
26.292859225649863 360.889484895988 SCS 0.2
28.287504571568416 358.7639967198389 SCS 0.2
24.623500431464485 389.03757072705787 SCS 0.2
27.353138296884392 383.6641450552974 SCS 0.2
28.488158781676926 409.1372871832969 SCS 0.2
26.61329484636124 354.9764143928066 SCS 0.2
28.120372858114827 371.992960295535 SCS 0.2
33.394903324024526 487.98090993961443 SCS 0.2
28.912247236290508 406.4629823646733 SCS 0.2
24.590786870566685 342.79895016051654 SCS 0.2
29.59965283418727 407.47352517369916 SCS 0.2
28.227784810164234 415.20779658585593 SCS 0.2
26.84585713686729 380.8700987445044 SCS 0.2
70.32774386570301 284.2638072596106 PSO 0.2
61.24517092989458 323.96606606561636 PSO 0.2
61.0306914428942 371.16321376807133 PSO 0.2
73.2934323466282 350.25120552774854 PSO 0.2
48.29042113560711 367.74665107212235 PSO 0.2
52.3277451308146 312.88351950981945 PSO 0.2
66.66821864253299 335.1459590259457 PSO 0.2
38.58207325680034 349.9356042397839 PSO 0.2
55.29924641967432 369.38364333672496 PSO 0.2
53.90122749039888 381.41699256128874 PSO 0.2
43.699889183671566 342.5912851477804 PSO 0.2
57.226320955162386 313.58502955254335 PSO 0.2
52.368952177637766 399.5352672897533 PSO 0.2
76.10629998965052 364.20220922708904 PSO 0.2
44.09725538201765 378.79365196679584 PSO 0.2
47.311902779107285 350.733835633919 PSO 0.2
66.656800078823 356.8763490222299 PSO 0.2
71.03602743877268 350.0351820969267 PSO 0.2
61.391428996439565 307.4979094385951 PSO 0.2
69.22743606389102 355.50658926755204 PSO 0.2
45.07374996599668 346.27384200819995 PSO 0.2
42.83706822532701 353.9192577462304 PSO 0.2
73.87829384446383 382.8858542670502 PSO 0.2
55.66680953727672 304.6638301530616 PSO 0.2
105.45023958710493 367.24508247297024 PSO 0.2
59.10697140767132 273.1679486376682 PSO 0.2
51.04820907166938 400.85830284301204 PSO 0.2
97.82981412367249 423.97541639300994 PSO 0.2
76.72910502424882 341.28840903066117 PSO 0.2
60.92678722906193 376.6618666742741 PSO 0.2
73.68674896383855 395.96615752012826 PSO 0.2
64.48984694842504 388.26901654671144 PSO 0.2
75.85102771584663 372.6757433976044 PSO 0.2
51.58704361316942 400.9488042676877 PSO 0.2
46.3737631003312 331.33003956011606 PSO 0.2
48.58176850147703 367.5308463786721 PSO 0.2
79.81532682827009 377.8427319753244 PSO 0.2
70.1055722142739 374.44129114610064 PSO 0.2
51.84447308224621 341.41719559786725 PSO 0.2
25.311025946516903 368.60468958697885 PSO 0.2
69.47281145648277 394.65438287975525 PSO 0.2
69.12130874582479 414.2308311471856 PSO 0.2
66.83140303721211 393.3031852464568 PSO 0.2
51.39703285761314 375.1396354616755 PSO 0.2
60.40451959836778 335.24016518186426 PSO 0.2
65.3911787924007 347.9406422264521 PSO 0.2
64.87789289319275 387.52604918294526 PSO 0.2
89.26964462872238 381.9858411871172 PSO 0.2
68.6566807788698 302.012966364867 PSO 0.2
105.11436918898974 344.81291913408376 PSO 0.2
58.644831970173215 295.06958407165473 PSO 0.2
67.72189552623158 325.30090400058805 PSO 0.2
78.90832377211485 390.20744148698907 PSO 0.2
96.679224416535 350.149531258974 PSO 0.2
53.48057039111987 301.43423307198066 PSO 0.2
45.624960550326115 352.65134484097297 PSO 0.2
47.144400198694385 295.42184422468966 PSO 0.2
64.10167742103872 366.3843389225609 PSO 0.2
67.47637046953142 302.7358115016826 PSO 0.2
63.140008817142494 343.16894222177433 PSO 0.2
43.38644160097824 369.31791482243165 PSO 0.2
48.45035748556737 355.9212829007063 PSO 0.2
58.58299387447349 356.4649506683134 PSO 0.2
50.76875333744511 331.778554949563 PSO 0.2
61.25417062410087 341.65748742801856 PSO 0.2
63.85655873321059 367.94565815009724 PSO 0.2
53.535167140871515 391.6257486477103 PSO 0.2
78.25658230417723 333.83734010283104 PSO 0.2
72.66537795195875 366.9301252016429 PSO 0.2
57.5886981033353 340.57286565397624 PSO 0.2
40.35399175620502 351.0158477825255 PSO 0.2
66.44928271122491 367.53132660544475 PSO 0.2
50.7684554220078 324.7065171354311 PSO 0.2
73.08816054711029 349.47688264592045 PSO 0.2
75.74627365291202 399.24602829929427 PSO 0.2
69.36288607582918 374.744756203879 PSO 0.2
41.257650237969756 327.7349398106151 PSO 0.2
61.450520458516344 380.85951089233737 PSO 0.2
77.92262751721725 345.9995265697851 PSO 0.2
60.67642403025236 414.0603910624871 PSO 0.2
50.06700547101039 317.7140380872645 PSO 0.2
61.75266838947765 378.77595417480427 PSO 0.2
74.86552988134864 398.3885596394832 PSO 0.2
73.59596441118833 402.16336137759396 PSO 0.2
89.75404077629615 351.5311903897694 PSO 0.2
72.4724733360688 330.7174801261211 PSO 0.2
48.06644010946091 307.4741278194852 PSO 0.2
63.805298918336874 345.82092421792066 PSO 0.2
57.13477049221643 309.9290368057018 PSO 0.2
64.77755039386714 333.6939686168711 PSO 0.2
56.8868947618333 329.66527665250044 PSO 0.2
64.5214860403721 352.3090139764379 PSO 0.2
50.727282422475724 341.39700006155067 PSO 0.2
58.17115696920267 335.00058808490246 PSO 0.2
58.78959919846285 418.3013731350701 PSO 0.2
64.75384410407901 350.59852611960895 PSO 0.2
56.51992634362974 312.37831032958366 PSO 0.2
73.65759681293645 349.7774761845859 PSO 0.2
70.37963451556851 351.6686519731976 PSO 0.2
62.91706486279907 321.6095390410324 PSO 0.2
25.000000000000085 373.99999999999534 ICPCP 0.2
13.199999999999969 405.59999999999997 ICPCP 0.2
16.19999999999996 451.1999999999997 ICPCP 0.2
15.199999999999962 435.9999999999994 ICPCP 0.2
24.70000000000008 445.1999999999983 ICPCP 0.2
27.300000000000118 336.9999999999958 ICPCP 0.2
15.69999999999996 389.1999999999984 ICPCP 0.2
17.999999999999986 393.5999999999987 ICPCP 0.2
15.69999999999996 457.1999999999999 ICPCP 0.2
16.699999999999967 457.19999999999936 ICPCP 0.2
11.099999999999977 447.20000000000266 ICPCP 0.2
18.39999999999999 372.19999999999965 ICPCP 0.2
26.400000000000105 498.1999999999983 ICPCP 0.2
18.699999999999996 451.3999999999981 ICPCP 0.2
8.499999999999986 433.60000000000184 ICPCP 0.2
20.000000000000014 414.99999999999966 ICPCP 0.2
21.20000000000003 424.79999999999905 ICPCP 0.2
13.199999999999969 442.40000000000083 ICPCP 0.2
18.29999999999999 376.79999999999967 ICPCP 0.2
17.999999999999986 421.5999999999996 ICPCP 0.2
8.799999999999985 424.0000000000017 ICPCP 0.2
15.59999999999996 426.40000000000146 ICPCP 0.2
9.89999999999998 481.6000000000025 ICPCP 0.2
11.299999999999976 379.20000000000175 ICPCP 0.2
27.200000000000117 477.59999999999854 ICPCP 0.2
24.60000000000008 340.3999999999981 ICPCP 0.2
11.999999999999973 484.0000000000031 ICPCP 0.2
16.19999999999996 527.2000000000025 ICPCP 0.2
19.900000000000013 406.3999999999988 ICPCP 0.2
15.89999999999996 469.60000000000093 ICPCP 0.2
18.9 464.79999999999933 ICPCP 0.2
15.59999999999996 454.40000000000066 ICPCP 0.2
12.99999999999997 458.4000000000032 ICPCP 0.2
17.49999999999998 478.40000000000157 ICPCP 0.2
15.59999999999996 422.39999999999986 ICPCP 0.2
23.000000000000057 421.5999999999976 ICPCP 0.2
12.399999999999972 463.2000000000033 ICPCP 0.2
12.69999999999997 467.2000000000026 ICPCP 0.2
12.79999999999997 428.00000000000233 ICPCP 0.2
17.099999999999973 402.40000000000197 ICPCP 0.2
9.699999999999982 489.60000000000264 ICPCP 0.2
16.599999999999966 472.80000000000166 ICPCP 0.2
10.599999999999978 510.40000000000293 ICPCP 0.2
9.099999999999984 476.80000000000246 ICPCP 0.2
25.200000000000088 389.99999999999767 ICPCP 0.2
28.10000000000013 400.99999999999534 ICPCP 0.2
11.499999999999975 491.2000000000032 ICPCP 0.2
21.80000000000004 465.5999999999989 ICPCP 0.2
13.799999999999967 406.00000000000034 ICPCP 0.2
34.00000000000021 425.7999999999962 ICPCP 0.2
18.29999999999999 340.60000000000025 ICPCP 0.2
17.999999999999986 367.60000000000116 ICPCP 0.2
10.699999999999978 494.4000000000027 ICPCP 0.2
28.500000000000135 412.1999999999991 ICPCP 0.2
12.099999999999973 389.6000000000019 ICPCP 0.2
17.49999999999998 436.4000000000018 ICPCP 0.2
15.499999999999961 361.0000000000001 ICPCP 0.2
18.29999999999999 466.19999999999965 ICPCP 0.2
17.999999999999986 368.1999999999993 ICPCP 0.2
18.599999999999994 385.39999999999725 ICPCP 0.2
10.399999999999979 489.60000000000264 ICPCP 0.2
20.000000000000014 424.5999999999994 ICPCP 0.2
25.30000000000009 425.9999999999987 ICPCP 0.2
9.499999999999982 421.6000000000021 ICPCP 0.2
24.100000000000072 435.199999999999 ICPCP 0.2
26.400000000000105 429.19999999999874 ICPCP 0.2
18.699999999999996 474.3999999999986 ICPCP 0.2
24.400000000000077 388.3999999999979 ICPCP 0.2
13.899999999999967 436.0000000000034 ICPCP 0.2
13.399999999999968 417.19999999999965 ICPCP 0.2
8.599999999999985 436.8000000000019 ICPCP 0.2
22.100000000000044 429.39999999999964 ICPCP 0.2
12.89999999999997 386.4000000000008 ICPCP 0.2
25.900000000000098 418.79999999999797 ICPCP 0.2
15.79999999999996 501.6000000000004 ICPCP 0.2
19.0 453.59999999999985 ICPCP 0.2
24.70000000000008 378.79999999999734 ICPCP 0.2
25.700000000000095 448.19999999999845 ICPCP 0.2
14.499999999999964 425.99999999999994 ICPCP 0.2
17.799999999999983 492.7999999999989 ICPCP 0.2
13.299999999999969 385.6000000000011 ICPCP 0.2
19.70000000000001 406.39999999999714 ICPCP 0.2
17.49999999999998 462.40000000000157 ICPCP 0.2
22.300000000000047 435.1999999999978 ICPCP 0.2
19.70000000000001 439.999999999999 ICPCP 0.2
18.499999999999993 411.3999999999987 ICPCP 0.2
17.199999999999974 373.3999999999998 ICPCP 0.2
12.299999999999972 411.60000000000065 ICPCP 0.2
17.59999999999998 368.4000000000007 ICPCP 0.2
10.799999999999978 436.0000000000023 ICPCP 0.2
9.89999999999998 438.4000000000019 ICPCP 0.2
15.099999999999962 404.4000000000019 ICPCP 0.2
18.29999999999999 431.3999999999994 ICPCP 0.2
17.399999999999977 416.19999999999874 ICPCP 0.2
17.299999999999976 516.400000000001 ICPCP 0.2
11.199999999999976 459.2000000000025 ICPCP 0.2
17.799999999999983 373.7999999999998 ICPCP 0.2
17.999999999999986 410.799999999998 ICPCP 0.2
17.49999999999998 411.19999999999806 ICPCP 0.2
20.200000000000017 407.6 ICPCP 0.2
34.52330103578683 305.5913927905422 DeepWS 0.4
32.10911339756986 347.1248905660322 DeepWS 0.4
31.457273982120803 363.7417699877933 DeepWS 0.4
30.844066459203297 361.46974519777245 DeepWS 0.4
39.14648760822603 385.0296532838539 DeepWS 0.4
36.58436584853271 308.28923903138855 DeepWS 0.4
27.775553428881786 326.88539155480464 DeepWS 0.4
30.03475228699186 339.87467119683225 DeepWS 0.4
31.53746241278851 391.5410790872715 DeepWS 0.4
31.392420780671994 367.60599373533165 DeepWS 0.4
29.17045344862424 359.1435512045881 DeepWS 0.4
28.575086448562697 320.6510377510383 DeepWS 0.4
39.68174603926926 406.2251291026432 DeepWS 0.4
33.8420616302055 384.0970809837942 DeepWS 0.4
29.160605626813847 351.1447338787351 DeepWS 0.4
32.95947223712605 355.32118323268196 DeepWS 0.4
37.680337286136464 355.1723613454066 DeepWS 0.4
31.378889714045336 360.2691927092999 DeepWS 0.4
37.95604525595825 311.23423962548225 DeepWS 0.4
34.5948203396739 360.72985994607933 DeepWS 0.4
28.024439260316488 344.70778821023873 DeepWS 0.4
35.441534674033036 366.3765732799454 DeepWS 0.4
31.962556141790643 378.33806528266547 DeepWS 0.4
30.62555401106744 313.90279623507763 DeepWS 0.4
40.57831707811093 400.91801236702963 DeepWS 0.4
36.15531922196368 297.5321737128311 DeepWS 0.4
38.233421387875744 409.52615681981143 DeepWS 0.4
37.74267905093816 422.40418648917563 DeepWS 0.4
35.64224073948724 354.48802831199436 DeepWS 0.4
39.65723910053784 409.7613780559672 DeepWS 0.4
35.068928552456555 391.31400160769226 DeepWS 0.4
34.058624926498 371.64931334984817 DeepWS 0.4
37.48092994765394 402.0184080165757 DeepWS 0.4
38.18411123608521 399.0657488913986 DeepWS 0.4
31.570587035813315 353.41578809070006 DeepWS 0.4
38.35444369142715 353.1027089715619 DeepWS 0.4
29.916882128662344 378.2492441239155 DeepWS 0.4
35.523429503254775 379.4532611278362 DeepWS 0.4
32.892024682756784 326.8195135334239 DeepWS 0.4
31.077574728608795 346.16302673858354 DeepWS 0.4
32.653774559906545 393.8818563801919 DeepWS 0.4
38.56297653987875 414.596093721872 DeepWS 0.4
32.616409164537494 393.5019849465604 DeepWS 0.4
26.993121093575592 379.48179233006715 DeepWS 0.4
34.76055546695142 346.46244452124154 DeepWS 0.4
35.55588471070567 358.40463938392884 DeepWS 0.4
32.466522065818495 399.84584694282074 DeepWS 0.4
39.60766264514737 395.7462143452392 DeepWS 0.4
29.715618243619947 320.6758886681324 DeepWS 0.4
36.72829415102723 367.4105340341542 DeepWS 0.4
29.28698093153372 309.95532198502985 DeepWS 0.4
31.125262264283066 323.1596269104775 DeepWS 0.4
34.59690179419346 398.6881962182623 DeepWS 0.4
36.95096112870132 367.15546572301656 DeepWS 0.4
27.882295076291733 303.1719664822075 DeepWS 0.4
37.05291003553468 379.3497108544394 DeepWS 0.4
30.663397356826824 313.40944588532255 DeepWS 0.4
35.64330297612995 389.77344676774084 DeepWS 0.4
27.294372847450095 311.3566216577074 DeepWS 0.4
34.36733734442299 345.5299696182597 DeepWS 0.4
33.134281975387026 386.90664586100064 DeepWS 0.4
35.03434443124738 356.3656559108814 DeepWS 0.4
38.59636673918457 383.84397790447446 DeepWS 0.4
25.924065589185794 338.8443686667749 DeepWS 0.4
33.19957283447657 373.5612562220886 DeepWS 0.4
40.01502730122244 373.9735412404319 DeepWS 0.4
33.20284027076951 404.55807497293324 DeepWS 0.4
31.227042492531055 331.29557412145283 DeepWS 0.4
37.74817038211009 373.4973297434604 DeepWS 0.4
28.252943717470313 335.1873112013545 DeepWS 0.4
26.623719130380735 337.4486173916032 DeepWS 0.4
38.27385977490339 368.1162985223475 DeepWS 0.4
27.388955003963023 334.0189446436758 DeepWS 0.4
36.77718493613261 366.85440643891616 DeepWS 0.4
48.97304445340123 424.70955263875584 DeepWS 0.4
35.6789310922101 388.20412147079736 DeepWS 0.4
33.64970026069376 330.3242522285468 DeepWS 0.4
39.61258565536083 386.52414004512036 DeepWS 0.4
29.690394474450443 344.31431044353974 DeepWS 0.4
37.09488280839738 401.7993956205909 DeepWS 0.4
28.109766752552456 315.13273314664275 DeepWS 0.4
32.461837999065004 368.2973005086802 DeepWS 0.4
38.93281151561271 413.52548189468865 DeepWS 0.4
32.9148256040066 371.5084128449303 DeepWS 0.4
36.50023069938219 367.3355800249907 DeepWS 0.4
35.464069805210784 338.36363738285723 DeepWS 0.4
31.198004957613524 313.1097429301895 DeepWS 0.4
30.792954470882275 346.55986289518916 DeepWS 0.4
33.33894462278079 340.70187189186674 DeepWS 0.4
26.734654662495583 336.68287243549986 DeepWS 0.4
42.541424888704945 364.7518573530319 DeepWS 0.4
32.93166699018221 344.73408666111436 DeepWS 0.4
30.991857853350297 339.59024113221125 DeepWS 0.4
30.836860199167667 327.4220341563697 DeepWS 0.4
39.99106115133809 429.8732553488626 DeepWS 0.4
29.847774808937924 367.92516883041253 DeepWS 0.4
27.91240935398085 309.77170381698096 DeepWS 0.4
33.49125804833701 347.37578053340724 DeepWS 0.4
33.51983271383531 361.18790984909225 DeepWS 0.4
33.45298605091162 337.3243323339552 DeepWS 0.4
38.43248362009127 305.9046068275697 SCS 0.4
43.64961705117118 327.14044586916776 SCS 0.4
46.660686812154125 384.5863441924039 SCS 0.4
46.37541400009602 364.85118025103696 SCS 0.4
50.563092796291976 378.6885193425852 SCS 0.4
41.42349916863911 294.66405542953123 SCS 0.4
41.8022197311331 331.4629471263402 SCS 0.4
43.28885063254776 335.2838437564617 SCS 0.4
45.54528528765072 396.57723936007864 SCS 0.4
44.03997791195933 365.7895671967529 SCS 0.4
40.415477173829345 364.4182820900482 SCS 0.4
40.904145404056386 324.1810070675058 SCS 0.4
55.33541824164968 400.72092736737574 SCS 0.4
46.417554923269776 387.9537370591758 SCS 0.4
43.32313727262269 363.7058634788416 SCS 0.4
46.545153860284515 350.0769103871945 SCS 0.4
52.930502261779004 351.92218996573513 SCS 0.4
43.96255180509122 389.07888041249697 SCS 0.4
41.62443151614065 303.4647817073601 SCS 0.4
49.71567151493467 360.30418167228413 SCS 0.4
38.816690011266054 346.8020738321558 SCS 0.4
48.15458396440351 364.2700983479531 SCS 0.4
46.61582044925907 389.8995556006731 SCS 0.4
42.39527943080287 310.58966065984725 SCS 0.4
57.29968014521661 391.09150993106914 SCS 0.4
39.68813072782351 283.9792110246374 SCS 0.4
48.94113377721942 414.14911182932946 SCS 0.4
58.31330635310511 418.8196416909828 SCS 0.4
50.97744261385915 365.2616786229731 SCS 0.4
54.641408660181284 397.29492520558983 SCS 0.4
54.18850965854049 395.0752618751141 SCS 0.4
46.18234053669689 378.24513712000527 SCS 0.4
49.367567899857384 362.7245119870339 SCS 0.4
54.03402755139601 406.4462064763768 SCS 0.4
43.77740367994124 369.10533202937626 SCS 0.4
54.01158081480297 348.4723066481786 SCS 0.4
44.15365223314254 378.5748001447208 SCS 0.4
55.12221686623828 403.28001853940617 SCS 0.4
47.7330716865974 347.7811239325506 SCS 0.4
44.274920991457805 332.41641680060894 SCS 0.4
44.556061213451756 385.4274359922841 SCS 0.4
53.793478064074954 412.20784296903884 SCS 0.4
46.555483396578985 398.7681970192349 SCS 0.4
39.24158162486253 391.43135321112675 SCS 0.4
52.802723704565985 343.1512290148334 SCS 0.4
51.22529875260336 336.6227078925057 SCS 0.4
47.14299017303776 429.21141948077184 SCS 0.4
55.15144391928333 400.8062063772821 SCS 0.4
42.090432491746554 309.02740171200224 SCS 0.4
53.39629655010255 341.2838713504347 SCS 0.4
45.083899371055736 315.4437136291847 SCS 0.4
44.214196565195614 312.4584121771163 SCS 0.4
49.65478113806658 394.9939366152704 SCS 0.4
52.540517986138326 370.968779992817 SCS 0.4
38.79461745781816 329.02230283403424 SCS 0.4
51.10662080425158 365.37518270454876 SCS 0.4
42.78309652493522 303.3086908733279 SCS 0.4
49.72744519737489 386.8022662656003 SCS 0.4
41.61300403409703 318.1849777849648 SCS 0.4
45.752214399931844 339.1509692764016 SCS 0.4
47.98757424414245 395.29576966512553 SCS 0.4
49.57702118305283 359.2255857309569 SCS 0.4
54.2130530108193 377.44143881068555 SCS 0.4
36.39394560439391 352.387721694327 SCS 0.4
44.81109533722389 386.36477866094947 SCS 0.4
57.07306157957658 377.53848730848966 SCS 0.4
47.55487982421508 389.1895035067296 SCS 0.4
43.26538334169814 332.44988266245014 SCS 0.4
52.43959102769266 372.5148267969465 SCS 0.4
42.01263544933486 360.0692035431307 SCS 0.4
39.052711375214514 335.29237042072384 SCS 0.4
52.365225062832494 373.83328394912604 SCS 0.4
39.04915546909606 317.88752443696956 SCS 0.4
51.60748407335256 365.7238094422066 SCS 0.4
52.20751137714041 412.9229086091453 SCS 0.4
49.71108833215791 381.23267906945864 SCS 0.4
49.00784784477392 325.06232293467053 SCS 0.4
55.50788073077979 403.36160147914245 SCS 0.4
42.471193603846686 334.3255012069465 SCS 0.4
53.671767093513445 404.0767406768626 SCS 0.4
44.168283713087824 366.9475853535334 SCS 0.4
47.63089774391397 371.3750772399394 SCS 0.4
53.273510469384256 417.93310399626756 SCS 0.4
48.21475851983355 376.12637815559486 SCS 0.4
51.19706070730579 388.8415787612276 SCS 0.4
52.89035272318315 341.9600817515769 SCS 0.4
42.17377684949373 290.54750861983973 SCS 0.4
41.8030153216535 335.74413310654046 SCS 0.4
46.67003156868555 325.957412984596 SCS 0.4
40.12056683525481 356.6716986692038 SCS 0.4
47.02927015810863 355.59673763271974 SCS 0.4
47.145363234782884 368.57505267353974 SCS 0.4
42.89863597451114 330.3085523936502 SCS 0.4
47.56705951204463 337.67385260743384 SCS 0.4
56.84271701525699 425.7260073774172 SCS 0.4
41.49637717686541 342.9996681958353 SCS 0.4
41.08789799405779 313.23430431133164 SCS 0.4
50.13725993335518 364.149955368629 SCS 0.4
46.89444851974077 371.5939074529679 SCS 0.4
44.370605963991615 340.0508777714825 SCS 0.4
38.336458335869175 287.1198758671589 PSO 0.4
41.96941015440731 306.98518382239735 PSO 0.4
45.46366581302803 352.107603888542 PSO 0.4
44.59712383806925 333.5671411373066 PSO 0.4
48.78713888151437 347.2237089168405 PSO 0.4
40.159562780550864 290.4384791129119 PSO 0.4
41.31174658712249 319.3815340530485 PSO 0.4
41.349163426827225 321.97059567392944 PSO 0.4
44.09519113479211 355.33846717400866 PSO 0.4
43.88158872684658 344.7162568426929 PSO 0.4
40.26239035047241 337.54448021045414 PSO 0.4
39.57644713906143 306.3473015550912 PSO 0.4
51.58179899242355 359.7439628035193 PSO 0.4
43.79547766295952 351.0056690122526 PSO 0.4
41.94738353406494 333.64548517364506 PSO 0.4
45.14720177536013 333.0265396587642 PSO 0.4
51.11137708489218 333.52813686057743 PSO 0.4
44.36882001618369 353.3714572795263 PSO 0.4
39.83295855955269 293.9118148452026 PSO 0.4
50.39318618873218 338.37534281028456 PSO 0.4
39.98154885144352 337.5405389490289 PSO 0.4
46.09888926241178 327.4798526593125 PSO 0.4
45.93914140339284 373.90987786040506 PSO 0.4
41.744520482450305 298.9187963846699 PSO 0.4
55.790473472842606 378.48369536798066 PSO 0.4
37.886600978794675 273.89368666021966 PSO 0.4
46.961867335019065 366.99806056791283 PSO 0.4
54.854530527642744 409.4800935254741 PSO 0.4
46.08371870574666 313.4123705876484 PSO 0.4
52.838047906308574 375.0922455003438 PSO 0.4
50.64125131814916 386.0246312837944 PSO 0.4
49.084402826943304 367.11314109706865 PSO 0.4
50.17968727660425 361.77075382741475 PSO 0.4
51.51940117099403 368.8936036952298 PSO 0.4
43.65811025425983 326.7226651904492 PSO 0.4
52.786213238871326 339.4304129880612 PSO 0.4
41.104961936763125 352.50322134205516 PSO 0.4
47.60393744451 356.8899086683923 PSO 0.4
48.2869114059266 323.7397094575987 PSO 0.4
43.14532129077432 317.7025758386415 PSO 0.4
43.31459102374954 364.68762999282814 PSO 0.4
54.595569842893376 369.9691672961154 PSO 0.4
46.283925064014035 376.57690102042625 PSO 0.4
39.20011861269694 351.3074394892607 PSO 0.4
50.384214729164086 331.4633084250109 PSO 0.4
50.677814754984254 343.8352370673702 PSO 0.4
46.158133429105824 372.41247860421294 PSO 0.4
53.88534181329875 372.3596420684908 PSO 0.4
41.36918196899564 306.4842525319785 PSO 0.4
51.436556813438926 339.170660617935 PSO 0.4
41.34800081376477 285.06898251134 PSO 0.4
43.13098235634818 301.1923454883413 PSO 0.4
46.454057581678555 375.3002530679694 PSO 0.4
49.135901850200575 345.7221783467944 PSO 0.4
39.19286469884153 296.2317690408179 PSO 0.4
49.949079019261866 363.07372277773663 PSO 0.4
41.667128934700706 287.34277240177164 PSO 0.4
48.41693547063802 378.9849530039316 PSO 0.4
38.263683995189375 283.4860764998206 PSO 0.4
43.9646148301622 316.1266569462232 PSO 0.4
46.51490037771517 373.41772497583503 PSO 0.4
49.61183233646201 345.7692786607417 PSO 0.4
55.576046956307536 374.3994794813227 PSO 0.4
34.383691955926565 324.15418310995943 PSO 0.4
44.44226911846269 357.8187459075134 PSO 0.4
55.16543726602486 359.7814943368737 PSO 0.4
49.11293253232537 378.18858055648167 PSO 0.4
43.642196686766134 314.23004899402014 PSO 0.4
46.38142948535072 330.66708399465466 PSO 0.4
39.756609510456705 310.7401693869725 PSO 0.4
40.21771173129863 324.6252305082659 PSO 0.4
53.94717049836392 342.60472129296704 PSO 0.4
39.48754037408982 317.76796584296164 PSO 0.4
49.4404416420551 338.283384046518 PSO 0.4
52.49231200608653 389.91581952243627 PSO 0.4
47.7400610774792 364.0734040093399 PSO 0.4
48.70197958979142 314.90497992657885 PSO 0.4
51.18881866264565 353.7860880172431 PSO 0.4
41.95668378140086 327.9537398670137 PSO 0.4
52.3310612063882 385.7248520315735 PSO 0.4
41.25952824807598 299.1269169252285 PSO 0.4
44.04308332509462 339.0408778316316 PSO 0.4
50.714740658028035 367.9572107977318 PSO 0.4
44.56427819440083 353.32114889972 PSO 0.4
48.70615607005848 343.92908953706103 PSO 0.4
49.686138842504974 312.90044739548665 PSO 0.4
41.88823594160549 285.63393261685775 PSO 0.4
41.728786801660945 310.1261175683136 PSO 0.4
48.71852234966032 314.19889784110137 PSO 0.4
38.41998028584887 322.3888172187446 PSO 0.4
42.74073370328276 334.8363183644877 PSO 0.4
46.298446568915416 323.01198398074683 PSO 0.4
41.34697896068709 315.102043265581 PSO 0.4
47.05134448341278 329.1292257016524 PSO 0.4
54.6246750454143 394.6124211370074 PSO 0.4
42.40115695580069 351.8936994650113 PSO 0.4
40.03089745316095 293.59932397705404 PSO 0.4
49.007535108229554 327.83483564285575 PSO 0.4
45.82428376513507 335.6706402588164 PSO 0.4
44.25447178795936 316.3516774679757 PSO 0.4
43.900000000000354 305.89999999999964 ICPCP 0.4
29.50000000000015 345.59999999999343 ICPCP 0.4
35.40000000000023 376.79999999999336 ICPCP 0.4
52.60000000000048 390.79999999999603 ICPCP 0.4
44.90000000000037 367.09999999999576 ICPCP 0.4
49.20000000000043 313.1999999999975 ICPCP 0.4
36.00000000000024 341.59999999999616 ICPCP 0.4
51.100000000000456 352.1000000000011 ICPCP 0.4
35.70000000000024 386.99999999999324 ICPCP 0.4
47.500000000000405 379.6999999999988 ICPCP 0.4
36.300000000000246 357.5999999999935 ICPCP 0.4
36.80000000000025 314.69999999999453 ICPCP 0.4
52.00000000000047 415.9999999999936 ICPCP 0.4
42.500000000000334 363.59999999999576 ICPCP 0.4
38.20000000000027 369.3999999999935 ICPCP 0.4
34.100000000000215 353.4999999999966 ICPCP 0.4
39.20000000000029 376.8999999999989 ICPCP 0.4
32.30000000000019 377.39999999999367 ICPCP 0.4
35.00000000000023 324.49999999999665 ICPCP 0.4
40.70000000000031 376.699999999994 ICPCP 0.4
39.100000000000286 358.7999999999931 ICPCP 0.4
34.50000000000022 358.99999999999363 ICPCP 0.4
39.000000000000284 395.3999999999928 ICPCP 0.4
38.00000000000027 330.49999999999704 ICPCP 0.4
46.100000000000385 402.9999999999997 ICPCP 0.4
40.2000000000003 302.5999999999951 ICPCP 0.4
34.60000000000022 395.5999999999921 ICPCP 0.4
37.700000000000266 446.3999999999916 ICPCP 0.4
48.40000000000042 345.39999999999526 ICPCP 0.4
39.50000000000029 391.7999999999926 ICPCP 0.4
54.90000000000051 420.49999999999665 ICPCP 0.4
31.800000000000182 397.39999999999395 ICPCP 0.4
34.40000000000022 391.79999999999416 ICPCP 0.4
36.70000000000025 409.59999999999394 ICPCP 0.4
32.000000000000185 371.79999999999296 ICPCP 0.4
42.600000000000335 372.8999999999986 ICPCP 0.4
35.20000000000023 373.79999999999296 ICPCP 0.4
44.90000000000037 390.59999999999906 ICPCP 0.4
28.10000000000013 353.3999999999955 ICPCP 0.4
36.60000000000025 358.19999999999374 ICPCP 0.4
34.50000000000022 384.99999999999284 ICPCP 0.4
42.20000000000033 414.79999999999256 ICPCP 0.4
33.400000000000205 411.99999999999346 ICPCP 0.4
34.50000000000022 395.1999999999911 ICPCP 0.4
38.00000000000027 357.99999999999625 ICPCP 0.4
53.900000000000496 370.3999999999977 ICPCP 0.4
44.600000000000364 430.5999999999898 ICPCP 0.4
48.40000000000042 397.30000000000024 ICPCP 0.4
37.600000000000264 325.2999999999968 ICPCP 0.4
49.600000000000435 375.1999999999987 ICPCP 0.4
35.30000000000023 338.70000000000067 ICPCP 0.4
31.200000000000173 340.39999999999515 ICPCP 0.4
48.60000000000042 426.39999999999105 ICPCP 0.4
36.00000000000024 384.39999999999895 ICPCP 0.4
37.80000000000027 319.9999999999939 ICPCP 0.4
41.800000000000324 387.7999999999952 ICPCP 0.4
41.900000000000325 330.8999999999982 ICPCP 0.4
42.70000000000034 397.49999999999517 ICPCP 0.4
47.2000000000004 315.6999999999935 ICPCP 0.4
44.40000000000036 343.20000000000203 ICPCP 0.4
35.90000000000024 403.39999999999327 ICPCP 0.4
40.500000000000306 352.49999999999835 ICPCP 0.4
46.000000000000384 377.4999999999961 ICPCP 0.4
32.60000000000019 342.19999999999243 ICPCP 0.4
46.50000000000039 362.20000000000033 ICPCP 0.4
48.900000000000425 390.50000000000017 ICPCP 0.4
39.9000000000003 397.5999999999918 ICPCP 0.4
47.500000000000405 338.5999999999982 ICPCP 0.4
33.60000000000021 371.79999999999467 ICPCP 0.4
31.500000000000178 350.79999999999495 ICPCP 0.4
35.10000000000023 362.19999999999277 ICPCP 0.4
56.50000000000053 381.9999999999995 ICPCP 0.4
32.30000000000019 339.99999999999494 ICPCP 0.4
49.700000000000436 376.2999999999984 ICPCP 0.4
41.900000000000325 430.9999999999985 ICPCP 0.4
36.80000000000025 400.99999999999113 ICPCP 0.4
40.1000000000003 335.89999999999816 ICPCP 0.4
49.50000000000043 407.5999999999978 ICPCP 0.4
36.70000000000025 360.7999999999931 ICPCP 0.4
42.70000000000034 414.4999999999984 ICPCP 0.4
31.900000000000183 331.19999999999425 ICPCP 0.4
43.10000000000034 381.39999999999793 ICPCP 0.4
45.00000000000037 411.79999999999905 ICPCP 0.4
50.50000000000045 404.69999999999715 ICPCP 0.4
43.50000000000035 393.1999999999956 ICPCP 0.4
33.400000000000205 349.9999999999969 ICPCP 0.4
35.90000000000024 300.39999999999566 ICPCP 0.4
31.200000000000173 342.7999999999951 ICPCP 0.4
35.500000000000234 340.3999999999962 ICPCP 0.4
31.500000000000178 352.5999999999941 ICPCP 0.4
38.00000000000027 351.79999999999364 ICPCP 0.4
31.900000000000183 358.1999999999948 ICPCP 0.4
38.50000000000028 351.29999999999876 ICPCP 0.4
34.200000000000216 359.69999999999465 ICPCP 0.4
40.400000000000304 427.5999999999913 ICPCP 0.4
35.00000000000023 379.99999999999187 ICPCP 0.4
42.80000000000034 314.0999999999942 ICPCP 0.4
44.700000000000365 369.49999999999693 ICPCP 0.4
50.60000000000045 362.6999999999979 ICPCP 0.4
38.80000000000028 336.4999999999937 ICPCP 0.4
52.14828153667718 296.42897274795456 DeepWS 0.6
63.38045392662718 307.0506084579264 DeepWS 0.6
57.46217237727108 346.3837207661287 DeepWS 0.6
52.42406215419568 342.03656295704343 DeepWS 0.6
64.21253116576766 347.3157806127657 DeepWS 0.6
52.01630282676347 301.8150688555928 DeepWS 0.6
53.79659240610757 312.1109057843215 DeepWS 0.6
58.673898823798034 326.2568186638533 DeepWS 0.6
49.84354716395731 348.5126013911082 DeepWS 0.6
59.19098666503605 348.5482901011813 DeepWS 0.6
51.50030373778012 334.16922433423133 DeepWS 0.6
52.33229638211908 300.50757526857745 DeepWS 0.6
72.30279175030901 383.87004892283596 DeepWS 0.6
57.40364098282419 353.8239734609155 DeepWS 0.6
49.75555758897172 322.5524327145711 DeepWS 0.6
55.75194871255832 339.354300918182 DeepWS 0.6
62.78248500507861 340.0060929915076 DeepWS 0.6
59.17900193798401 339.48949518564723 DeepWS 0.6
56.07736408242471 297.58129489983077 DeepWS 0.6
51.52162315210516 336.773058741657 DeepWS 0.6
52.37091641363675 317.6770723984038 DeepWS 0.6
62.8512916566344 331.2299329727447 DeepWS 0.6
58.76629743571991 364.1964051072218 DeepWS 0.6
53.41328100452117 289.1793191274594 DeepWS 0.6
76.55963423320982 371.33911163677914 DeepWS 0.6
48.09755509796666 275.239370767562 DeepWS 0.6
62.524599944367665 372.5077364346295 DeepWS 0.6
70.99552933662697 392.9979706019051 DeepWS 0.6
59.257694963878656 326.81916816567445 DeepWS 0.6
56.217364729798135 371.119375346644 DeepWS 0.6
55.84796892172959 374.2098438385084 DeepWS 0.6
56.923182153748535 352.28307439660074 DeepWS 0.6
61.46020968629407 354.3748675043235 DeepWS 0.6
56.99836077043062 367.2466468041083 DeepWS 0.6
62.678589920146315 326.0351391412998 DeepWS 0.6
64.7503752809983 342.988779866054 DeepWS 0.6
60.280696596476524 363.01153074342375 DeepWS 0.6
62.54975016114168 359.88592515601886 DeepWS 0.6
59.70630096591068 311.8871363053422 DeepWS 0.6
52.59067991985222 320.04742686752724 DeepWS 0.6
55.21427042355668 350.46606152226803 DeepWS 0.6
72.15639572683503 381.8625715385685 DeepWS 0.6
53.643482293354054 381.81181047479606 DeepWS 0.6
50.73049364688925 352.50855708580394 DeepWS 0.6
56.12504592790441 315.63069735872006 DeepWS 0.6
63.014223549646175 338.7853064443938 DeepWS 0.6
66.54092955065852 375.6806216653623 DeepWS 0.6
74.58516926152322 365.36027399856175 DeepWS 0.6
49.37899783172606 310.7418056548269 DeepWS 0.6
65.28251730811165 349.9990968849564 DeepWS 0.6
58.19979680977525 287.326125201574 DeepWS 0.6
51.07417722987615 315.73601589531836 DeepWS 0.6
62.591590154555924 382.91631260715917 DeepWS 0.6
63.24728570147892 345.4225238355337 DeepWS 0.6
48.46474700116761 296.2106474120274 DeepWS 0.6
63.593521159961405 347.8048169256092 DeepWS 0.6
47.121562195909185 300.61596160588124 DeepWS 0.6
58.98398128413904 375.8571710019373 DeepWS 0.6
48.469689194458105 287.7105667910636 DeepWS 0.6
57.78465393346302 315.5002909476271 DeepWS 0.6
68.4288637229974 373.06245889743343 DeepWS 0.6
60.40582753660659 321.78498202104686 DeepWS 0.6
74.0834301890876 346.15107231420365 DeepWS 0.6
47.73854872103617 314.6588722175958 DeepWS 0.6
59.824568734456534 336.4099370156456 DeepWS 0.6
74.2314023764004 364.4374700770096 DeepWS 0.6
55.35094407249502 368.94834061607173 DeepWS 0.6
52.18293767022004 313.0390932550657 DeepWS 0.6
62.41624754272723 330.23418932350984 DeepWS 0.6
65.10550370812611 311.48981667166964 DeepWS 0.6
52.986169448720595 309.7548470375597 DeepWS 0.6
65.86509766451488 342.0886500917135 DeepWS 0.6
47.668971482703554 303.41678611001413 DeepWS 0.6
65.56053376483051 333.6333869265582 DeepWS 0.6
69.02018166392011 379.8929922480147 DeepWS 0.6
52.865332192066134 366.8500214481643 DeepWS 0.6
64.70964663308568 302.5566841191 DeepWS 0.6
72.48579396624238 355.76893394029537 DeepWS 0.6
55.2545430624401 329.8647098949802 DeepWS 0.6
65.56811392756998 387.8000124389681 DeepWS 0.6
55.91248808334022 297.6803315443845 DeepWS 0.6
59.590774663977044 355.7463139130011 DeepWS 0.6
68.93464055210761 376.98057216012023 DeepWS 0.6
61.375076252891006 361.91145203196567 DeepWS 0.6
52.35960735994945 343.15868221202726 DeepWS 0.6
65.85883897605524 317.10460680106786 DeepWS 0.6
52.17411921642793 291.97189393468557 DeepWS 0.6
43.99807809703835 308.97839261642815 DeepWS 0.6
58.815751549511106 292.1650634208483 DeepWS 0.6
51.86435764534301 325.91248883577634 DeepWS 0.6
51.919021815515464 324.3170229026931 DeepWS 0.6
63.08578761055918 346.37505779677065 DeepWS 0.6
53.760975792809255 328.7523830628717 DeepWS 0.6
58.08932874682484 319.4702618113433 DeepWS 0.6
60.00269154813826 391.52886638821644 DeepWS 0.6
51.79717031478123 346.70681663565455 DeepWS 0.6
52.396663078947185 288.7275029712687 DeepWS 0.6
60.901567980122095 324.3419600823697 DeepWS 0.6
58.09855653051413 320.5334372482977 DeepWS 0.6
47.90343259197076 316.76292693831107 DeepWS 0.6
53.72097724286423 288.9381214001765 SCS 0.6
61.875776407348056 307.17003549960805 SCS 0.6
65.00306349742543 345.3241570561838 SCS 0.6
66.87628383146634 358.2129738847811 SCS 0.6
70.26190294898855 336.83757476354856 SCS 0.6
57.84567876015625 280.4718892577178 SCS 0.6
57.516227041643546 308.20596069704203 SCS 0.6
61.148115675691145 320.3927269482919 SCS 0.6
62.56286296119204 347.1538302588555 SCS 0.6
63.09584584635493 353.7347926702141 SCS 0.6
57.079973112453445 343.2519715337072 SCS 0.6
56.69690427161109 298.1645535518024 SCS 0.6
80.26394889400785 379.4387413113031 SCS 0.6
65.4941598043033 355.5974809126169 SCS 0.6
58.26659018039902 332.96609984940625 SCS 0.6
64.86048463901972 340.2026534994662 SCS 0.6
70.9990542781287 328.4487069578971 SCS 0.6
61.40527738175335 345.5094989462895 SCS 0.6
57.24397939309829 280.49828716792405 SCS 0.6
68.87490768952327 321.99826481876084 SCS 0.6
56.1465780687522 326.9130648404764 SCS 0.6
67.94457605477356 331.06308893384085 SCS 0.6
68.62443841795346 362.7359546278124 SCS 0.6
59.001540968786365 292.93357194252235 SCS 0.6
78.34999631675478 366.6442374347425 SCS 0.6
55.4305982104684 264.09847538079555 SCS 0.6
68.92913193681109 355.2240189891835 SCS 0.6
77.43649930618234 397.53351086902273 SCS 0.6
69.28214912136679 320.1679660050954 SCS 0.6
73.18446373889476 353.93834317972716 SCS 0.6
72.80199430128549 371.0245370937302 SCS 0.6
64.4101236801429 345.17243763069183 SCS 0.6
69.05416345082965 352.45346352674903 SCS 0.6
73.14788222212853 356.2966648762265 SCS 0.6
60.22224793564892 328.93268652229824 SCS 0.6
72.49198885808605 330.1222811449855 SCS 0.6
61.626165495481246 343.97043831276216 SCS 0.6
69.89153708195506 352.03650417003115 SCS 0.6
64.89598037580224 302.6682989761161 SCS 0.6
59.48319187323666 325.6196130523749 SCS 0.6
62.19755704032837 347.0021324683738 SCS 0.6
74.53012799277265 377.10282261939693 SCS 0.6
65.86940196545724 364.3825331634894 SCS 0.6
54.29795248284362 356.591710501969 SCS 0.6
68.64301795321705 322.4151075118635 SCS 0.6
69.39363318308891 317.75794325159035 SCS 0.6
65.61803440540882 371.7822245718901 SCS 0.6
79.16336637129977 367.12238784729067 SCS 0.6
58.06940112287688 297.7742669154556 SCS 0.6
73.710754176258 331.31215675078215 SCS 0.6
59.93008748551337 279.8258584527 SCS 0.6
60.87426839358023 286.1897305313462 SCS 0.6
67.44461628325055 360.2169504823656 SCS 0.6
71.71483216412652 327.2621922361898 SCS 0.6
53.14687445972112 291.29573664347 SCS 0.6
72.23739428133436 354.98645355851096 SCS 0.6
59.406293638452304 275.4911965360766 SCS 0.6
73.18747403321623 362.0997412703813 SCS 0.6
57.12698082038648 280.9554146528287 SCS 0.6
62.968486648980154 313.39057371181724 SCS 0.6
64.6135613685388 355.92577933287635 SCS 0.6
69.42558820494959 331.4645599505393 SCS 0.6
76.82974650666866 340.6490960113996 SCS 0.6
50.105329164599986 333.9487752708559 SCS 0.6
61.395121756686734 344.0888308453308 SCS 0.6
79.58019889729228 347.39756224284065 SCS 0.6
64.974647848773 345.3053389041479 SCS 0.6
60.49854056802641 304.3069019102924 SCS 0.6
69.80884995623829 332.1173290228526 SCS 0.6
58.10192188097489 330.6890608597631 SCS 0.6
56.15835991813918 324.7445599218491 SCS 0.6
74.05786629019994 332.3660498103437 SCS 0.6
54.677446324173324 292.88276519661855 SCS 0.6
69.1911702189362 331.3409953964008 SCS 0.6
73.17351223216387 390.10222234930285 SCS 0.6
72.61669723369664 361.851786462506 SCS 0.6
65.28764007959668 305.6431923275452 SCS 0.6
76.38389536758265 355.7284816122379 SCS 0.6
59.90529077604931 330.2607426413819 SCS 0.6
73.55104289652353 386.48046517993714 SCS 0.6
56.98272136801163 293.52539935805845 SCS 0.6
65.37677480069105 330.20061060834325 SCS 0.6
73.34681581901111 376.50937693374897 SCS 0.6
66.03149023738214 360.64374038870517 SCS 0.6
71.38935981599816 352.70654744312014 SCS 0.6
70.63798366845369 315.67871365308457 SCS 0.6
59.6420917777456 279.49253595998556 SCS 0.6
58.22548348935454 296.5846827707534 SCS 0.6
63.87860081955128 299.2079732207988 SCS 0.6
55.13617323560354 323.04480065555447 SCS 0.6
64.92602970543659 321.49510016510175 SCS 0.6
66.96674714349162 325.1285384794424 SCS 0.6
60.23150292903669 324.45713813685177 SCS 0.6
63.95613726263747 325.5024971430315 SCS 0.6
76.95362233918948 402.519011644975 SCS 0.6
58.120610556093425 340.1462847703189 SCS 0.6
56.310909368212215 291.8062747711655 SCS 0.6
68.52266370296294 333.925921677306 SCS 0.6
64.89410675746117 331.78306987030686 SCS 0.6
65.5968005842976 321.6970830291363 SCS 0.6
53.85022007636934 283.46551009618696 PSO 0.6
57.65910298663219 296.63555523450464 PSO 0.6
65.6982391209312 342.0511749322831 PSO 0.6
64.58450044155937 334.3269276548121 PSO 0.6
70.27733951470398 319.79922846355555 PSO 0.6
58.21237774588178 286.2117683718788 PSO 0.6
59.99856546225108 310.9455262554469 PSO 0.6
60.3597522236927 307.7651074514025 PSO 0.6
62.533663649957425 340.79316669461775 PSO 0.6
64.6143255683188 350.57278600584624 PSO 0.6
57.05207589864145 338.0072737142535 PSO 0.6
54.35714271007468 288.3363788613786 PSO 0.6
73.5569590337463 359.86789563713165 PSO 0.6
57.671983423942415 346.5195844461541 PSO 0.6
58.116369455645525 329.49885125735216 PSO 0.6
63.64624188977834 331.5224062105878 PSO 0.6
70.22659479319748 324.68535596275126 PSO 0.6
59.653288793051516 329.1884603864697 PSO 0.6
59.652711313208734 288.1085127689528 PSO 0.6
67.5028504111467 325.27555340703634 PSO 0.6
52.856749786746974 314.19233645258237 PSO 0.6
69.46482821145716 340.7699637088769 PSO 0.6
65.25649670694017 356.3192437823656 PSO 0.6
57.50947489170863 284.4290471527333 PSO 0.6
81.36683442566338 361.67117208467295 PSO 0.6
52.58990196447273 272.7486310522131 PSO 0.6
69.68486918781605 361.8841101459105 PSO 0.6
75.11864082801232 387.0457092509381 PSO 0.6
69.15888085690301 320.4644849077788 PSO 0.6
72.55943625423271 351.9653213517845 PSO 0.6
71.72583706208633 361.61676622293754 PSO 0.6
63.130909397651074 339.0792324891356 PSO 0.6
68.59042080138335 341.10840560598206 PSO 0.6
69.82456954611453 348.7844731463925 PSO 0.6
62.67988649632788 327.021694087414 PSO 0.6
72.88485265991348 328.6494860415268 PSO 0.6
63.12691895661272 345.33232493941296 PSO 0.6
70.66723722501672 352.9654135206255 PSO 0.6
63.13614099914859 295.72832659979383 PSO 0.6
62.688596411245236 315.3483414180262 PSO 0.6
63.39020386308963 353.0855354465706 PSO 0.6
74.13141766103013 361.27023175236775 PSO 0.6
64.09179377167114 349.15731879301353 PSO 0.6
55.44080055381917 346.983188071991 PSO 0.6
67.727454248637 311.22792890071213 PSO 0.6
65.97184660218635 315.6031631783113 PSO 0.6
64.68727223161342 366.1943263405773 PSO 0.6
78.36061563356228 369.207741699171 PSO 0.6
60.10612501788789 294.18262030297683 PSO 0.6
74.42937745449345 333.43361961347205 PSO 0.6
63.799266516897504 284.1647552462109 PSO 0.6
63.040853187746265 296.39021303908476 PSO 0.6
68.07079114098063 366.3119840938933 PSO 0.6
73.17878747963128 341.1809056230055 PSO 0.6
53.680892095702035 285.61458601815895 PSO 0.6
69.96736326653827 340.61427194791094 PSO 0.6
59.71261273900011 278.2685071336104 PSO 0.6
69.30795968641416 342.45501020103325 PSO 0.6
59.065830373127355 289.95204887599226 PSO 0.6
62.23650008208683 297.3785487452261 PSO 0.6
65.15580500442148 366.66777245160216 PSO 0.6
71.01783992467924 325.22896517432 PSO 0.6
75.72194004363885 348.51460130921214 PSO 0.6
49.11648762827373 310.57237795973805 PSO 0.6
57.45802170318751 324.78884694783835 PSO 0.6
76.9434894755505 337.2920154974867 PSO 0.6
64.73376237758846 360.55224526843006 PSO 0.6
62.416348073702785 306.75980756424747 PSO 0.6
69.23954362096153 332.2469457671566 PSO 0.6
56.34931014503671 303.4136506792256 PSO 0.6
53.04377317567523 303.20475013524 PSO 0.6
71.15802710171181 325.0767080071273 PSO 0.6
55.885584402063905 297.6415145007759 PSO 0.6
65.15184055893961 319.0814104938667 PSO 0.6
69.19649144108018 372.1225629185829 PSO 0.6
69.4439232638498 346.78193293238974 PSO 0.6
59.624520612851484 286.56614682246527 PSO 0.6
73.88866518593791 358.71789501893784 PSO 0.6
56.085037687627725 313.86683222567063 PSO 0.6
71.77489945578971 358.96641237642865 PSO 0.6
59.07667713036577 301.0809800684491 PSO 0.6
61.217216194424125 320.6965869972458 PSO 0.6
73.2599433754175 366.06803275107166 PSO 0.6
65.42421376571166 354.11462959234393 PSO 0.6
70.03034076593423 332.9866474922017 PSO 0.6
63.89096160346344 292.9725716657321 PSO 0.6
58.032729929198204 277.2130854497307 PSO 0.6
57.93459604996669 309.24996764944467 PSO 0.6
61.278329189896226 290.15173050650264 PSO 0.6
55.66936848628197 319.4398705547502 PSO 0.6
63.6479983417257 315.4782346215557 PSO 0.6
66.35178351495053 326.9983843492738 PSO 0.6
63.27713521613306 311.430227802366 PSO 0.6
59.63536191355914 307.6610848388312 PSO 0.6
74.59509234206486 380.52526657357015 PSO 0.6
58.17194697848443 323.81464729978444 PSO 0.6
54.41583907484301 277.00955639068906 PSO 0.6
69.10288892049107 324.3297879724092 PSO 0.6
64.95572617861139 319.81527730407 PSO 0.6
64.24240745581022 297.43362916147885 PSO 0.6
67.70000000000043 279.6999999999925 ICPCP 0.6
66.00000000000053 314.3999999999925 ICPCP 0.6
60.800000000000594 338.9999999999893 ICPCP 0.6
67.80000000000042 332.5999999999891 ICPCP 0.6
69.50000000000033 338.8999999999913 ICPCP 0.6
68.00000000000041 275.5999999999911 ICPCP 0.6
57.80000000000055 314.2999999999903 ICPCP 0.6
69.60000000000032 304.89999999999395 ICPCP 0.6
57.20000000000054 350.79999999998864 ICPCP 0.6
64.8000000000006 340.59999999999457 ICPCP 0.6
53.100000000000485 319.7999999999904 ICPCP 0.6
69.20000000000034 287.49999999999 ICPCP 0.6
76.19999999999995 353.59999999998894 ICPCP 0.6
71.7000000000002 341.7999999999896 ICPCP 0.6
54.3000000000005 326.59999999999 ICPCP 0.6
60.900000000000595 307.79999999999194 ICPCP 0.6
69.00000000000036 320.09999999999104 ICPCP 0.6
58.50000000000056 333.59999999998973 ICPCP 0.6
68.1000000000004 282.79999999999166 ICPCP 0.6
73.80000000000008 331.8999999999889 ICPCP 0.6
53.70000000000049 321.7999999999903 ICPCP 0.6
59.90000000000058 322.59999999999025 ICPCP 0.6
65.30000000000057 359.09999999999116 ICPCP 0.6
58.50000000000056 280.29999999999137 ICPCP 0.6
79.49999999999976 358.29999999999296 ICPCP 0.6
65.50000000000055 275.2999999999906 ICPCP 0.6
65.50000000000055 354.19999999998845 ICPCP 0.6
77.99999999999984 397.19999999999015 ICPCP 0.6
71.00000000000024 316.39999999999014 ICPCP 0.6
70.0000000000003 361.799999999988 ICPCP 0.6
73.70000000000009 374.99999999999045 ICPCP 0.6
62.00000000000061 360.7999999999881 ICPCP 0.6
66.5000000000005 357.39999999998827 ICPCP 0.6
70.40000000000028 363.9999999999879 ICPCP 0.6
55.80000000000052 329.19999999998987 ICPCP 0.6
87.39999999999931 332.1999999999887 ICPCP 0.6
58.90000000000057 353.99999999998846 ICPCP 0.6
69.10000000000035 363.3999999999879 ICPCP 0.6
63.50000000000063 309.799999999991 ICPCP 0.6
65.30000000000057 326.89999999999077 ICPCP 0.6
62.00000000000061 361.19999999998805 ICPCP 0.6
93.19999999999898 362.40000000000003 ICPCP 0.6
60.60000000000059 371.99999999998744 ICPCP 0.6
51.800000000000466 356.7999999999883 ICPCP 0.6
75.3 323.39999999998923 ICPCP 0.6
79.39999999999976 311.39999999998935 ICPCP 0.6
59.500000000000576 370.5999999999875 ICPCP 0.6
93.09999999999899 379.39999999999355 ICPCP 0.6
59.90000000000058 291.99999999999113 ICPCP 0.6
80.79999999999968 325.2999999999923 ICPCP 0.6
68.1000000000004 280.4999999999912 ICPCP 0.6
60.00000000000058 311.3999999999909 ICPCP 0.6
63.20000000000063 358.5999999999882 ICPCP 0.6
78.19999999999983 320.79999999999245 ICPCP 0.6
63.80000000000064 294.5999999999912 ICPCP 0.6
63.50000000000063 324.59999999999013 ICPCP 0.6
74.10000000000007 285.89999999999037 ICPCP 0.6
68.2000000000004 347.69999999998885 ICPCP 0.6
54.600000000000506 285.7999999999916 ICPCP 0.6
75.79999999999997 314.0999999999952 ICPCP 0.6
62.70000000000062 361.59999999998803 ICPCP 0.6
81.69999999999963 328.39999999999606 ICPCP 0.6
84.59999999999947 337.6999999999899 ICPCP 0.6
48.900000000000425 304.99999999999125 ICPCP 0.6
73.20000000000012 346.6999999999942 ICPCP 0.6
95.39999999999885 339.4999999999896 ICPCP 0.6
59.90000000000058 359.59999999998814 ICPCP 0.6
68.40000000000039 305.4999999999938 ICPCP 0.6
64.10000000000063 341.59999999998917 ICPCP 0.6
52.500000000000476 313.59999999999076 ICPCP 0.6
57.00000000000054 314.5999999999929 ICPCP 0.6
78.59999999999981 323.7999999999894 ICPCP 0.6
58.60000000000056 295.6999999999912 ICPCP 0.6
75.3 326.699999999993 ICPCP 0.6
73.90000000000008 371.79999999999137 ICPCP 0.6
70.90000000000025 343.59999999999894 ICPCP 0.6
74.60000000000004 298.49999999999034 ICPCP 0.6
78.29999999999983 350.7999999999924 ICPCP 0.6
56.20000000000053 316.8999999999903 ICPCP 0.6
78.89999999999979 382.09999999999025 ICPCP 0.6
58.100000000000556 303.5999999999913 ICPCP 0.6
70.60000000000026 340.29999999998876 ICPCP 0.6
73.00000000000013 360.39999999998906 ICPCP 0.6
62.80000000000062 345.2999999999897 ICPCP 0.6
77.69999999999986 349.59999999999184 ICPCP 0.6
73.70000000000009 305.7999999999907 ICPCP 0.6
60.200000000000585 277.4999999999922 ICPCP 0.6
54.600000000000506 307.3999999999911 ICPCP 0.6
63.000000000000625 305.49999999999056 ICPCP 0.6
51.40000000000046 315.19999999999067 ICPCP 0.6
59.80000000000058 330.5999999999898 ICPCP 0.6
61.3000000000006 328.1999999999899 ICPCP 0.6
66.70000000000049 312.89999999999253 ICPCP 0.6
71.90000000000019 298.9999999999902 ICPCP 0.6
71.50000000000021 389.19999999998646 ICPCP 0.6
52.400000000000475 343.39999999998906 ICPCP 0.6
55.900000000000524 286.0999999999918 ICPCP 0.6
75.49999999999999 323.2999999999941 ICPCP 0.6
67.50000000000044 321.49999999999255 ICPCP 0.6
67.20000000000046 304.69999999999135 ICPCP 0.6
65.97639375582187 276.34066458106673 DeepWS 0.8
75.26891629347692 299.4217924135289 DeepWS 0.8
80.3409544034502 347.16904914540737 DeepWS 0.8
79.549081963109 327.00102520912935 DeepWS 0.8
83.89048433591184 334.28666394625884 DeepWS 0.8
73.00918752316825 277.42164112382414 DeepWS 0.8
69.90175953057954 301.9816512263024 DeepWS 0.8
75.63113901085396 303.38666389026787 DeepWS 0.8
71.41178095128265 334.20972336524153 DeepWS 0.8
77.67153275708681 333.308149338535 DeepWS 0.8
67.39375531366947 317.9762030762149 DeepWS 0.8
69.36235852928527 278.22162776057826 DeepWS 0.8
94.6340366103616 355.5812427134362 DeepWS 0.8
79.4216863704952 345.08730687919854 DeepWS 0.8
72.08602287749407 318.9496044365889 DeepWS 0.8
80.68443191437875 318.93818653640693 DeepWS 0.8
82.7174403095208 321.5397580010247 DeepWS 0.8
75.2048680131133 323.662704481675 DeepWS 0.8
69.00917276694052 274.6479026660177 DeepWS 0.8
84.07508732907118 315.42652468926264 DeepWS 0.8
69.53714309566772 315.82292283481394 DeepWS 0.8
84.49275621684392 327.7236498268828 DeepWS 0.8
79.84065806752581 347.48516641441717 DeepWS 0.8
72.75465971079721 293.16382079072946 DeepWS 0.8
96.34371835988503 357.19956450160436 DeepWS 0.8
68.63815288315705 251.33566300683773 DeepWS 0.8
84.13579300239356 361.7346545912828 DeepWS 0.8
92.67318635326949 380.66454840117325 DeepWS 0.8
86.92404523429863 322.9454146746447 DeepWS 0.8
87.89329521591914 334.2887971087445 DeepWS 0.8
89.70019836050072 365.3526099022681 DeepWS 0.8
81.00035464343468 346.38228855315685 DeepWS 0.8
84.14825304836586 349.14398113663447 DeepWS 0.8
91.18312053358198 363.98584798924367 DeepWS 0.8
75.38918657216621 334.13296380061 DeepWS 0.8
87.54900579595837 314.42290039024454 DeepWS 0.8
76.54846039479035 341.45444017268494 DeepWS 0.8
85.77959088424471 332.36221020582803 DeepWS 0.8
78.63465712360345 301.6513915471816 DeepWS 0.8
73.89429665389655 298.4114141308011 DeepWS 0.8
73.71532379065764 341.47453863825 DeepWS 0.8
91.64957646900048 348.790112005509 DeepWS 0.8
80.06751755565013 360.22421428671953 DeepWS 0.8
67.42902038503912 341.0207807834967 DeepWS 0.8
85.2478485952543 306.2289828385469 DeepWS 0.8
84.62814965904815 311.83301815275024 DeepWS 0.8
81.43927484888751 363.1132475864479 DeepWS 0.8
97.4876136111465 352.8813385877611 DeepWS 0.8
65.88952903403515 286.7959860796662 DeepWS 0.8
90.19421811664982 335.6359954344688 DeepWS 0.8
73.76502548587804 273.5065260344223 DeepWS 0.8
72.94424181289854 283.7593828582091 DeepWS 0.8
83.61393219936248 361.39783105362574 DeepWS 0.8
87.97887954393137 317.10898298261566 DeepWS 0.8
65.04863761988345 284.7632868151825 DeepWS 0.8
87.40885485744428 328.25083042483334 DeepWS 0.8
71.6435667457699 267.53497805027985 DeepWS 0.8
87.95456261933441 344.1192907830139 DeepWS 0.8
69.67631366495465 276.5250395209491 DeepWS 0.8
78.45658735834719 302.5047661469214 DeepWS 0.8
79.59600639664681 360.05141456770554 DeepWS 0.8
85.96900966232297 316.0155191070807 DeepWS 0.8
93.72703832015337 341.34101984431516 DeepWS 0.8
62.299887416220116 309.9070236148094 DeepWS 0.8
76.60293563222181 316.2190006279693 DeepWS 0.8
97.55742166152278 342.41079705708114 DeepWS 0.8
80.9182104088892 356.9378521979466 DeepWS 0.8
75.35830975932241 299.96219713721877 DeepWS 0.8
83.20115692607774 329.0452637696076 DeepWS 0.8
69.09727886782011 317.8224038742196 DeepWS 0.8
66.50691790824759 301.58043141063877 DeepWS 0.8
85.08469692864354 326.5568048035784 DeepWS 0.8
67.51231386363979 291.407084699378 DeepWS 0.8
85.12676545903587 326.8956540576114 DeepWS 0.8
92.40118754788979 370.29159513928903 DeepWS 0.8
87.94067497019216 357.15552936984227 DeepWS 0.8
76.12940785238773 295.5593852234065 DeepWS 0.8
94.02250317443713 363.59937566218724 DeepWS 0.8
72.94551723919798 324.495319727907 DeepWS 0.8
90.40368608637633 372.92492641619555 DeepWS 0.8
70.60171104703333 295.3936618248866 DeepWS 0.8
82.14905097694607 331.13604740004286 DeepWS 0.8
90.14592243870894 355.2129940686251 DeepWS 0.8
80.99275093460217 357.5258520518675 DeepWS 0.8
85.63743300855695 314.3810716423004 DeepWS 0.8
82.27361447262906 297.3432016882462 DeepWS 0.8
67.36692975954973 268.0916551604628 DeepWS 0.8
70.19224947485071 287.159682682103 DeepWS 0.8
77.55342231054668 300.34224189071193 DeepWS 0.8
68.1941823740674 315.12775650605573 DeepWS 0.8
77.8570321232829 304.3219703663165 DeepWS 0.8
81.88580989991564 311.50290631777733 DeepWS 0.8
73.7338302047592 301.29320871656546 DeepWS 0.8
78.9278442913674 302.45762381176513 DeepWS 0.8
95.0371273558197 380.32078561770663 DeepWS 0.8
71.04667759911692 318.4972811447251 DeepWS 0.8
67.39657173939312 282.17076670292073 DeepWS 0.8
83.34680960059555 320.7697135902016 DeepWS 0.8
78.7682157001967 318.99276554844937 DeepWS 0.8
75.06437842695313 312.346732045093 DeepWS 0.8
69.08695970090452 276.45854990777195 SCS 0.8
78.63346411026875 299.06478158741925 SCS 0.8
81.69835278554237 344.52416183732385 SCS 0.8
83.37858891643255 332.06845782384585 SCS 0.8
90.93845422063531 332.88225512244776 SCS 0.8
74.57022074060741 274.6941690267593 SCS 0.8
76.64473070419106 303.6325655909018 SCS 0.8
76.6518772015349 292.3225262393588 SCS 0.8
79.49073622908038 342.636767548909 SCS 0.8
79.45913892847537 351.0115843234676 SCS 0.8
72.00065714477131 324.9095936448547 SCS 0.8
72.27393679511077 290.9854099387693 SCS 0.8
96.72574279860005 350.885167386378 SCS 0.8
82.56617203848026 335.68290511934066 SCS 0.8
74.23621742793581 329.24018827515647 SCS 0.8
82.43805636496488 314.9994628272083 SCS 0.8
90.308430684423 313.40785703025716 SCS 0.8
80.67473704049875 324.25874135562304 SCS 0.8
75.12212751607245 277.70891502207087 SCS 0.8
87.63490645660785 325.4430813465445 SCS 0.8
72.74364051562253 320.73469213965706 SCS 0.8
86.00429895961672 326.26329553262605 SCS 0.8
83.30311683539271 352.38143116867224 SCS 0.8
76.79308787680908 278.0578026435658 SCS 0.8
101.17336384015383 349.1287820033523 SCS 0.8
72.03258056610625 265.40958520401375 SCS 0.8
86.6114975074959 351.2286597722463 SCS 0.8
97.23287322950507 385.70403888295584 SCS 0.8
88.38371553817024 318.8467450120293 SCS 0.8
92.58821092503278 334.50961065474564 SCS 0.8
94.56643005970082 358.27282615553975 SCS 0.8
82.40519266337773 342.3860440212439 SCS 0.8
88.86133064699433 341.36283836058703 SCS 0.8
94.0842396837931 338.54350864454966 SCS 0.8
77.49835570313367 314.68639966596106 SCS 0.8
91.58803873148396 329.03657052980424 SCS 0.8
78.19011254061492 320.8288867519658 SCS 0.8
90.1707400695001 355.2496781395423 SCS 0.8
83.58567318503194 299.5286916790798 SCS 0.8
76.86488888899859 304.41494090729105 SCS 0.8
78.39197017607717 345.9299903692877 SCS 0.8
94.93361349774422 359.5024312924368 SCS 0.8
82.74618705603781 352.37596415210277 SCS 0.8
73.4562289053293 332.1903137243072 SCS 0.8
89.88051244130875 298.9714501485678 SCS 0.8
88.60387677924207 303.9326369819723 SCS 0.8
83.04724821323423 363.0655049665939 SCS 0.8
98.71919944649356 361.899549403771 SCS 0.8
74.55197766921746 284.60244650606654 SCS 0.8
95.79591878992545 322.30120636905696 SCS 0.8
77.25665999334882 266.99810422085204 SCS 0.8
78.59327253851 290.1637740649152 SCS 0.8
86.09346322020737 362.66513439741345 SCS 0.8
91.27972867834457 325.0077163080829 SCS 0.8
67.63315439138725 289.1628910714857 SCS 0.8
89.46346558266686 329.9778534515499 SCS 0.8
75.80413942819382 265.76777483297263 SCS 0.8
89.75025079908825 346.6476075311479 SCS 0.8
72.69072699576839 277.5459213220077 SCS 0.8
80.85978133432891 294.58463865129215 SCS 0.8
81.74175688919863 345.2168673429302 SCS 0.8
88.22527844022974 323.03108623538594 SCS 0.8
97.79665971837005 339.91751653136 SCS 0.8
65.47546654336438 312.25737691014945 SCS 0.8
80.0669175466332 334.84859951938734 SCS 0.8
101.1377578606228 341.54637037031785 SCS 0.8
83.91630783709267 354.35918673594136 SCS 0.8
77.10308069774898 295.2406776803536 SCS 0.8
86.7460945390229 329.6210550207568 SCS 0.8
73.10517928249212 300.2594351231669 SCS 0.8
71.45621043898122 312.60547990157613 SCS 0.8
92.83001428701961 320.19765367312897 SCS 0.8
70.48306197943478 286.24818070089606 SCS 0.8
87.83130080861687 309.35771431958915 SCS 0.8
93.87052275421033 356.9362559563095 SCS 0.8
89.12631050165179 337.66195354464253 SCS 0.8
84.44346792681847 292.0159309357743 SCS 0.8
97.8445728037575 355.11941770914734 SCS 0.8
75.4024283664464 321.42498606650537 SCS 0.8
95.0813385643911 358.58497117687904 SCS 0.8
76.10720682509799 293.32047747763306 SCS 0.8
83.91421255198294 332.7061654516318 SCS 0.8
93.38845840150726 347.9011834225224 SCS 0.8
83.42897351879047 322.3204345400263 SCS 0.8
89.17882524701581 325.1069444897837 SCS 0.8
88.92590244255273 294.90299926093826 SCS 0.8
75.9947862045337 280.00393498825605 SCS 0.8
74.3161523247417 291.3660788807344 SCS 0.8
82.80774047990421 283.7614792981594 SCS 0.8
70.07976871218183 310.8406614976858 SCS 0.8
81.28870710966137 310.35035229835626 SCS 0.8
83.02953816973172 314.28260513952284 SCS 0.8
76.81839965271864 301.34050736820427 SCS 0.8
81.22405108993598 300.6704768594361 SCS 0.8
100.1322570412454 374.01602380203803 SCS 0.8
74.48641260454889 312.26361118105103 SCS 0.8
72.09763686829311 265.65341522301094 SCS 0.8
87.1462520428656 334.00882178985853 SCS 0.8
81.99524794325642 327.9147521608241 SCS 0.8
79.10313582502616 295.9102433317623 SCS 0.8
64.91171177959923 271.33468387449653 PSO 0.8
77.83898603981831 299.37846806149963 PSO 0.8
79.57276926523953 318.9670767358049 PSO 0.8
85.63433907532632 327.77028373439134 PSO 0.8
93.08087307450333 321.8100461807506 PSO 0.8
75.5547472710815 277.2652337759789 PSO 0.8
75.6685981687541 302.36561842469763 PSO 0.8
78.67129564103155 299.7742505685974 PSO 0.8
73.51742527271173 343.03413406268925 PSO 0.8
81.64452739823494 345.088862496743 PSO 0.8
69.69360783858252 315.2610999066179 PSO 0.8
75.11144597584179 288.3091979606569 PSO 0.8
94.56865647802348 353.90354636044754 PSO 0.8
85.92439252777945 351.17405254553387 PSO 0.8
78.46615519369126 319.4490947784311 PSO 0.8
85.58693324098213 314.3994379557221 PSO 0.8
92.30978162943575 325.51839688768854 PSO 0.8
76.30221542985983 319.6630826403161 PSO 0.8
71.04661880469764 276.1101596952904 PSO 0.8
87.52177854749438 313.9629179284601 PSO 0.8
69.60796681135481 311.6365966343161 PSO 0.8
85.5674966539124 323.748303424657 PSO 0.8
80.30985491654025 350.8412200405326 PSO 0.8
75.56709484362656 281.89380890669406 PSO 0.8
104.14053389379171 355.3543117713157 PSO 0.8
73.38893113129956 267.2377852642932 PSO 0.8
91.96332814579208 363.0289836210434 PSO 0.8
96.8541773814966 383.83666408844334 PSO 0.8
90.66740300825433 321.6275596599113 PSO 0.8
90.67023659132113 334.11095241178066 PSO 0.8
90.92031412666793 356.62055410980065 PSO 0.8
87.37939453880475 337.1926323157579 PSO 0.8
91.61968514799895 336.6538562117349 PSO 0.8
97.82828864220444 356.0184920245455 PSO 0.8
74.2896743591482 313.039268133351 PSO 0.8
94.18151079518829 315.2734333921542 PSO 0.8
79.23063743465035 334.1406090518527 PSO 0.8
91.80974808935352 332.4185230154653 PSO 0.8
81.49615852074379 291.56960109508066 PSO 0.8
81.50105311561768 311.82167803774996 PSO 0.8
80.17225387589701 351.04047890045763 PSO 0.8
92.14162929048713 354.1429464476356 PSO 0.8
86.71159957739147 363.2388161128458 PSO 0.8
66.19613402710542 345.91687944904095 PSO 0.8
87.93973296406355 301.6927397173188 PSO 0.8
84.60306702727523 307.2452188954546 PSO 0.8
81.6092483913101 354.02138354556075 PSO 0.8
98.15665533702288 353.06819041086914 PSO 0.8
73.399894529512 286.8150840262023 PSO 0.8
93.32266433704142 316.9928272989636 PSO 0.8
78.0218890194325 275.68679268900087 PSO 0.8
76.88277473616967 282.7452729668237 PSO 0.8
84.1509788008848 353.63539917699615 PSO 0.8
92.13751613727833 316.2873620093639 PSO 0.8
64.068786169594 267.8143842600437 PSO 0.8
94.3349457129807 329.3008281387615 PSO 0.8
79.94479123718492 282.0731627758388 PSO 0.8
89.6059335740767 348.26799198559377 PSO 0.8
71.5086989276349 281.6637948365527 PSO 0.8
79.66908470184077 295.15068188521917 PSO 0.8
73.00576210503839 352.53164451476067 PSO 0.8
91.97399226682923 315.24404719980083 PSO 0.8
93.05120546916274 335.1840196581085 PSO 0.8
65.78878426609897 307.02844449252444 PSO 0.8
76.31329781734311 328.39888085183776 PSO 0.8
99.69802453799217 337.81210989548606 PSO 0.8
83.41639376194442 352.9656625470153 PSO 0.8
75.85668683827886 287.19854504215215 PSO 0.8
85.23453937588575 317.76515764345896 PSO 0.8
70.9082658103893 308.1965290331823 PSO 0.8
70.44318206489211 307.41269181889726 PSO 0.8
92.99581426195559 323.99874291423646 PSO 0.8
63.156651907382575 283.35844578487684 PSO 0.8
86.12553510103182 317.38293725737066 PSO 0.8
93.25299018138992 372.13798851850174 PSO 0.8
90.06234247270247 349.68926971804314 PSO 0.8
81.01095931245445 286.41762453152444 PSO 0.8
93.52713729314618 344.7018388283474 PSO 0.8
71.01451596811863 304.75797410296485 PSO 0.8
97.99093059026816 367.5419035958203 PSO 0.8
69.67039659779451 281.8545175740119 PSO 0.8
88.97347530077876 328.4236513629309 PSO 0.8
96.26416911508127 357.0566199541278 PSO 0.8
82.67969813680276 336.69542310983803 PSO 0.8
88.07204755311444 320.5309376639867 PSO 0.8
89.64987331306293 301.86628856265486 PSO 0.8
76.9031611073355 274.0285601914022 PSO 0.8
74.16656181781563 295.8790186941817 PSO 0.8
80.24116522594571 282.15102432641874 PSO 0.8
67.24886802978926 308.2732118285902 PSO 0.8
81.89954842863632 325.00308802881153 PSO 0.8
86.37132808946164 314.5209752053394 PSO 0.8
74.42088642738453 301.85951969571767 PSO 0.8
75.87438945281615 292.6444266040656 PSO 0.8
95.91067353605271 372.6469607340221 PSO 0.8
72.74878214792993 323.056330525591 PSO 0.8
65.34453036654232 278.08641186923586 PSO 0.8
85.89477167568057 309.5002776664572 PSO 0.8
85.86521337894764 330.44037284525143 PSO 0.8
80.24496354068383 294.1352427223223 PSO 0.8
66.5000000000005 280.3999999999919 ICPCP 0.8
78.19999999999983 295.5999999999902 ICPCP 0.8
84.99999999999945 333.6999999999936 ICPCP 0.8
90.19999999999915 335.7999999999934 ICPCP 0.8
97.09999999999876 331.59999999999343 ICPCP 0.8
77.59999999999987 272.8999999999898 ICPCP 0.8
72.10000000000018 284.19999999998845 ICPCP 0.8
82.2999999999996 292.1999999999901 ICPCP 0.8
87.69999999999929 328.0999999999916 ICPCP 0.8
71.90000000000019 338.99999999999983 ICPCP 0.8
79.29999999999977 315.99999999999454 ICPCP 0.8
78.99999999999979 294.6999999999894 ICPCP 0.8
108.89999999999809 365.4000000000014 ICPCP 0.8
87.99999999999928 340.89999999999725 ICPCP 0.8
81.39999999999965 312.7999999999926 ICPCP 0.8
80.4999999999997 303.2999999999883 ICPCP 0.8
94.09999999999893 322.49999999998994 ICPCP 0.8
81.49999999999964 320.6999999999945 ICPCP 0.8
71.7000000000002 280.0999999999891 ICPCP 0.8
92.59999999999901 318.8999999999893 ICPCP 0.8
76.9999999999999 306.9999999999953 ICPCP 0.8
87.79999999999929 315.19999999998925 ICPCP 0.8
89.1999999999992 333.1999999999949 ICPCP 0.8
77.19999999999989 287.99999999998875 ICPCP 0.8
119.09999999999751 356.60000000000815 ICPCP 0.8
81.79999999999963 264.3999999999897 ICPCP 0.8
93.49999999999896 356.29999999999524 ICPCP 0.8
105.59999999999827 394.30000000000086 ICPCP 0.8
90.79999999999912 304.9999999999895 ICPCP 0.8
93.99999999999893 344.79999999999427 ICPCP 0.8
100.99999999999854 361.49999999999915 ICPCP 0.8
96.09999999999881 351.1999999999983 ICPCP 0.8
90.29999999999914 336.8999999999949 ICPCP 0.8
92.69999999999901 351.29999999999313 ICPCP 0.8
76.9999999999999 323.1999999999959 ICPCP 0.8
89.59999999999918 314.1999999999896 ICPCP 0.8
86.09999999999938 338.9999999999975 ICPCP 0.8
90.09999999999916 338.5999999999912 ICPCP 0.8
84.89999999999945 296.79999999998813 ICPCP 0.8
73.20000000000012 306.9999999999903 ICPCP 0.8
86.59999999999935 341.9999999999962 ICPCP 0.8
104.69999999999833 364.2000000000008 ICPCP 0.8
86.49999999999936 354.3999999999948 ICPCP 0.8
67.70000000000043 338.9999999999954 ICPCP 0.8
81.29999999999966 305.1999999999892 ICPCP 0.8
94.09999999999893 315.9999999999885 ICPCP 0.8
83.89999999999951 346.90000000000003 ICPCP 0.8
104.69999999999833 354.2999999999979 ICPCP 0.8
74.30000000000005 288.9999999999888 ICPCP 0.8
94.79999999999889 316.89999999998906 ICPCP 0.8
72.60000000000015 265.9999999999902 ICPCP 0.8
80.19999999999972 284.9999999999885 ICPCP 0.8
86.39999999999937 349.2999999999994 ICPCP 0.8
82.1999999999996 316.49999999999056 ICPCP 0.8
73.4000000000001 282.19999999998873 ICPCP 0.8
84.79999999999946 321.0999999999895 ICPCP 0.8
82.49999999999959 274.69999999998936 ICPCP 0.8
91.59999999999907 337.29999999999706 ICPCP 0.8
73.4000000000001 285.19999999999936 ICPCP 0.8
86.89999999999934 298.5999999999899 ICPCP 0.8
91.99999999999905 356.39999999999793 ICPCP 0.8
82.99999999999956 317.8999999999913 ICPCP 0.8
93.39999999999897 337.4999999999931 ICPCP 0.8
60.900000000000595 297.7999999999957 ICPCP 0.8
84.39999999999948 335.6999999999965 ICPCP 0.8
113.8999999999978 326.5000000000037 ICPCP 0.8
94.19999999999892 353.4000000000006 ICPCP 0.8
75.89999999999996 280.3999999999887 ICPCP 0.8
91.1999999999991 316.299999999989 ICPCP 0.8
77.89999999999985 296.5999999999891 ICPCP 0.8
76.39999999999993 306.2999999999918 ICPCP 0.8
92.49999999999902 317.3999999999892 ICPCP 0.8
68.90000000000036 294.2999999999909 ICPCP 0.8
87.09999999999933 309.99999999998835 ICPCP 0.8
94.29999999999892 360.59999999999525 ICPCP 0.8
90.79999999999912 345.9999999999964 ICPCP 0.8
81.99999999999962 290.6999999999881 ICPCP 0.8
87.29999999999932 347.8999999999946 ICPCP 0.8
82.59999999999958 322.9999999999974 ICPCP 0.8
100.59999999999856 367.39999999999765 ICPCP 0.8
80.79999999999968 296.2999999999905 ICPCP 0.8
79.89999999999974 327.29999999999234 ICPCP 0.8
86.39999999999937 345.8999999999986 ICPCP 0.8
97.89999999999871 334.69999999999493 ICPCP 0.8
97.49999999999874 334.899999999993 ICPCP 0.8
91.79999999999906 302.09999999998837 ICPCP 0.8
70.50000000000027 267.89999999998946 ICPCP 0.8
79.69999999999975 297.09999999998774 ICPCP 0.8
82.1999999999996 289.0999999999883 ICPCP 0.8
71.20000000000023 301.69999999999084 ICPCP 0.8
95.69999999999884 326.90000000000595 ICPCP 0.8
86.69999999999935 310.8999999999891 ICPCP 0.8
82.49999999999959 302.8999999999883 ICPCP 0.8
80.4999999999997 306.4999999999897 ICPCP 0.8
109.39999999999806 390.9000000000039 ICPCP 0.8
71.10000000000024 318.39999999999606 ICPCP 0.8
60.800000000000594 276.49999999999073 ICPCP 0.8
98.89999999999866 321.4000000000037 ICPCP 0.8
86.29999999999937 307.6999999999938 ICPCP 0.8
86.39999999999937 297.09999999998865 ICPCP 0.8
