Makespan cost algorithm alphavalue
16.252463621413437 455.39543164587246 DeepWS 0.2
19.90610955413381 558.8858452006964 DeepWS 0.2
16.97935561918495 499.93801924333377 DeepWS 0.2
16.794190962032626 482.4059394866206 DeepWS 0.2
13.402193145343707 454.78592189408545 DeepWS 0.2
18.79444804628122 538.7631134885802 DeepWS 0.2
18.173356200128705 496.73720098869626 DeepWS 0.2
17.417588411687262 486.5708086752829 DeepWS 0.2
16.65226938792343 498.4468408902978 DeepWS 0.2
16.356583849149338 461.1129947184096 DeepWS 0.2
15.470648543201872 484.72578904006775 DeepWS 0.2
17.608876866115377 568.9405631817185 DeepWS 0.2
19.829369103380177 522.0670077818824 DeepWS 0.2
15.324775983218334 529.2289162914523 DeepWS 0.2
17.240731273125185 499.3005640004611 DeepWS 0.2
16.353551336247943 467.5560656097283 DeepWS 0.2
18.635318078966915 503.4495246030483 DeepWS 0.2
17.951902858905346 505.40187798220165 DeepWS 0.2
17.155207680106038 518.9694982444103 DeepWS 0.2
19.190959979766454 487.75110456156074 DeepWS 0.2
21.000931344169135 503.88332423246555 DeepWS 0.2
16.911797875449153 551.3423701726156 DeepWS 0.2
15.210090712833676 541.3164587718832 DeepWS 0.2
17.78007101939919 553.1036296167102 DeepWS 0.2
15.591966880788814 524.6020331948918 DeepWS 0.2
18.096869350417624 561.2262443573311 DeepWS 0.2
14.823514657159086 462.4280309239734 DeepWS 0.2
17.43153207079535 528.5584953122578 DeepWS 0.2
15.245905258613856 567.1851509960491 DeepWS 0.2
17.469051478111844 484.94735476870073 DeepWS 0.2
18.337524891211476 488.5664690137175 DeepWS 0.2
17.3618821383024 521.5156666087973 DeepWS 0.2
19.78442047984567 516.5626168497114 DeepWS 0.2
18.26064098913514 465.2427994395501 DeepWS 0.2
14.557813678059121 571.4352184128435 DeepWS 0.2
16.673990142230156 534.3029186722696 DeepWS 0.2
18.62404985868904 424.8257605866777 DeepWS 0.2
18.44796444379703 539.2849179261823 DeepWS 0.2
14.937952687302491 460.6859395604514 DeepWS 0.2
17.856118723905155 532.9141426542005 DeepWS 0.2
15.90599108486306 491.69223235743334 DeepWS 0.2
17.829483760587582 514.6521114338996 DeepWS 0.2
16.11382281890748 485.50367532900657 DeepWS 0.2
15.360647474958439 480.6348990605529 DeepWS 0.2
20.248968042140156 462.88333878353694 DeepWS 0.2
16.80703337148737 573.1843758994237 DeepWS 0.2
20.03859254277976 560.632658343904 DeepWS 0.2
16.02798725150254 527.9442766500943 DeepWS 0.2
17.839142669463193 521.1455315606225 DeepWS 0.2
16.139263580981822 508.50972101791626 DeepWS 0.2
18.08227476923655 537.5692395322625 DeepWS 0.2
17.070338512831693 554.0855075269654 DeepWS 0.2
16.31805065895313 508.9731860140426 DeepWS 0.2
16.523658932363613 430.5971000115606 DeepWS 0.2
15.93959638090725 552.8475042202515 DeepWS 0.2
19.12925437650319 577.5982053782706 DeepWS 0.2
20.152230421442468 518.5722425729892 DeepWS 0.2
17.368501853671138 507.5770636742319 DeepWS 0.2
22.229888869680682 559.8136584894131 DeepWS 0.2
20.02991371826063 533.2095203062875 DeepWS 0.2
15.341637058423789 493.9342802251118 DeepWS 0.2
20.19016297793719 491.50632708943937 DeepWS 0.2
17.380965226031208 564.4430743549401 DeepWS 0.2
19.441845629957548 483.9439690312989 DeepWS 0.2
17.283469091624628 499.6035555441217 DeepWS 0.2
17.88030535569353 528.6588050814295 DeepWS 0.2
16.248248627406706 538.2037520567817 DeepWS 0.2
16.971580635599537 452.0284258289121 DeepWS 0.2
18.106147078699934 535.773227137635 DeepWS 0.2
17.885064537505446 556.1852226175049 DeepWS 0.2
18.402736855594057 548.1459706415843 DeepWS 0.2
18.373367298195497 522.5678463960465 DeepWS 0.2
16.471838327423956 441.155522469922 DeepWS 0.2
15.196484580301464 432.91534181486105 DeepWS 0.2
19.80361832369622 464.3819059275881 DeepWS 0.2
18.172977881780415 520.0190866183083 DeepWS 0.2
18.26771328678693 533.6183286775677 DeepWS 0.2
19.72609637145272 532.5352707213744 DeepWS 0.2
16.238091520324993 501.79873244698734 DeepWS 0.2
20.169782450558454 489.16020435658726 DeepWS 0.2
17.95742974100716 539.3617879100984 DeepWS 0.2
16.527111045100643 500.9908075897256 DeepWS 0.2
18.828920054106085 531.8381470991375 DeepWS 0.2
16.135042871397776 477.85331721791994 DeepWS 0.2
20.24032479058027 547.3073019806469 DeepWS 0.2
16.381556629769307 475.22750614013574 DeepWS 0.2
18.099348681939322 454.3079899589247 DeepWS 0.2
17.34456880303651 516.7449250408016 DeepWS 0.2
15.528937553324972 475.66561109020375 DeepWS 0.2
16.445898333756293 500.1342077866837 DeepWS 0.2
17.053093862686495 523.5387795100264 DeepWS 0.2
17.068118121518104 533.9859432489726 DeepWS 0.2
13.386770335801234 525.3998297912177 DeepWS 0.2
14.488998084935584 441.10850685846276 DeepWS 0.2
20.367176155108965 502.5657942168898 DeepWS 0.2
19.535322587089734 555.5762130058565 DeepWS 0.2
17.286074108447693 514.7432176061063 DeepWS 0.2
20.09242554089712 522.7319436113971 DeepWS 0.2
13.665408169203847 423.95424196626817 DeepWS 0.2
16.318223259117868 440.7116484965489 DeepWS 0.2
28.020987377908686 427.4505188954242 SCS 0.2
29.218937926821805 544.6474769704344 SCS 0.2
26.59930166016725 449.9668174434674 SCS 0.2
26.937999988347404 450.97352252833696 SCS 0.2
25.420866263394586 434.1831669218343 SCS 0.2
29.789441134149076 496.03992158964815 SCS 0.2
29.655744695027266 479.65256322640425 SCS 0.2
26.200492832555966 454.80605908843586 SCS 0.2
29.83655125304968 498.44145572323225 SCS 0.2
29.474389241463456 423.0025280442396 SCS 0.2
29.588670723310884 441.31797086491156 SCS 0.2
28.08438488584317 524.0533382167839 SCS 0.2
26.02687310726099 492.22491215951635 SCS 0.2
29.614853994655412 488.29336050420216 SCS 0.2
29.6108037302044 465.3813412388382 SCS 0.2
26.89823880364582 450.8255212778809 SCS 0.2
23.70438958930982 475.9862752672362 SCS 0.2
24.222602291432025 479.7983919122211 SCS 0.2
31.921366997139426 461.12469340768536 SCS 0.2
28.474827086290677 458.5868889434882 SCS 0.2
27.908844239052588 455.7246820331737 SCS 0.2
31.179855682940865 514.6438124718064 SCS 0.2
30.228102035282998 507.733331403914 SCS 0.2
28.797669132939635 486.43605514110266 SCS 0.2
26.021065585269394 496.9823770196688 SCS 0.2
33.64008054794401 528.6359100543443 SCS 0.2
29.470763653093833 442.5121648529228 SCS 0.2
31.001536399545195 478.8801140742179 SCS 0.2
32.006509437326756 540.1749658507306 SCS 0.2
24.76274310712875 451.14914035837194 SCS 0.2
31.14190185496716 472.8241521416691 SCS 0.2
30.774303006964452 492.8843959140122 SCS 0.2
29.226641528727008 467.05248961997086 SCS 0.2
28.254048857745442 415.1612041899297 SCS 0.2
30.586915822988498 532.6052402432267 SCS 0.2
28.27819401733276 474.63623720673723 SCS 0.2
25.72032767257587 413.6043258773668 SCS 0.2
29.18088193580568 490.3476780957293 SCS 0.2
27.781060643380968 422.99942512696737 SCS 0.2
32.682546954869366 507.43172679506256 SCS 0.2
29.15705821906877 446.15454049567853 SCS 0.2
32.72627377338747 491.66150607337994 SCS 0.2
30.265572751290584 448.2991454623822 SCS 0.2
25.211093262399643 464.9780325011529 SCS 0.2
26.69573734138545 454.4651574351687 SCS 0.2
28.68015695438056 526.6996646870008 SCS 0.2
31.404040615620453 505.7803625311098 SCS 0.2
31.941235085916407 506.0904909106987 SCS 0.2
31.008483055905597 482.6446075552653 SCS 0.2
28.895181853538745 492.078170023828 SCS 0.2
31.8692897768323 496.25724725869924 SCS 0.2
32.1788957070203 498.61563322547784 SCS 0.2
26.706042072631224 483.41094807042776 SCS 0.2
24.608761849061317 410.7002862491566 SCS 0.2
27.72113626992353 513.264923794099 SCS 0.2
33.86765744289955 541.0397538790967 SCS 0.2
28.42545776627858 478.3739771314492 SCS 0.2
24.526457626235292 507.63096231664355 SCS 0.2
34.51295143538884 517.9137514346855 SCS 0.2
32.27187184384442 488.5097559564015 SCS 0.2
25.689190550327396 466.37268021014245 SCS 0.2
28.671200408160036 457.01726804144647 SCS 0.2
31.938625794491937 556.9525833354705 SCS 0.2
29.96814927962213 447.4270369619846 SCS 0.2
30.66796642907418 463.7717089295026 SCS 0.2
32.78770024531565 494.9989898237154 SCS 0.2
29.04005081654293 526.7723301616438 SCS 0.2
32.37107527662314 420.0207061106705 SCS 0.2
31.910203736095294 498.75308760382944 SCS 0.2
34.34558626043227 528.4692847226071 SCS 0.2
31.13322273908356 500.252214766297 SCS 0.2
26.77574855145299 471.7414478284669 SCS 0.2
28.218252678622648 411.5069217716461 SCS 0.2
26.287477752558548 398.13036779173854 SCS 0.2
26.110032445446624 451.6541632807234 SCS 0.2
29.43409112863463 470.74890029931703 SCS 0.2
33.01712171545506 495.8972556966171 SCS 0.2
28.248695748979703 492.77982658217337 SCS 0.2
30.138763216375214 445.50835469434617 SCS 0.2
32.05131752183589 481.2276868292379 SCS 0.2
29.52395455920698 506.1238733366665 SCS 0.2
29.487619429321438 490.98953957191486 SCS 0.2
29.303827254628864 496.66125709947585 SCS 0.2
30.12298770195295 453.7332666332368 SCS 0.2
28.230841490592525 507.7720863203366 SCS 0.2
29.294247448896957 458.14413838112506 SCS 0.2
29.011046380484267 432.75623684012294 SCS 0.2
31.370817142982023 485.0768702549867 SCS 0.2
25.519296741301474 429.2557987563051 SCS 0.2
30.66097692017964 467.3062163527478 SCS 0.2
28.637083818536095 485.0807933669866 SCS 0.2
28.65811940731051 462.05571693581766 SCS 0.2
26.312575714675855 489.798406838855 SCS 0.2
27.914396185283643 427.44247258840676 SCS 0.2
33.42661401445053 473.64449077514274 SCS 0.2
27.06754455455398 504.92934163530293 SCS 0.2
29.3192813680175 484.602746724536 SCS 0.2
31.11960893625902 480.34017307617233 SCS 0.2
26.868910015218926 417.3439643792787 SCS 0.2
22.811837767741743 420.53202720055197 SCS 0.2
47.17979591999432 383.02604022634233 PSO 0.2
53.378402401335485 496.9415817652881 PSO 0.2
70.5497528891965 409.27084422229416 PSO 0.2
44.38553682855709 423.8381850568153 PSO 0.2
47.85312936375752 405.3786180161076 PSO 0.2
57.296459591924354 457.00370251699667 PSO 0.2
52.78726947088844 413.33764135563206 PSO 0.2
42.850543638554186 423.7654846947938 PSO 0.2
56.1119394096665 432.586798087485 PSO 0.2
52.40904246069404 392.6370589732376 PSO 0.2
45.735326944154835 407.3909023826959 PSO 0.2
53.55314773569822 461.65094148857713 PSO 0.2
74.55936387552755 446.2514390139764 PSO 0.2
50.86191315385828 451.52056976618064 PSO 0.2
87.14869811974879 410.4950649072482 PSO 0.2
48.31757292252172 391.3128867586452 PSO 0.2
66.97425390968921 410.6203685085401 PSO 0.2
45.81549049699026 423.5302337416089 PSO 0.2
68.4393953496877 431.8513861901318 PSO 0.2
52.137561495979654 417.6361473168606 PSO 0.2
53.068821951095806 422.3152379975655 PSO 0.2
62.530784811031495 451.8388417131024 PSO 0.2
64.82601460983555 454.7989332807129 PSO 0.2
52.85285607893454 441.53283618749975 PSO 0.2
58.07256144755595 457.6186179559039 PSO 0.2
64.78141938894763 495.86167994621985 PSO 0.2
49.917887398435454 379.2187536879115 PSO 0.2
77.49124736269758 458.47994393179397 PSO 0.2
72.33070734351388 500.6738938689237 PSO 0.2
59.391417487035966 386.6901750080678 PSO 0.2
74.30000441970633 412.6583930293929 PSO 0.2
51.52192574913167 440.60206305696863 PSO 0.2
67.22710733228978 446.32815773452376 PSO 0.2
62.351784352478326 406.53612819651636 PSO 0.2
55.125978911175245 475.47808440637533 PSO 0.2
57.80355279250797 467.3496559396013 PSO 0.2
53.31356798852603 374.2918157821356 PSO 0.2
39.593289641573335 470.2372045719613 PSO 0.2
44.42493591948238 417.8575454786295 PSO 0.2
51.33601702583687 483.91466293364414 PSO 0.2
51.77593937919351 422.9769419499141 PSO 0.2
51.331980392636986 460.9314193349273 PSO 0.2
78.32613135886886 406.5567612774485 PSO 0.2
54.55596800448889 429.0891485259003 PSO 0.2
75.41862657745972 406.673773172082 PSO 0.2
52.360832722400694 482.28303899434917 PSO 0.2
48.931237133587715 461.59005024090396 PSO 0.2
61.32117358350254 482.0746975999365 PSO 0.2
66.60542576733212 459.9749916435489 PSO 0.2
62.57525745725901 431.6550233302388 PSO 0.2
72.14591300771067 434.6990274696257 PSO 0.2
67.41296905924612 463.47397022503566 PSO 0.2
50.85925375226217 462.3383664201052 PSO 0.2
87.63854699664901 356.91907794331837 PSO 0.2
60.18982992392302 471.2306595517067 PSO 0.2
61.630394652852864 486.6766096560208 PSO 0.2
55.23686035028814 463.56656616454075 PSO 0.2
57.76103531907744 457.4183044072908 PSO 0.2
60.83136051403312 469.31081483351255 PSO 0.2
83.30083938358175 451.202311434271 PSO 0.2
38.31141673335078 458.96194479727535 PSO 0.2
52.732092514747066 419.1503533218993 PSO 0.2
55.113033285123805 509.6123383066958 PSO 0.2
67.82793659938613 420.2949139202089 PSO 0.2
57.36309458223742 417.49674960648133 PSO 0.2
63.193409371975925 476.0986788668023 PSO 0.2
71.87907251683575 479.85532006088454 PSO 0.2
54.65596239975724 377.6781953009481 PSO 0.2
74.61135980393549 450.2913276884009 PSO 0.2
59.88470009627892 496.8093020029428 PSO 0.2
76.76333870344683 464.60612140996096 PSO 0.2
53.67176677741851 411.7891309292889 PSO 0.2
49.67181470681751 363.3635578079673 PSO 0.2
51.86641156265095 386.0370116617277 PSO 0.2
55.615213773345026 407.60777058648404 PSO 0.2
61.76668682917643 470.53886477565493 PSO 0.2
61.2978065857761 447.9473962164433 PSO 0.2
59.178079676962746 455.92702165408224 PSO 0.2
43.374775429467526 413.4121811067518 PSO 0.2
45.666169319875124 419.1986747011309 PSO 0.2
52.05457556424879 455.3892562213521 PSO 0.2
54.363974981243175 423.5083483647393 PSO 0.2
71.03034075999882 473.8003742317342 PSO 0.2
74.12167213038559 420.89411561016743 PSO 0.2
58.16718156618668 454.76458301382485 PSO 0.2
68.30486696608475 401.1796344119385 PSO 0.2
39.369925591002946 380.6018434536531 PSO 0.2
51.72375754770645 465.95635620787846 PSO 0.2
54.20743425286207 416.14012615741404 PSO 0.2
68.27471777442713 419.19721233237203 PSO 0.2
63.44265587533945 454.91365062470993 PSO 0.2
55.69421922006589 432.85311343696543 PSO 0.2
45.20372096745921 442.2668383857613 PSO 0.2
49.11185878794581 380.3930320526998 PSO 0.2
71.97998978594791 420.14550427414235 PSO 0.2
63.7229582185046 459.8827205808794 PSO 0.2
64.091049342909 449.4030012376526 PSO 0.2
45.33579829643538 447.46377219057575 PSO 0.2
60.30558308032383 368.88132598458327 PSO 0.2
61.35213615795945 365.8822437125793 PSO 0.2
22.60000000000005 444.89999999999833 ICPCP 0.2
18.9 573.1999999999955 ICPCP 0.2
17.099999999999973 485.9999999999927 ICPCP 0.2
22.40000000000005 480.3999999999984 ICPCP 0.2
17.099999999999973 454.3000000000008 ICPCP 0.2
21.300000000000033 519.19999999999 ICPCP 0.2
20.800000000000026 494.3999999999904 ICPCP 0.2
17.399999999999977 479.3999999999913 ICPCP 0.2
19.300000000000004 520.1999999999882 ICPCP 0.2
16.599999999999966 452.19999999999226 ICPCP 0.2
19.900000000000013 466.39999999998946 ICPCP 0.2
27.800000000000125 556.9999999999997 ICPCP 0.2
17.59999999999998 520.1999999999912 ICPCP 0.2
19.900000000000013 517.1999999999914 ICPCP 0.2
29.700000000000152 502.70000000000255 ICPCP 0.2
24.800000000000082 467.4999999999986 ICPCP 0.2
15.99999999999996 505.3999999999943 ICPCP 0.2
16.19999999999996 510.7999999999928 ICPCP 0.2
31.00000000000017 509.89999999999753 ICPCP 0.2
27.300000000000118 479.99999999999744 ICPCP 0.2
17.399999999999977 481.39999999999117 ICPCP 0.2
21.500000000000036 551.3999999999941 ICPCP 0.2
20.700000000000024 553.399999999998 ICPCP 0.2
21.500000000000036 533.7999999999892 ICPCP 0.2
22.100000000000044 520.7999999999959 ICPCP 0.2
29.000000000000142 553.6999999999997 ICPCP 0.2
20.000000000000014 468.99999999999034 ICPCP 0.2
19.70000000000001 521.3999999999916 ICPCP 0.2
19.80000000000001 557.9999999999958 ICPCP 0.2
16.79999999999997 479.19999999999465 ICPCP 0.2
19.400000000000006 492.7999999999899 ICPCP 0.2
21.90000000000004 518.0999999999949 ICPCP 0.2
26.0000000000001 505.8999999999996 ICPCP 0.2
24.800000000000082 479.10000000000247 ICPCP 0.2
20.000000000000014 560.1999999999954 ICPCP 0.2
21.500000000000036 523.4999999999949 ICPCP 0.2
15.79999999999996 445.3999999999956 ICPCP 0.2
19.900000000000013 513.599999999989 ICPCP 0.2
18.799999999999997 449.3999999999922 ICPCP 0.2
17.49999999999998 552.5999999999875 ICPCP 0.2
17.59999999999998 480.0999999999945 ICPCP 0.2
29.60000000000015 529.399999999997 ICPCP 0.2
17.799999999999983 461.3999999999944 ICPCP 0.2
18.799999999999997 506.19999999999214 ICPCP 0.2
19.900000000000013 475.5999999999898 ICPCP 0.2
22.100000000000044 554.799999999996 ICPCP 0.2
21.300000000000033 533.6 ICPCP 0.2
26.500000000000107 552.800000000002 ICPCP 0.2
26.500000000000107 484.9999999999963 ICPCP 0.2
21.500000000000036 509.9999999999916 ICPCP 0.2
20.40000000000002 509.9999999999894 ICPCP 0.2
21.500000000000036 549.5999999999987 ICPCP 0.2
20.600000000000023 526.6000000000005 ICPCP 0.2
18.799999999999997 453.0999999999947 ICPCP 0.2
21.500000000000036 550.7999999999989 ICPCP 0.2
20.800000000000026 592.0000000000022 ICPCP 0.2
19.400000000000006 496.1999999999903 ICPCP 0.2
15.299999999999962 532.5999999999963 ICPCP 0.2
20.800000000000026 540.1999999999932 ICPCP 0.2
20.200000000000017 525.9999999999893 ICPCP 0.2
17.799999999999983 512.1999999999914 ICPCP 0.2
18.799999999999997 505.1999999999912 ICPCP 0.2
20.40000000000002 578.4000000000011 ICPCP 0.2
22.000000000000043 455.7000000000058 ICPCP 0.2
19.200000000000003 491.39999999998963 ICPCP 0.2
24.200000000000074 536.4999999999985 ICPCP 0.2
26.300000000000104 548.3000000000019 ICPCP 0.2
28.80000000000014 449.90000000001464 ICPCP 0.2
21.400000000000034 526.7999999999905 ICPCP 0.2
20.100000000000016 580.4000000000016 ICPCP 0.2
20.600000000000023 538.9999999999916 ICPCP 0.2
28.300000000000132 513.2999999999964 ICPCP 0.2
17.299999999999976 451.79999999999126 ICPCP 0.2
24.800000000000082 450.7000000000004 ICPCP 0.2
18.099999999999987 480.79999999999325 ICPCP 0.2
20.200000000000017 500.79999999998984 ICPCP 0.2
27.300000000000118 506.0999999999958 ICPCP 0.2
18.799999999999997 517.5999999999898 ICPCP 0.2
29.50000000000015 492.80000000000365 ICPCP 0.2
21.10000000000003 496.19999999998896 ICPCP 0.2
19.1 543.1999999999922 ICPCP 0.2
27.200000000000117 517.6999999999986 ICPCP 0.2
19.300000000000004 538.9999999999906 ICPCP 0.2
21.400000000000034 494.5 ICPCP 0.2
19.60000000000001 529.9999999999903 ICPCP 0.2
19.80000000000001 478.79999999999046 ICPCP 0.2
23.10000000000006 453.2999999999956 ICPCP 0.2
19.0 525.1999999999899 ICPCP 0.2
19.0 471.09999999999604 ICPCP 0.2
26.1000000000001 474.3999999999987 ICPCP 0.2
21.00000000000003 525.9999999999906 ICPCP 0.2
25.40000000000009 518.2999999999993 ICPCP 0.2
18.799999999999997 532.3999999999944 ICPCP 0.2
18.29999999999999 445.0999999999949 ICPCP 0.2
23.600000000000065 494.9000000000011 ICPCP 0.2
26.80000000000011 552.1000000000006 ICPCP 0.2
27.100000000000115 526.1999999999962 ICPCP 0.2
27.700000000000124 513.1999999999974 ICPCP 0.2
19.500000000000007 444.9999999999948 ICPCP 0.2
20.30000000000002 460.3000000000028 ICPCP 0.2
28.966987874526684 396.3170558140611 DeepWS 0.4
26.628907440327186 482.87967986178836 DeepWS 0.4
25.469212260220306 425.1546404747596 DeepWS 0.4
21.97538561830865 422.74563073377135 DeepWS 0.4
24.09884819644708 409.9653535548381 DeepWS 0.4
28.01548790177635 474.6850626862579 DeepWS 0.4
26.356850994462345 431.69285247884693 DeepWS 0.4
27.731250221566956 429.32931280254127 DeepWS 0.4
25.291765081826206 454.9210651773528 DeepWS 0.4
27.379849471969344 392.24913373659564 DeepWS 0.4
27.82621469278795 431.35124783309965 DeepWS 0.4
25.35549486795181 471.9379896380393 DeepWS 0.4
25.62278905308959 460.75662764038043 DeepWS 0.4
28.42165374225244 472.1849630751397 DeepWS 0.4
29.52379721331792 440.98517594834755 DeepWS 0.4
25.534938456838308 414.91550645964594 DeepWS 0.4
26.067387941798444 428.1332394954566 DeepWS 0.4
26.631452784101022 441.4782598288447 DeepWS 0.4
28.87438400944498 447.1113344934221 DeepWS 0.4
25.53233872517559 418.96071333763007 DeepWS 0.4
25.612703830485426 421.76680451116334 DeepWS 0.4
29.49250399098464 488.24325413865273 DeepWS 0.4
28.42999373775361 481.51702929515295 DeepWS 0.4
29.738003978156282 466.47361367678616 DeepWS 0.4
24.009983718968094 471.3796526655342 DeepWS 0.4
30.74203283399043 481.05692716555507 DeepWS 0.4
26.3025046029179 413.343577334867 DeepWS 0.4
30.782005664262286 482.9386729923186 DeepWS 0.4
28.705759030568604 492.6078406396899 DeepWS 0.4
25.85597506846431 414.709554257168 DeepWS 0.4
28.16547363422001 425.7759942066119 DeepWS 0.4
30.437772263883595 463.07946743142224 DeepWS 0.4
27.973302758994294 433.18821947291616 DeepWS 0.4
25.620338846658353 405.57434942737393 DeepWS 0.4
26.74663314665506 504.41572946266507 DeepWS 0.4
26.88258341010013 456.30645200342417 DeepWS 0.4
23.304732391032683 389.8295949207157 DeepWS 0.4
26.231926295788355 471.2436642710447 DeepWS 0.4
28.03526648215064 400.5279955584537 DeepWS 0.4
30.525038020637744 483.0708434102507 DeepWS 0.4
27.772133071282468 431.6074594519291 DeepWS 0.4
28.633434739845228 444.7666988344823 DeepWS 0.4
26.392147234508084 420.70096525524025 DeepWS 0.4
24.07296656662971 442.82514428689706 DeepWS 0.4
29.627119690264962 426.58922344700375 DeepWS 0.4
28.96373476837535 495.7519224413928 DeepWS 0.4
27.766734670710786 483.41800878461027 DeepWS 0.4
28.470319336516795 483.2290205107558 DeepWS 0.4
29.673820152686975 447.16880667461237 DeepWS 0.4
28.474356251380232 446.2903262196196 DeepWS 0.4
30.851736959954522 468.10861380977065 DeepWS 0.4
32.20080252934845 498.6697614461352 DeepWS 0.4
26.7027380716007 448.9349686657657 DeepWS 0.4
25.03783727500179 394.7094271770287 DeepWS 0.4
26.62553799101333 490.4315947379341 DeepWS 0.4
30.17686875055008 487.633163058429 DeepWS 0.4
27.25906387834225 449.51292798761517 DeepWS 0.4
28.083146492860543 461.6727189027218 DeepWS 0.4
30.296589405813215 483.38866103413807 DeepWS 0.4
29.426456244410755 465.5402926475027 DeepWS 0.4
24.39705479898211 452.4102812527793 DeepWS 0.4
24.406958445439493 430.2384891781496 DeepWS 0.4
27.98054112226772 488.1055120261973 DeepWS 0.4
29.82149937273399 430.298531462329 DeepWS 0.4
30.607614851361845 429.20791070805086 DeepWS 0.4
29.34412236109117 463.94237097633993 DeepWS 0.4
26.852017534496888 468.3916027329092 DeepWS 0.4
30.958052300595185 405.1206228888744 DeepWS 0.4
29.546727336559137 443.255385837733 DeepWS 0.4
30.361956006110578 492.2686131537705 DeepWS 0.4
29.286105615203045 488.29717641956677 DeepWS 0.4
26.37901524127853 441.45415400300107 DeepWS 0.4
26.2677080942987 389.7971682102394 DeepWS 0.4
32.15299569234615 389.8290954449899 DeepWS 0.4
24.80713121226933 430.47655975511964 DeepWS 0.4
29.216096857438362 462.94469600038417 DeepWS 0.4
29.853288863938367 471.25094963207044 DeepWS 0.4
26.50664422158909 451.3792203470435 DeepWS 0.4
25.966933981791293 428.12424155041083 DeepWS 0.4
25.99520603403716 428.4887652860367 DeepWS 0.4
26.641609581755517 481.78356444304177 DeepWS 0.4
27.957513806100348 445.76240947282713 DeepWS 0.4
27.187128465715226 473.55716028422523 DeepWS 0.4
28.486184487304172 418.69410416604 DeepWS 0.4
25.410524574225082 476.23640451786304 DeepWS 0.4
26.570753940954265 424.01143058857525 DeepWS 0.4
28.187466979225203 403.71647057629445 DeepWS 0.4
29.469694300683724 460.3921031862753 DeepWS 0.4
24.678254387082852 417.3403577175115 DeepWS 0.4
28.32693948340443 438.560413874332 DeepWS 0.4
29.396043255299112 466.7553124713748 DeepWS 0.4
26.330890956927096 457.64508873960796 DeepWS 0.4
29.8343459916613 452.64286320419137 DeepWS 0.4
25.469698764842924 408.3515788344026 DeepWS 0.4
32.86850268600991 460.3160462874161 DeepWS 0.4
29.565534112379165 494.8270423585987 DeepWS 0.4
29.95174353575888 463.0643732706464 DeepWS 0.4
25.828403863392737 455.2738765380555 DeepWS 0.4
30.077253883846065 384.2016613779793 DeepWS 0.4
22.597804985967816 401.0162987143873 DeepWS 0.4
40.63779728478078 413.2048277062058 SCS 0.4
37.761790820331534 479.5339693715052 SCS 0.4
41.09688822455547 428.81400023633324 SCS 0.4
36.63447965489076 443.65020292361646 SCS 0.4
37.01946374316374 391.65012907966144 SCS 0.4
39.43766405818856 504.3136074908421 SCS 0.4
37.82495393238033 468.61001325695787 SCS 0.4
34.3248285092036 442.26464362592907 SCS 0.4
39.52505078020315 472.4033424947309 SCS 0.4
37.95456908720599 405.2167015314679 SCS 0.4
37.101546177308165 432.6264593003409 SCS 0.4
40.02899964587811 492.5887972096068 SCS 0.4
37.19487150048011 476.1817057267071 SCS 0.4
39.104527714341835 470.21718286910556 SCS 0.4
41.77259195136472 460.63325057152576 SCS 0.4
35.29457097186433 410.7742721620426 SCS 0.4
38.371137527871696 449.32623569818224 SCS 0.4
36.56765073618808 455.44072021810666 SCS 0.4
43.4119036761826 473.1477497235722 SCS 0.4
34.979042560297444 431.43975313333823 SCS 0.4
38.02322876313375 452.0845361748123 SCS 0.4
41.978284293273745 509.984034124606 SCS 0.4
43.29007730617318 497.6237385107849 SCS 0.4
41.30303907345804 493.04977506739624 SCS 0.4
42.30704375992727 461.8401039366977 SCS 0.4
44.74309834048467 515.8935787880072 SCS 0.4
35.930296131586985 445.5246501549817 SCS 0.4
42.6357623926506 478.5993308393409 SCS 0.4
39.489574935060894 523.1806951469282 SCS 0.4
36.28531616355263 437.0463051902662 SCS 0.4
37.94839369082474 463.3158976421093 SCS 0.4
41.053058860857874 464.2516442346609 SCS 0.4
38.684571753742205 437.78637656875213 SCS 0.4
41.6722746760639 426.9477866436868 SCS 0.4
40.35871067827075 543.148917178434 SCS 0.4
38.694026685404936 490.7523076351075 SCS 0.4
32.096687175436294 406.08088822038405 SCS 0.4
37.25190699466925 486.03589467831887 SCS 0.4
36.00918407089785 409.5290370513275 SCS 0.4
41.24706438010188 525.271514743329 SCS 0.4
39.27324679531288 422.7868652850571 SCS 0.4
42.619962718307164 481.4205140966006 SCS 0.4
40.39211715647173 442.8552235437009 SCS 0.4
34.802835016778154 448.27513124109703 SCS 0.4
41.58491504319825 452.70150410238733 SCS 0.4
40.43461684744419 498.3313231738978 SCS 0.4
39.387304274332735 483.2405749005484 SCS 0.4
43.266399601274536 484.5174903396496 SCS 0.4
41.13062392910271 463.2548277928742 SCS 0.4
39.56038264888374 468.1765337413592 SCS 0.4
40.36781764593573 478.068927457261 SCS 0.4
42.360255666948795 485.56041710665914 SCS 0.4
41.61744309827715 462.36290921699003 SCS 0.4
37.93077927350799 390.65157695981964 SCS 0.4
38.379417170189576 502.90473008182175 SCS 0.4
43.913615196668324 527.6132606701888 SCS 0.4
37.29870657842147 475.9134484759735 SCS 0.4
34.77516526043905 472.3273301342867 SCS 0.4
42.73550358041605 507.9249775853919 SCS 0.4
40.048827263404796 463.3338964342019 SCS 0.4
37.420010899836164 461.8906123965444 SCS 0.4
38.93777850798077 450.3560534121344 SCS 0.4
45.919642921618596 547.138290871041 SCS 0.4
43.46556811576029 443.7666123973179 SCS 0.4
40.71466061753971 451.9765628631761 SCS 0.4
41.94843630109248 480.6063143561656 SCS 0.4
43.371403437976056 491.16895299910914 SCS 0.4
41.78200929236713 404.1960167800864 SCS 0.4
45.02847902994856 469.83648384141145 SCS 0.4
43.71720921435085 522.0184355732139 SCS 0.4
40.06422594591753 487.4417661099386 SCS 0.4
40.20677192534078 454.362366183845 SCS 0.4
36.61432847511914 407.66979506860156 SCS 0.4
37.97396597257913 401.65990508662753 SCS 0.4
37.5843717796364 436.36429381009356 SCS 0.4
42.17504068280666 483.74418100942114 SCS 0.4
41.44613132820477 455.85039338285173 SCS 0.4
38.51865161850345 490.880970028005 SCS 0.4
42.56065028653362 438.4979340916859 SCS 0.4
39.16090693879728 451.8706327088356 SCS 0.4
39.4763267796295 495.3409304109595 SCS 0.4
43.148058347511416 475.70226328309735 SCS 0.4
39.05191288711903 489.022859853656 SCS 0.4
38.92230116761418 421.3451399633009 SCS 0.4
39.67490503480714 502.7768686578744 SCS 0.4
40.44806633965572 447.3790543864022 SCS 0.4
38.954706953583894 413.15285086091956 SCS 0.4
40.64400359258738 467.54972641322064 SCS 0.4
38.30281344588537 449.8110178977849 SCS 0.4
39.17426862969548 410.33747301431845 SCS 0.4
41.01566915607783 465.95740224730645 SCS 0.4
39.68899535053411 465.84221799095906 SCS 0.4
36.19753858899156 469.39374313488526 SCS 0.4
41.44649869368922 415.4178880807644 SCS 0.4
42.588182596486824 451.82626336041534 SCS 0.4
39.34470142479661 499.8147534588112 SCS 0.4
41.24844465499147 466.9719816990109 SCS 0.4
42.565091650079594 480.1614099991703 SCS 0.4
34.524616596076285 389.4015697411566 SCS 0.4
32.822212565366186 417.89866937512613 SCS 0.4
37.58009817524985 359.4035474355359 PSO 0.4
37.53711816105814 470.2201792491229 PSO 0.4
33.08173251747423 400.212534451207 PSO 0.4
31.633194396079148 395.5569377406859 PSO 0.4
31.624867954643456 373.01494491329316 PSO 0.4
38.64105033487275 438.474213300364 PSO 0.4
38.958029775605034 425.2315865705945 PSO 0.4
33.85685646633763 399.8642357589408 PSO 0.4
37.42798971858343 428.4746575045075 PSO 0.4
36.22175074170979 367.6053083614388 PSO 0.4
35.75687944500532 389.87156863115626 PSO 0.4
38.313416283717494 444.4080590274319 PSO 0.4
36.016409891019656 431.219697449558 PSO 0.4
41.29543148455771 443.49560543743297 PSO 0.4
38.16070058228533 410.7892457878253 PSO 0.4
35.2942135237649 388.5396565012759 PSO 0.4
33.323764798880525 422.8839314665565 PSO 0.4
31.813889090621018 432.5575668925467 PSO 0.4
67.25400659590896 450.54777584564414 PSO 0.4
34.455235657169546 380.69179104381396 PSO 0.4
36.74502426554786 407.3118281612947 PSO 0.4
40.11331508883415 457.65036821346627 PSO 0.4
38.83417514525513 456.20167390291965 PSO 0.4
40.245456397248034 431.9315034021618 PSO 0.4
34.67701544764259 436.61647947356056 PSO 0.4
41.247603753494 468.2473220423376 PSO 0.4
38.14256010869935 395.18291849151694 PSO 0.4
42.568256691488514 434.2371268900601 PSO 0.4
37.67241476005958 458.16483995174906 PSO 0.4
32.52642099861992 396.7052521839575 PSO 0.4
38.95362135089847 399.7831306057437 PSO 0.4
39.56656878981413 425.0644014992281 PSO 0.4
37.912123627084654 406.69037831293457 PSO 0.4
34.2363246257382 384.4554353653347 PSO 0.4
36.57358824801979 476.6032489350003 PSO 0.4
66.10891121923336 426.99861325807956 PSO 0.4
33.317820232493254 376.80432046197245 PSO 0.4
37.20197650017424 432.53567454619156 PSO 0.4
35.42358349165345 371.64297269904125 PSO 0.4
40.052953450051604 450.7345003163582 PSO 0.4
37.1062398780021 413.22535269728866 PSO 0.4
40.87083152685533 447.89199082036356 PSO 0.4
37.19664256901305 374.72047269570504 PSO 0.4
33.44614389949033 396.7687793591501 PSO 0.4
37.35861100087793 407.5009838496283 PSO 0.4
38.339261615837835 458.40862966253223 PSO 0.4
35.45471352293776 449.1302785653786 PSO 0.4
37.03724802307195 433.74118327545204 PSO 0.4
39.6249477359072 413.7572134747205 PSO 0.4
39.8524205218863 435.24604410336974 PSO 0.4
35.40966490201187 434.9979736439948 PSO 0.4
39.31854287449815 440.04336354198244 PSO 0.4
31.224626628733862 427.7609973514996 PSO 0.4
32.878786088001505 357.01909867392027 PSO 0.4
39.342102572435806 465.04779313447403 PSO 0.4
44.29431200188179 475.7693321690329 PSO 0.4
35.75311472673355 417.01438644596703 PSO 0.4
32.31084165402394 463.2193438611163 PSO 0.4
43.00459764417455 477.68422120055146 PSO 0.4
40.113588582907106 438.45113006900874 PSO 0.4
31.889773507520268 408.86865082873015 PSO 0.4
35.577155542148255 408.46379612299245 PSO 0.4
40.82744981479473 474.1129562457785 PSO 0.4
38.627858998216276 388.8012910468775 PSO 0.4
38.57975842116833 405.8290338030123 PSO 0.4
41.39082826542688 432.6447529919052 PSO 0.4
38.354211019600086 470.3129131440489 PSO 0.4
41.577106062061915 388.4473133836541 PSO 0.4
40.20081867086371 430.8078298979635 PSO 0.4
41.7367109947302 473.5931211904964 PSO 0.4
39.20103173411396 439.19850617745254 PSO 0.4
35.53870238128499 406.7996520362928 PSO 0.4
35.45944688992667 365.0571379394756 PSO 0.4
33.757110230084 348.9897851653254 PSO 0.4
31.345558716198692 403.2438814042319 PSO 0.4
38.35841595583417 443.1347116591048 PSO 0.4
42.27176514124332 423.74628053296675 PSO 0.4
37.16597899652752 431.3905769807727 PSO 0.4
36.3377318036681 391.63288294556264 PSO 0.4
66.53048333546242 404.624027398929 PSO 0.4
37.055511267025274 461.6080433956774 PSO 0.4
36.77158604215223 422.20317592056637 PSO 0.4
37.12725680522039 452.625597431576 PSO 0.4
39.74938678102194 408.79218493814227 PSO 0.4
35.736013328983354 446.0296325368607 PSO 0.4
38.575488036650704 422.2214208567442 PSO 0.4
37.62628274471104 367.1841136147388 PSO 0.4
39.72258346570301 439.96884690022847 PSO 0.4
32.15869293346905 398.7421798249892 PSO 0.4
40.39342595107561 412.25399976640057 PSO 0.4
40.075825796800785 434.34418767801026 PSO 0.4
37.470487765106505 439.5828781073258 PSO 0.4
33.409812373811626 430.15714142010415 PSO 0.4
33.34764130835293 362.7303452087393 PSO 0.4
38.91664015092848 404.2759154969345 PSO 0.4
34.275485323391365 453.5273646036727 PSO 0.4
39.23048964775931 429.7915012098366 PSO 0.4
40.043329245418676 439.95668347741616 PSO 0.4
34.459857126273185 357.8175005540585 PSO 0.4
28.809088057447738 366.69490774449827 PSO 0.4
35.40000000000023 429.70000000000334 ICPCP 0.4
32.9000000000002 534.3999999999967 ICPCP 0.4
29.400000000000148 461.40000000002897 ICPCP 0.4
27.700000000000124 458.90000000000225 ICPCP 0.4
35.80000000000024 443.1000000000127 ICPCP 0.4
32.9000000000002 506.99999999998903 ICPCP 0.4
30.800000000000168 445.19999999999726 ICPCP 0.4
32.60000000000019 468.5000000000132 ICPCP 0.4
37.20000000000026 505.9999999999982 ICPCP 0.4
31.70000000000018 428.80000000000246 ICPCP 0.4
32.50000000000019 430.7000000000071 ICPCP 0.4
34.70000000000022 535.5000000000209 ICPCP 0.4
27.50000000000012 495.79999999998915 ICPCP 0.4
40.1000000000003 505.100000000011 ICPCP 0.4
39.800000000000296 479.7000000000002 ICPCP 0.4
32.800000000000196 442.4000000000222 ICPCP 0.4
35.70000000000024 454.90000000001385 ICPCP 0.4
26.900000000000112 480.4999999999924 ICPCP 0.4
36.900000000000254 497.9000000000154 ICPCP 0.4
34.200000000000216 450.6999999999952 ICPCP 0.4
39.700000000000294 473.3000000000234 ICPCP 0.4
36.60000000000025 517.8000000000202 ICPCP 0.4
31.500000000000178 537.0000000000024 ICPCP 0.4
32.100000000000186 516.7000000000294 ICPCP 0.4
36.300000000000246 486.200000000004 ICPCP 0.4
32.9000000000002 536.9000000000119 ICPCP 0.4
32.700000000000195 446.5000000000339 ICPCP 0.4
36.10000000000024 527.5999999999942 ICPCP 0.4
34.70000000000022 552.2000000000239 ICPCP 0.4
36.900000000000254 438.3000000000011 ICPCP 0.4
39.800000000000296 458.1000000000129 ICPCP 0.4
39.20000000000029 495.4000000000333 ICPCP 0.4
30.400000000000162 495.3999999999979 ICPCP 0.4
42.10000000000033 437.9000000000073 ICPCP 0.4
35.90000000000024 551.5000000000136 ICPCP 0.4
33.400000000000205 483.3000000000081 ICPCP 0.4
29.400000000000148 413.60000000000997 ICPCP 0.4
38.400000000000276 500.79999999999455 ICPCP 0.4
38.400000000000276 441.7000000000114 ICPCP 0.4
34.40000000000022 516.799999999995 ICPCP 0.4
31.60000000000018 460.9999999999943 ICPCP 0.4
38.80000000000028 500.8000000000379 ICPCP 0.4
33.60000000000021 457.00000000001165 ICPCP 0.4
35.80000000000024 461.49999999999335 ICPCP 0.4
32.60000000000019 467.30000000001587 ICPCP 0.4
30.30000000000016 521.7999999999888 ICPCP 0.4
35.10000000000023 523.4000000000282 ICPCP 0.4
34.50000000000022 519.2000000000214 ICPCP 0.4
36.60000000000025 481.5000000000028 ICPCP 0.4
27.100000000000115 486.599999999991 ICPCP 0.4
37.80000000000027 484.0000000000056 ICPCP 0.4
40.70000000000031 523.6000000000078 ICPCP 0.4
34.00000000000021 499.60000000000963 ICPCP 0.4
35.90000000000024 434.5000000000305 ICPCP 0.4
35.500000000000234 525.6000000000023 ICPCP 0.4
39.30000000000029 542.2000000000229 ICPCP 0.4
35.70000000000024 474.70000000001033 ICPCP 0.4
32.000000000000185 520.4000000000049 ICPCP 0.4
42.600000000000335 530.4000000000306 ICPCP 0.4
33.400000000000205 505.99999999998727 ICPCP 0.4
25.100000000000087 478.7999999999892 ICPCP 0.4
29.700000000000152 494.5000000000225 ICPCP 0.4
38.50000000000028 572.800000000039 ICPCP 0.4
32.700000000000195 475.00000000002694 ICPCP 0.4
39.40000000000029 470.59999999999536 ICPCP 0.4
36.300000000000246 534.2000000000031 ICPCP 0.4
29.800000000000153 529.300000000018 ICPCP 0.4
39.60000000000029 439.2000000000263 ICPCP 0.4
41.60000000000032 503.0000000000381 ICPCP 0.4
43.50000000000035 556.2000000000087 ICPCP 0.4
31.100000000000172 497.99999999999227 ICPCP 0.4
32.30000000000019 464.500000000009 ICPCP 0.4
30.000000000000156 429.4000000000003 ICPCP 0.4
28.600000000000136 421.1000000000263 ICPCP 0.4
31.400000000000176 433.2000000000229 ICPCP 0.4
41.200000000000315 484.80000000000814 ICPCP 0.4
35.90000000000024 498.5000000000019 ICPCP 0.4
28.20000000000013 493.8999999999933 ICPCP 0.4
35.600000000000236 468.90000000001754 ICPCP 0.4
46.700000000000394 478.5000000000034 ICPCP 0.4
30.600000000000165 516.5000000000276 ICPCP 0.4
37.000000000000256 514.1000000000341 ICPCP 0.4
39.9000000000003 519.2999999999962 ICPCP 0.4
39.9000000000003 476.2000000000071 ICPCP 0.4
31.60000000000018 531.1000000000132 ICPCP 0.4
30.600000000000165 479.0999999999944 ICPCP 0.4
33.90000000000021 453.80000000002144 ICPCP 0.4
37.10000000000026 495.4000000000213 ICPCP 0.4
36.80000000000025 444.7999999999999 ICPCP 0.4
40.1000000000003 478.800000000036 ICPCP 0.4
34.30000000000022 506.40000000001146 ICPCP 0.4
33.60000000000021 510.7000000000035 ICPCP 0.4
35.40000000000023 487.700000000017 ICPCP 0.4
31.300000000000175 419.700000000011 ICPCP 0.4
39.800000000000296 484.6000000000206 ICPCP 0.4
33.90000000000021 505.7000000000058 ICPCP 0.4
42.90000000000034 506.4000000000392 ICPCP 0.4
36.60000000000025 505.8000000000221 ICPCP 0.4
30.500000000000163 410.6000000000056 ICPCP 0.4
34.900000000000226 432.0000000000042 ICPCP 0.4
51.793781214507355 364.9297760755561 DeepWS 0.6
49.57367418793925 451.81616484411614 DeepWS 0.6
48.168339995796316 383.48400543546603 DeepWS 0.6
39.22920681128162 384.7252004659297 DeepWS 0.6
47.9190485322757 381.974275823931 DeepWS 0.6
50.768179037825874 429.4058929586085 DeepWS 0.6
53.74673572579518 406.3293091892307 DeepWS 0.6
45.87383784763647 383.18459922971425 DeepWS 0.6
50.54074360215599 427.596721406419 DeepWS 0.6
50.62565909874007 362.09033999869774 DeepWS 0.6
47.686289490500165 390.5130589782234 DeepWS 0.6
58.854223866590175 448.6747320189411 DeepWS 0.6
47.18487525933015 425.53672411799784 DeepWS 0.6
50.24778243924942 419.92729056790637 DeepWS 0.6
54.60288250490633 389.9689361579408 DeepWS 0.6
48.05797847353854 374.3766979540998 DeepWS 0.6
39.30662615998635 393.99347893972816 DeepWS 0.6
41.586270662724274 409.32561927788913 DeepWS 0.6
48.83887241651159 420.72749993210965 DeepWS 0.6
44.193520460191394 382.3483762861801 DeepWS 0.6
50.941568502716635 398.00048820688824 DeepWS 0.6
49.1483873418065 439.534289049409 DeepWS 0.6
50.16546216921983 433.82979517963145 DeepWS 0.6
49.939887035422046 437.54759722049533 DeepWS 0.6
48.0547297971152 420.4185121172412 DeepWS 0.6
53.59703182237841 463.6344064403523 DeepWS 0.6
48.241591920109244 380.5322157787537 DeepWS 0.6
49.888346698939365 429.18815537756427 DeepWS 0.6
51.86512038121749 449.0002971264818 DeepWS 0.6
40.60958465911897 383.8858478193132 DeepWS 0.6
62.41137169321328 397.64089228503576 DeepWS 0.6
53.4201567521214 428.16380798716517 DeepWS 0.6
48.80708792965087 404.033025017887 DeepWS 0.6
59.643869580765994 377.35110056253063 DeepWS 0.6
54.056427337182576 456.21574273913075 DeepWS 0.6
54.47114188999621 414.02858339300553 DeepWS 0.6
47.29714861448129 356.29372330168167 DeepWS 0.6
47.38076359022013 443.3238641691369 DeepWS 0.6
48.97966091032352 369.7314358825457 DeepWS 0.6
54.2534979515817 458.965237606447 DeepWS 0.6
52.84674011373468 385.97367742522977 DeepWS 0.6
56.21097916658004 429.84774188212765 DeepWS 0.6
56.00290354579521 390.88546594096306 DeepWS 0.6
45.37035673275205 382.3414143935848 DeepWS 0.6
46.812002664496255 400.1405629117853 DeepWS 0.6
56.2141349719055 439.7789117681038 DeepWS 0.6
50.85498246043265 426.6702182488913 DeepWS 0.6
60.056482426254334 441.6069476017085 DeepWS 0.6
51.84153289500412 429.9806070742394 DeepWS 0.6
56.42025642355113 412.51124547293347 DeepWS 0.6
48.49084112947405 428.6695791632093 DeepWS 0.6
57.28872584129665 461.04676577026993 DeepWS 0.6
41.03356304192323 412.73012856136165 DeepWS 0.6
45.54462124602174 351.76613828135424 DeepWS 0.6
51.52125720175816 433.83763941483545 DeepWS 0.6
53.10344102682394 457.97255350732297 DeepWS 0.6
48.95332479575033 414.78018720081997 DeepWS 0.6
41.73960023283473 434.2334221884853 DeepWS 0.6
53.31261202182368 463.31296273002687 DeepWS 0.6
52.33287412346017 431.40467207225333 DeepWS 0.6
45.331892633135055 413.83545083998433 DeepWS 0.6
46.42679434417823 398.17581013354226 DeepWS 0.6
53.54771111347783 471.73476030822764 DeepWS 0.6
51.29850494496191 399.00729734102924 DeepWS 0.6
51.84028642141792 391.4628342299339 DeepWS 0.6
54.43091465983921 435.88599096149477 DeepWS 0.6
51.18760236472637 455.57796538228376 DeepWS 0.6
48.41795785937911 369.60836235243414 DeepWS 0.6
51.19956500738455 435.16238313986463 DeepWS 0.6
50.29291033536671 451.61936992195405 DeepWS 0.6
50.75935127274365 446.9917071661558 DeepWS 0.6
46.71628631917115 396.9683157268247 DeepWS 0.6
57.51613690882641 359.6965693713149 DeepWS 0.6
48.60410771950561 356.7603412578838 DeepWS 0.6
47.13818454799144 378.25320374601324 DeepWS 0.6
58.52667965772636 419.1036909429514 DeepWS 0.6
51.49386237510877 427.100653443093 DeepWS 0.6
47.064159470291166 423.4701957717393 DeepWS 0.6
50.25723092781415 393.6885907739352 DeepWS 0.6
50.127740277098 411.6778702281058 DeepWS 0.6
48.13727310892906 437.5090825106764 DeepWS 0.6
56.63477906551601 428.93219639650505 DeepWS 0.6
46.60055681926646 435.29463930362675 DeepWS 0.6
49.496400190320635 401.4174061583638 DeepWS 0.6
47.69661136428778 434.44080306432596 DeepWS 0.6
59.45119329973659 410.8854344970294 DeepWS 0.6
47.37699648580892 356.3553547870776 DeepWS 0.6
52.62721939439856 423.3067036410303 DeepWS 0.6
51.716339486187294 384.78169016372715 DeepWS 0.6
51.61280681604673 404.7385276196732 DeepWS 0.6
50.17802757386459 435.5730255284915 DeepWS 0.6
46.812780903321155 411.1828683878454 DeepWS 0.6
43.49838455107765 404.766805648129 DeepWS 0.6
43.08839766777097 364.48211520675034 DeepWS 0.6
51.05050515197301 408.17100787949437 DeepWS 0.6
45.41252984713511 431.5463952944012 DeepWS 0.6
47.351524643570805 410.83064279945097 DeepWS 0.6
51.138894701212365 409.33866845973336 DeepWS 0.6
44.5770204545575 351.8714791530903 DeepWS 0.6
38.47653183098057 366.6292658282446 DeepWS 0.6
53.30434295551578 385.34226446014156 SCS 0.6
52.95353171505309 465.0498750192141 SCS 0.6
48.5707517285869 419.5991610918643 SCS 0.6
46.13660818094469 429.30556626123325 SCS 0.6
46.76870475973933 392.63438331404285 SCS 0.6
55.44463623331136 455.5030954032263 SCS 0.6
53.673063227130044 466.88864563209273 SCS 0.6
48.115393756703625 444.3030491943942 SCS 0.6
53.46461816690868 441.70752051082474 SCS 0.6
52.470895650510634 382.728622779922 SCS 0.6
51.65762573002987 411.65576019322145 SCS 0.6
52.87291982390556 461.8319951450928 SCS 0.6
50.47819637383127 432.0272197202239 SCS 0.6
54.490943062460936 463.8324997206237 SCS 0.6
58.4945848233369 423.9709979324228 SCS 0.6
49.43972143511056 365.20550631312915 SCS 0.6
44.78833722475998 429.7801736810888 SCS 0.6
44.84367691270883 452.587173429153 SCS 0.6
56.98769339408624 438.5661738208679 SCS 0.6
49.13853755178036 380.66171562679284 SCS 0.6
53.52096887733448 423.9257330893689 SCS 0.6
56.28657456891751 470.8094881458016 SCS 0.6
54.26407763072345 488.6754201671085 SCS 0.6
57.35953453127011 485.7112967531757 SCS 0.6
48.175083856013316 455.0959539652081 SCS 0.6
59.68538408325045 511.6886619378039 SCS 0.6
50.22915424699355 413.68654010124146 SCS 0.6
57.819983833669816 445.8615982085358 SCS 0.6
55.567205984200655 478.5956222526025 SCS 0.6
45.00382859761979 422.8661812740483 SCS 0.6
53.88949064120485 399.7918986981438 SCS 0.6
56.97808011797582 447.5236644601438 SCS 0.6
53.613420562768354 441.27986871089666 SCS 0.6
52.09641524916667 379.60180490957276 SCS 0.6
52.21346425491066 504.04075695418544 SCS 0.6
53.92671006582667 474.50671876358956 SCS 0.6
45.66016140415232 368.5548862643995 SCS 0.6
54.10113639108504 443.9653969157932 SCS 0.6
50.710093051140056 389.3311188450151 SCS 0.6
56.85023805481262 460.2511249214389 SCS 0.6
55.392505635534775 432.2627732080424 SCS 0.6
58.59331613468338 441.09235360041805 SCS 0.6
53.40648299522551 417.97855422658495 SCS 0.6
46.772986099974986 434.5506351791455 SCS 0.6
50.12732461106371 407.62026458192764 SCS 0.6
53.83467773648073 488.08737107110704 SCS 0.6
51.888689772166174 466.64570105832064 SCS 0.6
54.76771444706111 454.7718294162397 SCS 0.6
57.237999205116026 469.20385929752473 SCS 0.6
54.879911162345415 446.9647665562146 SCS 0.6
52.01668371957577 449.46892372100586 SCS 0.6
59.47818494926788 479.18637133265287 SCS 0.6
45.11023122993533 443.0359512406272 SCS 0.6
49.03508542199059 381.0810860007245 SCS 0.6
53.48220174674987 469.3988593279498 SCS 0.6
60.6990281754214 481.07354977175396 SCS 0.6
51.965152548201246 431.93756711488254 SCS 0.6
44.80844091717514 456.7907997845289 SCS 0.6
60.37889754661735 490.9033746518536 SCS 0.6
56.11282129141386 449.8174550979283 SCS 0.6
46.626787015817435 443.9692829793087 SCS 0.6
51.88402996303752 439.5641762702397 SCS 0.6
57.22055000265921 496.6612806577421 SCS 0.6
58.556549496599835 383.86243025350234 SCS 0.6
56.2610764156891 430.48467921986355 SCS 0.6
58.0302136649976 461.239557912399 SCS 0.6
52.494851294131905 471.08443263207647 SCS 0.6
57.991459906646384 378.00633856972024 SCS 0.6
58.668483636624224 432.2674885397788 SCS 0.6
58.3325849966029 489.0530451648731 SCS 0.6
57.032257770482616 482.97058627277664 SCS 0.6
50.96982866352694 398.8752582477507 SCS 0.6
49.26120907116728 382.69959173812987 SCS 0.6
51.50427450954893 381.07551555264456 SCS 0.6
47.60199360781992 423.17893961865326 SCS 0.6
54.2801029838326 434.22704824289514 SCS 0.6
58.11881150670918 449.72048644387723 SCS 0.6
51.669770129172385 410.17487370277433 SCS 0.6
52.328836152396676 397.7460311238579 SCS 0.6
51.13433829074977 401.3170168275987 SCS 0.6
51.88460148930197 459.22419926365717 SCS 0.6
53.73657942992372 456.8589506332837 SCS 0.6
52.646636104858054 453.7400222789841 SCS 0.6
54.46653537071422 417.6051170393989 SCS 0.6
50.65402545603541 460.8127486179632 SCS 0.6
55.72774035700383 440.818235134137 SCS 0.6
53.841852081877775 363.32309948901616 SCS 0.6
57.951691196271526 474.1646705809513 SCS 0.6
47.48192650010581 396.8515437133845 SCS 0.6
54.7779743413274 409.18086002751465 SCS 0.6
57.567280826736564 482.0802199047557 SCS 0.6
51.15646097881579 440.2149024180784 SCS 0.6
48.782346430098926 464.5380290254132 SCS 0.6
47.7869019945275 410.43863522685325 SCS 0.6
59.53278400425617 445.61299072529897 SCS 0.6
49.01847649840165 494.43925206682474 SCS 0.6
59.439881654612144 474.5697847455925 SCS 0.6
54.57789955978048 441.06887655849727 SCS 0.6
48.33612106237838 380.1744246430668 SCS 0.6
42.15144067381938 378.1601824553213 SCS 0.6
52.505211634435234 346.47785535296555 PSO 0.6
55.38820921345821 452.21892790722205 PSO 0.6
47.9559340035248 384.3877993658095 PSO 0.6
45.89286837483402 390.95890462737106 PSO 0.6
48.31653743193539 368.04144211907396 PSO 0.6
55.59572397846955 420.16622245265904 PSO 0.6
55.484673234868 413.7930083754345 PSO 0.6
48.47143909770912 383.1239431283896 PSO 0.6
50.7316621199838 401.88878490356376 PSO 0.6
51.0083820740397 360.6269477892069 PSO 0.6
56.199414847768644 387.13311758331395 PSO 0.6
53.87754939839205 443.59298165856137 PSO 0.6
51.19074383754365 422.2106307507488 PSO 0.6
46.77501984820388 426.32371012690817 PSO 0.6
57.663266775596085 392.40641949057255 PSO 0.6
50.253238325937275 364.8662472408937 PSO 0.6
41.587537962894636 401.760176184461 PSO 0.6
44.408848639104775 398.48114473614737 PSO 0.6
59.86067802844467 423.36354564233983 PSO 0.6
48.31343379153121 378.56976301289853 PSO 0.6
50.777254377787095 393.53040469520664 PSO 0.6
57.452622194779764 443.3931930384509 PSO 0.6
54.058724581769184 448.4387707999929 PSO 0.6
54.276986755636905 420.8963201101928 PSO 0.6
44.53154722073429 410.6722738524925 PSO 0.6
58.7402690285808 441.6733452784792 PSO 0.6
50.965085032502095 369.5541638285315 PSO 0.6
56.83040765318603 420.57674340255664 PSO 0.6
54.697029575697805 454.8511674484375 PSO 0.6
42.25435668091981 374.9021943752882 PSO 0.6
51.33830744125458 388.8612389833437 PSO 0.6
56.807029513405524 419.2456530247864 PSO 0.6
52.60095262511514 411.27060203895184 PSO 0.6
51.303269940425196 379.05318959568984 PSO 0.6
52.77794576542178 459.7897987832938 PSO 0.6
54.29913682572306 418.7483153229191 PSO 0.6
46.28439192259048 355.7725150338769 PSO 0.6
57.11534631960761 439.6783743121417 PSO 0.6
51.25266052013717 358.3196397250134 PSO 0.6
56.87725573118172 440.65474439094135 PSO 0.6
52.06067695815612 393.24353408692434 PSO 0.6
55.67212226282336 418.5074422398192 PSO 0.6
52.08636828845595 374.1339460714675 PSO 0.6
45.67446301187988 384.00426925202544 PSO 0.6
50.19095455898757 395.3273965486243 PSO 0.6
53.630540220598185 435.9116428117616 PSO 0.6
49.889047920216115 427.76379123889393 PSO 0.6
52.338169418888704 430.24544037266736 PSO 0.6
57.120894124852185 408.5453548645924 PSO 0.6
51.75322739040447 400.4934265115499 PSO 0.6
53.172127478093536 419.45407651938257 PSO 0.6
59.36603003684267 453.695637476479 PSO 0.6
43.954777374860384 410.7107857588414 PSO 0.6
48.98574364290055 353.6993786685576 PSO 0.6
54.893843734539374 440.9507577827099 PSO 0.6
65.25207961716278 455.8361019305345 PSO 0.6
52.14599545593649 422.3219713612226 PSO 0.6
48.36918505263476 430.5749103764859 PSO 0.6
57.110473687757015 430.5901071244455 PSO 0.6
52.65879496286696 433.3680739644595 PSO 0.6
45.58097376902309 408.8252079092041 PSO 0.6
53.33849292061926 402.1210457779055 PSO 0.6
56.864310963993894 447.34891378419985 PSO 0.6
59.31263716017968 389.486500927571 PSO 0.6
57.22929154621339 393.87245000004765 PSO 0.6
60.364352266242996 423.9991468017381 PSO 0.6
52.58381602225462 446.4620740491463 PSO 0.6
57.94584132184872 370.68511605888324 PSO 0.6
57.41733214349456 419.84174914038783 PSO 0.6
53.58222295413549 449.8386488464486 PSO 0.6
55.87437219869327 424.9839873536008 PSO 0.6
53.169268672377726 401.9346286811429 PSO 0.6
50.39918721553731 357.171353884925 PSO 0.6
49.13171573709922 356.0238296866026 PSO 0.6
45.29897157153194 382.9632252789382 PSO 0.6
54.318421133584664 409.29267724178504 PSO 0.6
55.815176790242305 406.84808826802106 PSO 0.6
51.614389808548744 416.2704188206838 PSO 0.6
52.65930779942615 387.8719298058598 PSO 0.6
48.796587938636705 392.14107585440024 PSO 0.6
48.930009963569276 411.69262278960633 PSO 0.6
52.02211730132552 389.7456828313699 PSO 0.6
54.269862754049385 431.93857753244436 PSO 0.6
54.53891182632836 387.69316875680994 PSO 0.6
50.428102837256176 434.8857899572031 PSO 0.6
52.93869525810938 389.64806806796963 PSO 0.6
50.59927988020648 363.2154310991946 PSO 0.6
55.33791564062334 410.02261487768624 PSO 0.6
43.12915971717139 388.2460039570483 PSO 0.6
55.29105757622221 386.42342652068623 PSO 0.6
56.41756027834731 432.77925178641203 PSO 0.6
53.03858654463225 419.44167163443507 PSO 0.6
47.09391178267804 412.5107755330651 PSO 0.6
44.770759568625095 355.98049718213184 PSO 0.6
58.9240121517601 406.60306813500216 PSO 0.6
47.30138833113639 436.96202329757665 PSO 0.6
57.483789130533374 425.91044198093334 PSO 0.6
55.42860884611023 406.328363694255 PSO 0.6
46.14018778693175 341.98255875058834 PSO 0.6
42.093190890143866 368.45802140999933 PSO 0.6
47.3000000000004 426.50000000002285 ICPCP 0.6
49.30000000000043 528.0000000000242 ICPCP 0.6
43.60000000000035 451.400000000009 ICPCP 0.6
43.50000000000035 461.8000000000171 ICPCP 0.6
50.400000000000446 447.50000000002706 ICPCP 0.6
44.000000000000355 510.09999999999496 ICPCP 0.6
51.20000000000046 461.50000000002655 ICPCP 0.6
40.70000000000031 428.300000000014 ICPCP 0.6
46.800000000000395 498.1000000000022 ICPCP 0.6
39.50000000000029 427.90000000002715 ICPCP 0.6
39.000000000000284 443.40000000002664 ICPCP 0.6
50.400000000000446 495.30000000000774 ICPCP 0.6
40.60000000000031 494.10000000001276 ICPCP 0.6
48.70000000000042 494.9000000000263 ICPCP 0.6
45.400000000000375 467.50000000000676 ICPCP 0.6
50.00000000000044 432.6000000000186 ICPCP 0.6
42.80000000000034 465.6000000000103 ICPCP 0.6
42.600000000000335 493.0000000000092 ICPCP 0.6
46.30000000000039 499.70000000003137 ICPCP 0.6
47.70000000000041 448.9000000000084 ICPCP 0.6
44.90000000000037 444.9000000000211 ICPCP 0.6
42.80000000000034 513.6000000000384 ICPCP 0.6
40.3000000000003 532.0000000000175 ICPCP 0.6
57.300000000000544 476.40000000002203 ICPCP 0.6
45.60000000000038 501.3000000000227 ICPCP 0.6
46.30000000000039 542.6000000000374 ICPCP 0.6
49.50000000000043 401.9000000000109 ICPCP 0.6
46.60000000000039 511.4000000000372 ICPCP 0.6
54.3000000000005 515.9000000000088 ICPCP 0.6
46.20000000000039 444.40000000001874 ICPCP 0.6
41.800000000000324 454.2000000000179 ICPCP 0.6
57.70000000000055 479.3000000000217 ICPCP 0.6
40.400000000000304 496.80000000000183 ICPCP 0.6
45.50000000000038 443.10000000002566 ICPCP 0.6
52.70000000000048 522.7000000000087 ICPCP 0.6
50.20000000000044 499.6000000000187 ICPCP 0.6
44.80000000000037 418.6000000000142 ICPCP 0.6
54.500000000000504 508.40000000004085 ICPCP 0.6
47.80000000000041 447.7000000000118 ICPCP 0.6
44.10000000000036 517.099999999994 ICPCP 0.6
41.70000000000032 454.90000000000435 ICPCP 0.6
60.00000000000058 487.80000000001024 ICPCP 0.6
43.900000000000354 452.00000000002075 ICPCP 0.6
54.80000000000051 460.50000000003496 ICPCP 0.6
47.80000000000041 424.8000000000199 ICPCP 0.6
48.70000000000042 525.6000000000254 ICPCP 0.6
50.70000000000045 505.70000000000755 ICPCP 0.6
52.500000000000476 490.10000000001423 ICPCP 0.6
50.400000000000446 464.30000000003577 ICPCP 0.6
43.40000000000035 498.1000000000326 ICPCP 0.6
43.70000000000035 493.5000000000044 ICPCP 0.6
51.100000000000456 525.2000000000259 ICPCP 0.6
41.800000000000324 461.90000000001305 ICPCP 0.6
45.20000000000037 415.7000000000234 ICPCP 0.6
51.000000000000455 516.4000000000319 ICPCP 0.6
47.90000000000041 527.400000000022 ICPCP 0.6
45.20000000000037 471.6000000000271 ICPCP 0.6
42.30000000000033 481.80000000000524 ICPCP 0.6
49.10000000000043 528.6000000000356 ICPCP 0.6
47.90000000000041 494.80000000001115 ICPCP 0.6
36.50000000000025 482.09999999999474 ICPCP 0.6
49.20000000000043 463.20000000001744 ICPCP 0.6
56.700000000000536 522.8000000000151 ICPCP 0.6
56.90000000000054 438.400000000024 ICPCP 0.6
47.600000000000406 456.20000000000084 ICPCP 0.6
49.20000000000043 522.7000000000133 ICPCP 0.6
46.60000000000039 514.2000000000196 ICPCP 0.6
56.20000000000053 430.30000000002116 ICPCP 0.6
59.70000000000058 472.6000000000318 ICPCP 0.6
49.20000000000043 548.1000000000232 ICPCP 0.6
51.30000000000046 527.4000000000398 ICPCP 0.6
39.100000000000286 472.600000000019 ICPCP 0.6
44.30000000000036 407.9000000000128 ICPCP 0.6
50.70000000000045 403.10000000001844 ICPCP 0.6
37.20000000000026 461.900000000024 ICPCP 0.6
46.100000000000385 464.7000000000257 ICPCP 0.6
45.10000000000037 483.3000000000345 ICPCP 0.6
41.40000000000032 488.60000000000935 ICPCP 0.6
49.80000000000044 443.500000000013 ICPCP 0.6
55.80000000000052 457.50000000003536 ICPCP 0.6
49.30000000000043 490.30000000001337 ICPCP 0.6
56.700000000000536 489.10000000002003 ICPCP 0.6
52.00000000000047 511.40000000004187 ICPCP 0.6
45.50000000000038 458.7000000000173 ICPCP 0.6
44.000000000000355 499.8000000000065 ICPCP 0.6
40.400000000000304 467.40000000000254 ICPCP 0.6
52.10000000000047 413.7000000000087 ICPCP 0.6
57.50000000000055 491.8000000000377 ICPCP 0.6
47.500000000000405 433.8000000000133 ICPCP 0.6
53.900000000000496 451.1000000000185 ICPCP 0.6
45.20000000000037 486.90000000002743 ICPCP 0.6
42.600000000000335 492.9000000000049 ICPCP 0.6
37.80000000000027 483.49999999998954 ICPCP 0.6
36.70000000000025 416.70000000000846 ICPCP 0.6
50.00000000000044 463.60000000003004 ICPCP 0.6
54.600000000000506 521.5000000000318 ICPCP 0.6
55.200000000000514 477.70000000003114 ICPCP 0.6
39.800000000000296 485.40000000002385 ICPCP 0.6
44.30000000000036 407.5000000000188 ICPCP 0.6
37.90000000000027 426.3000000000018 ICPCP 0.6
45.81547778267011 367.6513756060102 DeepWS 0.8
56.626260037651356 465.86678484855867 DeepWS 0.8
51.63508298592714 406.8831946703714 DeepWS 0.8
48.92653220025333 408.1444552968839 DeepWS 0.8
45.86395587944586 371.98009363362354 DeepWS 0.8
57.998599419516935 436.13570620139643 DeepWS 0.8
44.80491541931685 407.67396650748884 DeepWS 0.8
52.539734026927704 396.84802397584434 DeepWS 0.8
56.01258778336186 422.4064423392239 DeepWS 0.8
57.48011187423715 376.6073161511779 DeepWS 0.8
56.3783908264305 396.87342777294594 DeepWS 0.8
54.74059930357652 441.2789854188371 DeepWS 0.8
52.73913229631843 427.59329652241763 DeepWS 0.8
56.3817399478359 437.6049821649365 DeepWS 0.8
64.41396600750666 404.2170119697375 DeepWS 0.8
52.533211297927835 391.7791009764377 DeepWS 0.8
51.51997448461399 407.6228379540739 DeepWS 0.8
49.240090175541404 404.56035185545085 DeepWS 0.8
63.998129365114636 424.6495995467081 DeepWS 0.8
52.227296447387715 389.7827475636932 DeepWS 0.8
54.83418300120556 409.2937796245553 DeepWS 0.8
60.382172836976444 443.2861790528117 DeepWS 0.8
55.896123144486545 459.25620224157205 DeepWS 0.8
58.986749270188646 432.1100192818596 DeepWS 0.8
51.5222320174633 414.0022622614538 DeepWS 0.8
63.918403225479764 452.57437474715323 DeepWS 0.8
54.33975396130001 384.1493000583497 DeepWS 0.8
63.39870683584569 427.9442561928858 DeepWS 0.8
58.12967945829852 462.0166799915789 DeepWS 0.8
49.843251925631634 390.52581284323304 DeepWS 0.8
56.452791331007404 395.5111634263403 DeepWS 0.8
60.89525333514388 424.9754638677875 DeepWS 0.8
55.543339020112015 413.4617495307241 DeepWS 0.8
53.64459351880123 393.5722881795711 DeepWS 0.8
42.679532826721406 467.31876318102655 DeepWS 0.8
55.80460635837172 431.4633794833141 DeepWS 0.8
33.4107494426645 359.31597511089365 DeepWS 0.8
56.31686754124108 428.7345061348031 DeepWS 0.8
54.3924634711729 386.6924620633086 DeepWS 0.8
61.8505937531902 441.55276196288594 DeepWS 0.8
60.0917913909158 397.17358235966896 DeepWS 0.8
64.42236734018172 436.23281202741686 DeepWS 0.8
43.4664436824952 389.5167284547891 DeepWS 0.8
47.75590530451616 416.9148928562181 DeepWS 0.8
54.62797916039984 407.51710460094364 DeepWS 0.8
54.56768909925086 454.9050279671326 DeepWS 0.8
52.15720368319273 437.67973599169756 DeepWS 0.8
56.50860211024858 432.968721481959 DeepWS 0.8
60.783588658286504 423.8230476273362 DeepWS 0.8
54.90853538269715 425.57523031432885 DeepWS 0.8
58.52178405978076 437.19465667674183 DeepWS 0.8
63.00107786477251 445.6057170981141 DeepWS 0.8
50.33015787079811 425.061439035947 DeepWS 0.8
53.93233918702099 370.47684969837997 DeepWS 0.8
54.67286472901537 454.3366216785617 DeepWS 0.8
70.94872108577765 487.2013676559417 DeepWS 0.8
55.21948619381388 417.4956995328818 DeepWS 0.8
47.41935528673541 432.0981318214024 DeepWS 0.8
65.91460983921363 446.86168350694845 DeepWS 0.8
57.0143986617402 442.0971880697954 DeepWS 0.8
49.51538402460238 417.3426168012805 DeepWS 0.8
53.57979673716489 406.96199960930204 DeepWS 0.8
64.05238978641007 473.5716148541315 DeepWS 0.8
60.964836269738214 387.45477409852475 DeepWS 0.8
62.18526194392462 401.23808903447775 DeepWS 0.8
66.00073556649238 433.0232203683201 DeepWS 0.8
57.7079883992568 447.12332984342015 DeepWS 0.8
61.58296724419846 373.40756041755367 DeepWS 0.8
61.00446830778205 421.84915684171375 DeepWS 0.8
62.70064412686599 455.89741891379873 DeepWS 0.8
59.2163108952615 438.6366025018034 DeepWS 0.8
49.971840760100335 414.9650771607825 DeepWS 0.8
49.45130519990943 368.1849700277795 DeepWS 0.8
57.026637488413144 365.2555848580413 DeepWS 0.8
48.21144935496182 393.1831251624853 DeepWS 0.8
56.08079994083475 426.14209966321954 DeepWS 0.8
61.16983267653902 425.26002021460573 DeepWS 0.8
55.856343061483415 426.1632472628773 DeepWS 0.8
56.166402234489134 403.4502276256934 DeepWS 0.8
53.76077819972106 411.3265859168284 DeepWS 0.8
48.94202632528252 423.3425623367548 DeepWS 0.8
55.655931764529704 415.86429270123637 DeepWS 0.8
57.75381579974599 444.95289749069224 DeepWS 0.8
53.662864835244065 391.9988707771793 DeepWS 0.8
54.68637508816556 443.5374447051591 DeepWS 0.8
60.17117021105649 406.99535380866695 DeepWS 0.8
44.6544182944008 365.2209183165328 DeepWS 0.8
61.324779688668066 433.4570297772349 DeepWS 0.8
47.028102315420085 394.6285605243717 DeepWS 0.8
57.58485110003339 392.37133865692323 DeepWS 0.8
60.55401735876343 418.0586517919112 DeepWS 0.8
55.25552090345266 418.5567036588397 DeepWS 0.8
46.76101029821057 411.41431557353786 DeepWS 0.8
49.096960137457316 375.4793745275318 DeepWS 0.8
64.56090825356517 397.74182481680293 DeepWS 0.8
56.17874835299684 440.28903554512004 DeepWS 0.8
63.60415025063245 423.635911613628 DeepWS 0.8
57.48605451684774 417.23549609580255 DeepWS 0.8
47.83599226201573 365.9649220237325 DeepWS 0.8
45.21740975313646 371.122428054066 DeepWS 0.8
69.0911733989047 347.0563283213264 SCS 0.8
68.20599131835833 433.38664278371755 SCS 0.8
63.40710496218064 362.64671444269294 SCS 0.8
60.27572373581993 381.0383659992126 SCS 0.8
60.05532637744655 354.3977809820948 SCS 0.8
69.96774458471722 435.15391482631037 SCS 0.8
71.09520361597247 396.5333645260466 SCS 0.8
64.65296703738234 386.6644609229712 SCS 0.8
69.25717567840913 403.8987596487597 SCS 0.8
67.65540751420677 339.8778424704214 SCS 0.8
67.36580767176939 382.2758272540357 SCS 0.8
67.91117368845343 436.92958542409724 SCS 0.8
63.56737806281772 405.495695437774 SCS 0.8
70.12104284995087 412.55320608363934 SCS 0.8
72.60424307379634 393.6774503737435 SCS 0.8
63.99631857425085 350.6348026258474 SCS 0.8
56.994266752462934 378.62973581159736 SCS 0.8
57.080177905598795 398.04490157764843 SCS 0.8
76.73264631326907 390.72867472127 SCS 0.8
62.87728827508615 383.0154916379382 SCS 0.8
69.80405776038012 386.5488825229511 SCS 0.8
73.16319492473808 452.8527699878192 SCS 0.8
69.65442834593456 427.1618867843461 SCS 0.8
75.04759055690504 445.5200641155661 SCS 0.8
61.440535899789516 406.5896598555814 SCS 0.8
77.10991418247737 462.62675006792136 SCS 0.8
65.33410249635847 371.30535973674034 SCS 0.8
73.7942296993398 405.9036051811332 SCS 0.8
71.67686178882603 449.4728244125108 SCS 0.8
59.26677653074401 390.28738858179616 SCS 0.8
69.15062078569451 375.77878118496534 SCS 0.8
75.17066861080711 409.18933373414853 SCS 0.8
68.99215388456487 402.02384211973714 SCS 0.8
64.24732371325034 367.93793276723125 SCS 0.8
66.85073419189975 450.97434133889186 SCS 0.8
68.65109084417102 413.7754349586757 SCS 0.8
56.88310713441489 345.1196192625122 SCS 0.8
67.72033386532236 421.74503167289447 SCS 0.8
63.74886309595245 353.3862485911261 SCS 0.8
74.58767322369997 459.09611914456985 SCS 0.8
70.95670683202187 385.6747743322125 SCS 0.8
75.92924926249229 414.5969174272735 SCS 0.8
69.71359771329482 376.49037714046096 SCS 0.8
59.84746207554666 390.84029412565053 SCS 0.8
63.87620260015867 378.1501343359137 SCS 0.8
69.68731796827808 440.07486655958974 SCS 0.8
66.26438909447715 421.1195588131783 SCS 0.8
69.4242469504784 430.52371711876646 SCS 0.8
74.42926155312475 410.3680904157455 SCS 0.8
70.47721702197605 404.14527515170874 SCS 0.8
71.49224798223524 423.0110723484286 SCS 0.8
76.70236215865377 447.5538691576582 SCS 0.8
60.51058707545223 400.09510383965846 SCS 0.8
62.73480442267923 341.78206061076713 SCS 0.8
69.66810113659025 432.3859834562584 SCS 0.8
80.64833417376686 433.7664369674756 SCS 0.8
65.99347415251354 382.323484848341 SCS 0.8
60.30760569102659 431.3017093445035 SCS 0.8
76.49328438587155 431.4184803953522 SCS 0.8
69.91847974153858 416.48394985110633 SCS 0.8
59.75588633791254 381.47636071898756 SCS 0.8
66.10950352205346 389.46121142770403 SCS 0.8
73.42344600755227 452.330976383911 SCS 0.8
73.55537319871209 371.2296718871739 SCS 0.8
74.73559796089282 375.6965018570364 SCS 0.8
77.67262947704725 416.89472434301905 SCS 0.8
70.67170144808567 441.73318153797027 SCS 0.8
74.63499727103189 361.759940656248 SCS 0.8
73.09256726974093 387.9514135147897 SCS 0.8
75.85060765514018 451.91057972309164 SCS 0.8
73.16873882335778 427.62477017507643 SCS 0.8
64.36789356347526 383.6877967446171 SCS 0.8
63.14234588147191 348.57428991326117 SCS 0.8
65.41915278522401 344.4276193077767 SCS 0.8
60.84456033573483 388.3952883306438 SCS 0.8
69.85409146736436 412.1497690509131 SCS 0.8
75.10291024129643 419.03904704238727 SCS 0.8
67.52098650654445 395.1736779101013 SCS 0.8
68.3637003376828 372.3271905700866 SCS 0.8
66.55803469189368 376.07307987383865 SCS 0.8
65.64278034813046 412.2177776183822 SCS 0.8
71.7960368900341 414.9756620058818 SCS 0.8
67.26077079883957 405.8835716729418 SCS 0.8
72.73722742210118 384.2331495589408 SCS 0.8
65.7247355150733 416.2077436878505 SCS 0.8
70.80981048540248 392.8347852964791 SCS 0.8
68.35560271301317 354.35713624883886 SCS 0.8
72.87652521626161 417.9451467481792 SCS 0.8
60.50914213314596 382.01825752731224 SCS 0.8
69.90418121307387 372.22344567611833 SCS 0.8
76.07457205916742 428.06913716010536 SCS 0.8
64.78737165219626 416.2146588872169 SCS 0.8
63.71677228642127 405.1019592048977 SCS 0.8
60.99636606756076 352.35497997036816 SCS 0.8
74.80486631418727 381.0650849418588 SCS 0.8
62.68299565012887 440.06913068567667 SCS 0.8
73.93363419898289 420.45052849582885 SCS 0.8
70.1319965826013 396.55446945690727 SCS 0.8
61.88394950085035 331.60538133654774 SCS 0.8
57.20501097909856 363.4763273910357 SCS 0.8
66.58690250143744 346.30806259729087 PSO 0.8
67.4431515374656 430.8647440152772 PSO 0.8
62.154833637390816 363.84901507506305 PSO 0.8
61.301956962316225 381.1356191257918 PSO 0.8
60.29764946053852 361.3354760923209 PSO 0.8
71.34071442711742 412.08095371746725 PSO 0.8
69.37353745844673 395.610668260123 PSO 0.8
63.862185796927626 367.3203243815054 PSO 0.8
72.68283194523366 404.50855418830173 PSO 0.8
70.07153610886078 353.67224256458064 PSO 0.8
62.72557092343857 370.4251103433158 PSO 0.8
68.4547202008278 429.16115921302037 PSO 0.8
64.54846811431767 410.26285899474715 PSO 0.8
68.02595742461183 415.27938913092436 PSO 0.8
73.32527012652882 394.3641355719558 PSO 0.8
62.998035565540064 366.92900231270426 PSO 0.8
61.12915813318384 380.9911447037881 PSO 0.8
56.53517696377907 403.2807370840142 PSO 0.8
72.29835805971085 403.3549512864 PSO 0.8
62.56899937592384 374.7943699017891 PSO 0.8
66.93835816017753 389.2959128438945 PSO 0.8
68.45144389630774 421.5198169742493 PSO 0.8
67.6809655778252 443.9490860996948 PSO 0.8
68.95371354218953 410.8694520255768 PSO 0.8
60.58465760421453 397.90963388212515 PSO 0.8
79.02918026122043 430.6865991066107 PSO 0.8
65.41018257789304 370.77271260874704 PSO 0.8
71.93340073699429 414.57363151647166 PSO 0.8
65.98681380955608 426.02176213308087 PSO 0.8
54.32527548376809 365.30470618694216 PSO 0.8
70.455114719232 382.1216417528606 PSO 0.8
75.61030186259345 407.31281637882125 PSO 0.8
71.97674688495759 396.3544903911125 PSO 0.8
63.25415308943529 367.46382174008727 PSO 0.8
65.74497155014905 453.16428079294235 PSO 0.8
68.98186152673476 410.3162084267876 PSO 0.8
61.070194619885136 340.58856726025715 PSO 0.8
66.78361115302076 416.9637656221429 PSO 0.8
63.875027928028786 371.6228412963049 PSO 0.8
73.87343446770662 423.85784123409564 PSO 0.8
70.61498477855808 376.77165188952137 PSO 0.8
70.63903460424 391.1468043756114 PSO 0.8
66.69247958435453 370.9791150995498 PSO 0.8
59.04039801086029 387.85570144915135 PSO 0.8
65.6456263937387 386.54678990634204 PSO 0.8
70.6977108173521 432.0741036010844 PSO 0.8
65.090882581198 419.3692764664727 PSO 0.8
64.85890572471874 407.5017631481268 PSO 0.8
70.17722955614201 390.02259157181106 PSO 0.8
71.24155713017608 398.9892916035085 PSO 0.8
68.61847892586087 409.3779515756192 PSO 0.8
74.22369400534616 415.1636881118727 PSO 0.8
59.35678514001191 406.67338219046593 PSO 0.8
60.696795996922965 340.0594439839005 PSO 0.8
64.86447254829336 420.01714216326036 PSO 0.8
76.35756929944405 432.10908851320613 PSO 0.8
65.10144673830501 389.8328146994778 PSO 0.8
56.70435805098887 413.5758540869163 PSO 0.8
73.8241249333769 430.6051076252285 PSO 0.8
70.56849327776204 425.7996629012469 PSO 0.8
60.50707531668918 399.7551173610997 PSO 0.8
59.2362741688432 378.1289355034323 PSO 0.8
71.93009312874634 445.4238376401808 PSO 0.8
73.23922121398324 370.99065775579913 PSO 0.8
74.63327393848812 381.71022668351105 PSO 0.8
77.03372436180115 417.90771323134334 PSO 0.8
67.40699992682076 427.69652201111813 PSO 0.8
74.90154199656313 360.54650984032537 PSO 0.8
69.58476900291969 400.33232841034567 PSO 0.8
70.50619719459978 441.1458976490057 PSO 0.8
67.52114453491775 420.3373591912096 PSO 0.8
66.2418603128102 389.9999105466214 PSO 0.8
59.05720447041476 348.0409344843008 PSO 0.8
59.570191798145906 326.88815377852 PSO 0.8
62.02188657757249 374.64265231396683 PSO 0.8
67.2958092647184 384.7506157236196 PSO 0.8
68.41447748167072 404.72208547675535 PSO 0.8
62.610245983659 402.22603270563565 PSO 0.8
63.247500961606264 389.3814985243132 PSO 0.8
68.2779154681373 388.198364717905 PSO 0.8
64.08067248817554 410.4767755296731 PSO 0.8
66.46462837634165 403.18947482469656 PSO 0.8
69.5741274008985 436.3862726875903 PSO 0.8
71.56715240284905 376.2480012277254 PSO 0.8
67.96353883323523 418.0548770378126 PSO 0.8
69.70177631310219 381.42931014421094 PSO 0.8
69.18634357347123 335.88336996880435 PSO 0.8
67.65007669946296 406.3980564182418 PSO 0.8
57.8411428574229 376.7586513105925 PSO 0.8
69.1946825342504 382.7092728348078 PSO 0.8
70.87590273978459 401.89391610370365 PSO 0.8
61.194202487013804 402.68392865600856 PSO 0.8
59.64225685292601 392.8525648901062 PSO 0.8
57.819442502018426 351.0959742874877 PSO 0.8
72.8979142596783 387.95831164016437 PSO 0.8
64.5616714488831 439.5826462591095 PSO 0.8
77.28593346117886 410.5398335562012 PSO 0.8
66.53392626009078 403.9667124667241 PSO 0.8
64.51479852540261 350.89360698966505 PSO 0.8
51.876398512321494 349.0669321283909 PSO 0.8
53.30000000000049 417.00000000002706 ICPCP 0.8
55.300000000000516 514.9000000000412 ICPCP 0.8
50.80000000000045 432.0000000000258 ICPCP 0.8
46.700000000000394 452.1000000000302 ICPCP 0.8
46.50000000000039 438.0000000000267 ICPCP 0.8
59.80000000000058 502.800000000038 ICPCP 0.8
55.50000000000052 443.60000000003356 ICPCP 0.8
56.700000000000536 426.6000000000136 ICPCP 0.8
51.700000000000465 466.7000000000375 ICPCP 0.8
42.80000000000034 423.30000000002696 ICPCP 0.8
45.10000000000037 429.3000000000316 ICPCP 0.8
58.30000000000056 490.90000000003243 ICPCP 0.8
50.300000000000445 482.0000000000367 ICPCP 0.8
52.00000000000047 492.70000000003347 ICPCP 0.8
53.70000000000049 457.1000000000314 ICPCP 0.8
57.90000000000055 423.7000000000252 ICPCP 0.8
53.70000000000049 463.8000000000347 ICPCP 0.8
51.000000000000455 466.70000000003466 ICPCP 0.8
44.50000000000036 490.50000000003115 ICPCP 0.8
54.500000000000504 446.70000000003046 ICPCP 0.8
54.500000000000504 450.5000000000333 ICPCP 0.8
40.500000000000306 503.2000000000375 ICPCP 0.8
51.30000000000046 544.6000000000411 ICPCP 0.8
62.00000000000061 468.00000000003195 ICPCP 0.8
51.800000000000466 477.5000000000366 ICPCP 0.8
47.0000000000004 523.3000000000378 ICPCP 0.8
47.2000000000004 419.60000000002697 ICPCP 0.8
43.60000000000035 488.10000000003384 ICPCP 0.8
61.2000000000006 517.600000000038 ICPCP 0.8
58.40000000000056 453.4000000000366 ICPCP 0.8
47.3000000000004 451.2000000000317 ICPCP 0.8
64.7000000000006 473.80000000002696 ICPCP 0.8
49.40000000000043 470.10000000002856 ICPCP 0.8
48.80000000000042 445.3000000000256 ICPCP 0.8
57.70000000000055 523.5000000000387 ICPCP 0.8
56.20000000000053 496.30000000003815 ICPCP 0.8
53.100000000000485 407.10000000002606 ICPCP 0.8
57.10000000000054 501.9000000000398 ICPCP 0.8
54.0000000000005 439.0000000000287 ICPCP 0.8
56.90000000000054 523.8000000000443 ICPCP 0.8
49.90000000000044 462.50000000003274 ICPCP 0.8
55.60000000000052 456.0000000000285 ICPCP 0.8
52.30000000000047 447.7000000000283 ICPCP 0.8
53.30000000000049 452.9000000000354 ICPCP 0.8
50.400000000000446 445.80000000003275 ICPCP 0.8
49.000000000000426 490.3000000000365 ICPCP 0.8
55.00000000000051 491.3000000000299 ICPCP 0.8
52.90000000000048 470.60000000002975 ICPCP 0.8
53.900000000000496 472.00000000003666 ICPCP 0.8
41.900000000000325 484.30000000003355 ICPCP 0.8
52.90000000000048 475.5000000000334 ICPCP 0.8
55.40000000000052 506.5000000000319 ICPCP 0.8
62.80000000000062 454.8000000000223 ICPCP 0.8
54.4000000000005 406.50000000002535 ICPCP 0.8
52.500000000000476 522.8000000000396 ICPCP 0.8
58.000000000000554 527.3000000000366 ICPCP 0.8
54.90000000000051 478.5000000000369 ICPCP 0.8
52.10000000000047 481.20000000003523 ICPCP 0.8
48.50000000000042 515.0000000000334 ICPCP 0.8
60.70000000000059 494.500000000038 ICPCP 0.8
52.400000000000475 448.4000000000367 ICPCP 0.8
57.90000000000055 450.6000000000283 ICPCP 0.8
65.20000000000057 529.4000000000361 ICPCP 0.8
53.00000000000048 432.2000000000231 ICPCP 0.8
55.60000000000052 446.0000000000328 ICPCP 0.8
50.80000000000045 511.3000000000336 ICPCP 0.8
55.80000000000052 503.5000000000298 ICPCP 0.8
53.900000000000496 429.5000000000188 ICPCP 0.8
61.2000000000006 472.10000000002964 ICPCP 0.8
55.00000000000051 530.3000000000411 ICPCP 0.8
48.10000000000041 507.3000000000371 ICPCP 0.8
41.60000000000032 467.6000000000341 ICPCP 0.8
44.50000000000036 410.1000000000241 ICPCP 0.8
52.80000000000048 400.1000000000186 ICPCP 0.8
44.40000000000036 429.100000000019 ICPCP 0.8
59.90000000000058 496.70000000003915 ICPCP 0.8
56.000000000000526 492.90000000003573 ICPCP 0.8
52.500000000000476 485.70000000003466 ICPCP 0.8
64.30000000000062 444.1000000000115 ICPCP 0.8
55.70000000000052 456.7000000000353 ICPCP 0.8
58.40000000000056 490.0000000000285 ICPCP 0.8
56.600000000000534 473.3000000000323 ICPCP 0.8
51.000000000000455 507.6000000000419 ICPCP 0.8
58.60000000000056 459.00000000002933 ICPCP 0.8
54.90000000000051 493.70000000003336 ICPCP 0.8
49.80000000000044 465.5000000000337 ICPCP 0.8
58.800000000000566 400.90000000001857 ICPCP 0.8
51.50000000000046 479.0000000000367 ICPCP 0.8
58.20000000000056 451.900000000031 ICPCP 0.8
58.20000000000056 422.5000000000239 ICPCP 0.8
44.000000000000355 497.7000000000348 ICPCP 0.8
44.700000000000365 490.30000000003025 ICPCP 0.8
47.500000000000405 499.80000000002894 ICPCP 0.8
43.80000000000035 416.8000000000299 ICPCP 0.8
48.900000000000425 467.30000000002934 ICPCP 0.8
54.3000000000005 508.2000000000405 ICPCP 0.8
64.90000000000059 468.2000000000177 ICPCP 0.8
45.50000000000038 496.8000000000356 ICPCP 0.8
43.80000000000035 410.50000000002694 ICPCP 0.8
50.10000000000044 414.70000000002887 ICPCP 0.8
