Makespan cost algorithm alphavalue
10.025561445384318 400.5116638961751 DeepWS 0.2
10.520562787296004 406.4327577680238 DeepWS 0.2
12.600924279289275 476.23277016567226 DeepWS 0.2
11.231895743707012 398.4372198172688 DeepWS 0.2
11.663050477833936 489.75758127360194 DeepWS 0.2
11.00196239007066 442.94550405233616 DeepWS 0.2
12.168389421094599 525.4959173329453 DeepWS 0.2
11.565171114565782 447.90555277615107 DeepWS 0.2
9.962562081472473 453.69333629369476 DeepWS 0.2
11.185091498847902 469.9220486547539 DeepWS 0.2
10.765456041594259 421.92873708279467 DeepWS 0.2
11.292285325518783 474.49838110563763 DeepWS 0.2
9.802668618821382 443.4890377528546 DeepWS 0.2
11.855655968609437 427.24558813290747 DeepWS 0.2
9.971984830817812 414.2333160847783 DeepWS 0.2
10.56673050005569 403.6939058201509 DeepWS 0.2
11.115448177422522 460.95198442326637 DeepWS 0.2
12.236301584609771 495.539069856674 DeepWS 0.2
19.94439492117177 432.249671168342 DeepWS 0.2
11.962312709239557 447.4637235068494 DeepWS 0.2
11.595215410923762 456.4954732321025 DeepWS 0.2
10.80211794284854 394.19012982637247 DeepWS 0.2
9.580700933294544 426.76087637679643 DeepWS 0.2
13.117659419585792 495.63313085215606 DeepWS 0.2
12.361189532340202 465.5585541373592 DeepWS 0.2
10.680976866442201 481.787397453157 DeepWS 0.2
13.894707945889204 474.7353667061229 DeepWS 0.2
12.766847675094798 491.31222833073974 DeepWS 0.2
11.243437063538197 456.083888695985 DeepWS 0.2
11.296826500022217 463.62306151450406 DeepWS 0.2
10.694101102037012 468.078093615015 DeepWS 0.2
10.974158062378294 411.686539162499 DeepWS 0.2
12.706810540158335 430.4477199856343 DeepWS 0.2
12.053478228114525 432.2854704495366 DeepWS 0.2
10.225953787829145 371.29297868712115 DeepWS 0.2
13.01153178045634 503.9158929796654 DeepWS 0.2
10.325351133785652 440.32898148110894 DeepWS 0.2
12.019357880808224 379.9478285063038 DeepWS 0.2
11.216722439274806 403.68203121252975 DeepWS 0.2
12.765597116900155 449.29075597197186 DeepWS 0.2
11.268156870287772 457.0855400834636 DeepWS 0.2
11.733736405629399 466.2569093377568 DeepWS 0.2
8.597265843747172 371.41088072729264 DeepWS 0.2
11.807810255612239 472.0283586380931 DeepWS 0.2
11.85856457390639 442.8517020719601 DeepWS 0.2
10.806899120560336 431.65182840540604 DeepWS 0.2
11.642634825040613 462.16702674527335 DeepWS 0.2
11.423433942692432 438.2776279175993 DeepWS 0.2
12.652041839334364 455.92908071149384 DeepWS 0.2
12.835127428840096 479.8931883879827 DeepWS 0.2
10.285432409345173 417.76870468369634 DeepWS 0.2
11.789723901644669 441.24193384124186 DeepWS 0.2
12.691102479308807 479.1633479203707 DeepWS 0.2
10.514350665124576 457.79773873569013 DeepWS 0.2
12.997754434477327 432.9955200102728 DeepWS 0.2
11.225222747554978 452.18470277819137 DeepWS 0.2
11.11049141274246 478.56665090252073 DeepWS 0.2
24.287912719163153 395.4550132437331 DeepWS 0.2
11.50098297748846 453.85863587713135 DeepWS 0.2
12.352996240789427 483.3334846778645 DeepWS 0.2
11.604446222742048 506.5285255426333 DeepWS 0.2
11.834269046147643 446.3435859114572 DeepWS 0.2
11.85063708127304 471.1735738029099 DeepWS 0.2
10.239377541583137 471.63014786696795 DeepWS 0.2
12.485836629004316 469.9215802301661 DeepWS 0.2
11.709454610216463 436.40024811121583 DeepWS 0.2
13.099029967271782 438.1084613483613 DeepWS 0.2
10.50665559901885 437.22477546034173 DeepWS 0.2
11.226211482007685 455.4291081225289 DeepWS 0.2
10.775840415265447 396.2224018663596 DeepWS 0.2
10.969945451467186 455.94508683881014 DeepWS 0.2
11.547933390381688 492.20759562505054 DeepWS 0.2
12.59327948487551 450.4744383526025 DeepWS 0.2
11.948053536334907 459.8786775288957 DeepWS 0.2
11.884076270029343 477.2887458115138 DeepWS 0.2
11.164728416052549 442.72333698945897 DeepWS 0.2
10.965395131693736 455.9946861025019 DeepWS 0.2
12.50365990949761 466.09678941744914 DeepWS 0.2
11.97419403555784 496.4507504439383 DeepWS 0.2
12.696167364108948 445.9144874390008 DeepWS 0.2
8.984428214627426 388.1295721657944 DeepWS 0.2
11.67015085225064 423.3412356145578 DeepWS 0.2
9.775055436122898 417.37427509095147 DeepWS 0.2
11.959796534347632 465.7553033468129 DeepWS 0.2
11.902938476639473 457.75917493256236 DeepWS 0.2
9.172641632932537 410.21727012325925 DeepWS 0.2
11.330393575590502 441.05342872468526 DeepWS 0.2
10.534971634702822 451.5632767687254 DeepWS 0.2
14.145072372717292 501.97383262575244 DeepWS 0.2
12.260575272728746 442.7957403043108 DeepWS 0.2
12.573397755757851 467.1883553957839 DeepWS 0.2
11.89074637594457 420.8890996609051 DeepWS 0.2
11.387497057588217 458.86688524848466 DeepWS 0.2
10.590943496917934 451.09991303030046 DeepWS 0.2
12.791573956540972 473.3111528452828 DeepWS 0.2
10.982389004145722 376.6065586349286 DeepWS 0.2
12.143408322459052 469.24727598396254 DeepWS 0.2
10.631407462764907 399.3878866708759 DeepWS 0.2
12.94132391577075 495.50894491354416 DeepWS 0.2
10.12937341370741 424.81648620462965 DeepWS 0.2
34.997523642542035 343.5088515544522 SCS 0.2
33.4932778176882 336.6921466051137 SCS 0.2
48.4452980737475 406.12320628280696 SCS 0.2
42.32067703767275 340.73648644664513 SCS 0.2
39.523641893013206 408.7123258650868 SCS 0.2
41.87032545404504 368.0757420515975 SCS 0.2
45.4972622108269 452.86728602948824 SCS 0.2
39.36075154774864 391.42101954384486 SCS 0.2
36.241796342876434 402.66332340008273 SCS 0.2
43.51760824814089 411.1576795885388 SCS 0.2
40.28791671073073 363.37884070057476 SCS 0.2
40.49007649770894 407.936948835194 SCS 0.2
35.60319365862803 368.2172396286086 SCS 0.2
43.95677432334205 381.25038838514325 SCS 0.2
38.44572977187945 348.62732768982164 SCS 0.2
33.979132243210664 344.5727257239251 SCS 0.2
39.7157467527167 389.2447633140458 SCS 0.2
43.04458202105322 410.27699049543696 SCS 0.2
34.29541186482822 381.70359666635244 SCS 0.2
44.62337091970435 382.2095137168837 SCS 0.2
41.72090596799885 377.972650141104 SCS 0.2
36.41061253678058 332.0521126374196 SCS 0.2
34.12984591976189 343.02244570591756 SCS 0.2
45.77893034632263 407.7880978885866 SCS 0.2
42.07931843987629 396.0449869515868 SCS 0.2
39.07383467790271 406.79289028521015 SCS 0.2
50.275296544209816 397.93269547923285 SCS 0.2
47.61761620394988 416.4376786077896 SCS 0.2
39.45012569680313 388.72286531612303 SCS 0.2
39.76014524450457 394.2201994961606 SCS 0.2
37.69854651357849 400.45638526559975 SCS 0.2
44.16342809663536 365.0843930367216 SCS 0.2
42.37726847968254 352.7493456135289 SCS 0.2
44.563334983273066 370.8608430275883 SCS 0.2
41.45872841642686 316.95300918515784 SCS 0.2
44.0127634552045 404.6103479565862 SCS 0.2
40.15708397652636 360.3139419954001 SCS 0.2
37.59734237766309 312.7374287422936 SCS 0.2
41.35455889887628 351.9079822087516 SCS 0.2
44.2187332278181 357.36128843495084 SCS 0.2
38.611899973178915 404.24730977050115 SCS 0.2
43.20349970918781 404.7016800286184 SCS 0.2
30.13749207116883 300.5618523722691 SCS 0.2
43.75118112658448 401.24923224694817 SCS 0.2
45.18789928196375 391.55992487077975 SCS 0.2
39.09000061034097 364.64581961350297 SCS 0.2
43.23258053974808 383.1376663049872 SCS 0.2
45.59634081114274 377.7095405333326 SCS 0.2
45.92823050096059 377.63824756423753 SCS 0.2
43.15813127509492 411.4023815027035 SCS 0.2
40.34364127188411 352.6439774646336 SCS 0.2
37.498515404947746 358.6477810322804 SCS 0.2
45.321842564186156 403.1773192812574 SCS 0.2
36.93202450939909 399.38054084242094 SCS 0.2
44.60513763151508 377.37429111933494 SCS 0.2
35.594241924361 383.90927846240135 SCS 0.2
38.91554896516254 400.59483460344234 SCS 0.2
29.684142196824798 379.0213031211443 SCS 0.2
43.096882473828174 385.5417341116551 SCS 0.2
43.79542682887684 406.0091826932506 SCS 0.2
40.118146257737735 431.76468564432 SCS 0.2
39.10399172606199 371.0735784527239 SCS 0.2
44.04101563335058 408.8824525779401 SCS 0.2
37.111171845999706 390.00371515434944 SCS 0.2
43.11979616510776 386.5687291104639 SCS 0.2
43.374811515859115 359.3299607355034 SCS 0.2
47.22251203193767 375.57061221828525 SCS 0.2
35.81373421897144 388.05129785929137 SCS 0.2
39.43806269332134 377.9776860014156 SCS 0.2
36.47541265193385 336.4531943778467 SCS 0.2
40.42449738057738 388.41921259532944 SCS 0.2
41.79719542682538 401.82512644633886 SCS 0.2
45.53500158847373 372.80487493686303 SCS 0.2
42.98565928406289 384.5799813038152 SCS 0.2
37.16927994146558 394.19619832811077 SCS 0.2
39.96317492773949 382.28539869078105 SCS 0.2
39.1003967129471 384.1391160407716 SCS 0.2
45.57683055926596 391.196155466347 SCS 0.2
44.38626670474686 438.45411297353553 SCS 0.2
44.406907126082544 380.6758821861817 SCS 0.2
32.370563963139865 331.3605842453337 SCS 0.2
40.656103329356164 349.63548332175304 SCS 0.2
34.60758876768529 356.05396361537805 SCS 0.2
39.85449842942408 385.2589209351497 SCS 0.2
40.66557008366783 404.547949303481 SCS 0.2
32.898556569379394 349.6694636220193 SCS 0.2
38.51153498978016 367.27199012894516 SCS 0.2
38.06141536758033 406.72663340474577 SCS 0.2
45.77755602325737 419.93231217006417 SCS 0.2
43.27570393922149 376.2151325399103 SCS 0.2
45.071918667501286 410.19036280651244 SCS 0.2
44.17259894636079 347.6200259567146 SCS 0.2
36.37016881992747 400.96945226330166 SCS 0.2
36.244242073216995 390.53603323174406 SCS 0.2
42.63164778464928 400.2961556511521 SCS 0.2
33.93980237770766 326.0916246545506 SCS 0.2
42.629127114109544 382.6772051501874 SCS 0.2
35.23273315415831 352.0694000172314 SCS 0.2
49.35159203281125 424.3809879214534 SCS 0.2
35.377061378390025 365.70898903138925 SCS 0.2
42.19889849858093 329.0170102318175 PSO 0.2
87.33459954246551 326.67803024898103 PSO 0.2
57.847479517201776 390.35209425455713 PSO 0.2
58.70365990236857 342.99948106141795 PSO 0.2
71.19153061240662 385.2905136507466 PSO 0.2
82.71492029656736 344.56374291547905 PSO 0.2
80.95278837383756 427.95821974388167 PSO 0.2
74.45040166802562 342.71921884008856 PSO 0.2
71.74729792574007 361.70395311732483 PSO 0.2
107.80675046598974 402.4799156154042 PSO 0.2
78.14111581012483 349.1377288034567 PSO 0.2
83.8770961527156 375.86784853835127 PSO 0.2
61.75173807890998 355.4501548965426 PSO 0.2
78.62889595207555 353.31942361134975 PSO 0.2
57.572843265661525 339.8994905132984 PSO 0.2
69.23675233721701 321.51829257512026 PSO 0.2
71.66124197462162 373.45748762663294 PSO 0.2
67.88101921830093 402.9398208522643 PSO 0.2
68.75818821114544 367.5518876824804 PSO 0.2
62.36363388735323 383.505892858996 PSO 0.2
85.0731938220908 374.8436838229759 PSO 0.2
79.1391851541455 313.78007507437394 PSO 0.2
46.685697289825974 351.17346794640315 PSO 0.2
63.191438814588466 404.6751809272465 PSO 0.2
71.78719738873609 381.9897977320624 PSO 0.2
66.87454909621525 386.0823818362022 PSO 0.2
77.72780455262014 406.8380859549076 PSO 0.2
68.18864154516339 397.79045141767057 PSO 0.2
63.03230183857235 364.5221081808001 PSO 0.2
77.66479283860275 378.91506977182837 PSO 0.2
78.86849395801936 390.65642852057886 PSO 0.2
102.00604433401246 339.0704999994172 PSO 0.2
74.99869878046567 356.58349815084955 PSO 0.2
60.72473989094132 359.37129699770287 PSO 0.2
80.7381191797703 299.5028197845761 PSO 0.2
77.70205680199534 388.23435073917057 PSO 0.2
93.62909298040529 328.30683567077284 PSO 0.2
58.52446384523498 295.7663477279692 PSO 0.2
72.49454269774874 334.45390712881994 PSO 0.2
82.66570570259366 355.5301334542022 PSO 0.2
81.54333956176065 370.46977849255416 PSO 0.2
80.87025535137944 396.5525354393314 PSO 0.2
68.01145467785983 311.18209460831287 PSO 0.2
80.58574419401266 372.7139474797292 PSO 0.2
69.45002596475771 368.77963908895754 PSO 0.2
89.11019280984378 362.4092142660212 PSO 0.2
81.89881919384989 362.4346531429908 PSO 0.2
100.27811201779876 344.6960191117238 PSO 0.2
68.73789112988753 363.1689786783809 PSO 0.2
93.64079479828744 374.9406325238469 PSO 0.2
61.19510099297373 335.14685921451166 PSO 0.2
64.88638736451027 338.1213002637622 PSO 0.2
98.03742325410437 373.77298135718377 PSO 0.2
81.24108211979461 384.83462933508196 PSO 0.2
76.1599602664391 366.2075837583539 PSO 0.2
88.12660759435627 368.8419176530619 PSO 0.2
81.8729547265333 387.41005928538897 PSO 0.2
66.6216247287595 354.87588968770524 PSO 0.2
83.54685035867493 375.30476425099494 PSO 0.2
99.94369474588119 383.9820379637451 PSO 0.2
80.10995208634357 397.1022319256961 PSO 0.2
51.158523516659315 360.46726007261793 PSO 0.2
81.51581010321378 376.3558467467581 PSO 0.2
75.60239835376895 370.95430456616486 PSO 0.2
86.28735099024969 370.0960594494442 PSO 0.2
83.63841584425718 343.2014362327172 PSO 0.2
60.61555444870739 355.42134591934297 PSO 0.2
65.5028243362754 369.4560830280135 PSO 0.2
54.83184728133637 390.5805233166153 PSO 0.2
60.48492781740707 346.8681395155127 PSO 0.2
91.92537358359128 365.3288389383859 PSO 0.2
95.6794863003557 379.08864030373235 PSO 0.2
78.15821422554744 361.462023302699 PSO 0.2
77.36923994078862 361.54184752306406 PSO 0.2
77.99043208269177 360.3069639378928 PSO 0.2
66.58501761826706 371.52301410229137 PSO 0.2
78.25797503980928 365.5088704232113 PSO 0.2
67.7059889317231 393.0487020367458 PSO 0.2
109.39655723709497 385.3578187591557 PSO 0.2
112.32017844783581 353.84016169215283 PSO 0.2
58.0128975181901 315.51558930241873 PSO 0.2
74.34749586507266 334.28026747166507 PSO 0.2
58.265171422864725 347.95270818754096 PSO 0.2
81.93054606924935 379.4247688498863 PSO 0.2
89.02938706527783 394.30720094767304 PSO 0.2
69.39835688525473 366.2566684817944 PSO 0.2
87.81656156024151 342.0320075756052 PSO 0.2
77.96445556505009 372.81138808003703 PSO 0.2
103.75807772046657 392.40899004282085 PSO 0.2
76.24275072152639 362.06661782051026 PSO 0.2
93.92615587139048 381.38629961020763 PSO 0.2
87.85010505544241 328.83216368631383 PSO 0.2
73.53098575908476 382.6852276036136 PSO 0.2
75.06833969276656 352.9425632537741 PSO 0.2
85.84099778413075 380.121273378974 PSO 0.2
66.39586165630068 310.1045074700768 PSO 0.2
106.59414687893542 374.45602468845567 PSO 0.2
73.20951580931798 323.3334669937359 PSO 0.2
64.88494133524377 406.5590535073129 PSO 0.2
59.848420140600055 354.43610925480255 PSO 0.2
21.10000000000003 393.80000000000103 ICPCP 0.2
22.300000000000047 387.80000000000314 ICPCP 0.2
38.60000000000028 454.10000000000326 ICPCP 0.2
32.20000000000019 397.30000000000405 ICPCP 0.2
26.500000000000107 455.09999999999894 ICPCP 0.2
37.80000000000027 412.20000000000084 ICPCP 0.2
27.200000000000117 519.900000000002 ICPCP 0.2
26.0000000000001 432.299999999999 ICPCP 0.2
35.20000000000023 444.4999999999956 ICPCP 0.2
38.70000000000028 481.80000000000473 ICPCP 0.2
27.50000000000012 433.2000000000023 ICPCP 0.2
27.300000000000118 453.9999999999976 ICPCP 0.2
27.40000000000012 424.90000000000003 ICPCP 0.2
20.30000000000002 425.50000000000256 ICPCP 0.2
20.40000000000002 417.50000000000534 ICPCP 0.2
32.50000000000019 396.8000000000036 ICPCP 0.2
25.100000000000087 454.8000000000046 ICPCP 0.2
27.40000000000012 495.9000000000022 ICPCP 0.2
31.70000000000018 426.80000000000445 ICPCP 0.2
36.00000000000024 430.7000000000012 ICPCP 0.2
26.0000000000001 447.00000000000307 ICPCP 0.2
33.0000000000002 366.4999999999992 ICPCP 0.2
27.000000000000114 411.1999999999984 ICPCP 0.2
25.100000000000087 467.49999999999886 ICPCP 0.2
26.400000000000105 467.4000000000001 ICPCP 0.2
34.200000000000216 465.10000000000025 ICPCP 0.2
38.400000000000276 464.2000000000065 ICPCP 0.2
38.300000000000274 468.40000000000055 ICPCP 0.2
28.600000000000136 455.20000000000135 ICPCP 0.2
37.90000000000027 459.100000000005 ICPCP 0.2
35.600000000000236 445.19999999999516 ICPCP 0.2
43.200000000000344 407.6000000000056 ICPCP 0.2
27.900000000000126 408.19999999999976 ICPCP 0.2
23.700000000000067 415.70000000000397 ICPCP 0.2
24.00000000000007 367.30000000000524 ICPCP 0.2
29.200000000000145 477.9999999999987 ICPCP 0.2
32.700000000000195 439.20000000000704 ICPCP 0.2
21.500000000000036 350.19999999999885 ICPCP 0.2
23.500000000000064 399.89999999999947 ICPCP 0.2
28.90000000000014 414.5000000000028 ICPCP 0.2
34.60000000000022 439.70000000000397 ICPCP 0.2
24.900000000000084 473.09999999999945 ICPCP 0.2
22.000000000000043 359.00000000000387 ICPCP 0.2
26.80000000000011 482.1000000000047 ICPCP 0.2
36.50000000000025 417.9000000000018 ICPCP 0.2
31.100000000000172 403.200000000002 ICPCP 0.2
27.100000000000115 447.20000000000533 ICPCP 0.2
28.000000000000128 422.7000000000041 ICPCP 0.2
31.800000000000182 421.10000000000105 ICPCP 0.2
35.00000000000023 445.0999999999994 ICPCP 0.2
30.700000000000166 398.70000000000147 ICPCP 0.2
34.200000000000216 400.2999999999982 ICPCP 0.2
31.100000000000172 455.6999999999975 ICPCP 0.2
26.300000000000104 456.80000000000166 ICPCP 0.2
29.400000000000148 407.5999999999985 ICPCP 0.2
23.000000000000057 427.89999999999924 ICPCP 0.2
32.20000000000019 460.1000000000019 ICPCP 0.2
20.800000000000026 409.0000000000027 ICPCP 0.2
38.00000000000027 448.8000000000007 ICPCP 0.2
36.40000000000025 440.8000000000011 ICPCP 0.2
27.200000000000117 477.19999999999743 ICPCP 0.2
29.100000000000144 420.30000000000484 ICPCP 0.2
34.60000000000022 465.40000000000174 ICPCP 0.2
25.500000000000092 458.50000000000085 ICPCP 0.2
36.10000000000024 458.1000000000082 ICPCP 0.2
29.60000000000015 419.0000000000016 ICPCP 0.2
34.40000000000022 405.7000000000036 ICPCP 0.2
33.3000000000002 429.69999999999857 ICPCP 0.2
26.0000000000001 450.8000000000016 ICPCP 0.2
20.40000000000002 400.0999999999983 ICPCP 0.2
28.000000000000128 433.99999999999847 ICPCP 0.2
20.900000000000027 461.5999999999998 ICPCP 0.2
29.100000000000144 434.800000000003 ICPCP 0.2
34.200000000000216 400.0999999999956 ICPCP 0.2
25.200000000000088 444.3999999999967 ICPCP 0.2
34.40000000000022 443.99999999999864 ICPCP 0.2
33.0000000000002 427.80000000000234 ICPCP 0.2
29.400000000000148 447.10000000000355 ICPCP 0.2
37.80000000000027 478.40000000000026 ICPCP 0.2
27.900000000000126 434.5000000000019 ICPCP 0.2
23.30000000000006 384.1000000000044 ICPCP 0.2
26.600000000000108 397.90000000000055 ICPCP 0.2
20.600000000000023 411.3000000000015 ICPCP 0.2
32.60000000000019 454.8000000000053 ICPCP 0.2
29.900000000000155 470.5000000000067 ICPCP 0.2
27.700000000000124 406.599999999999 ICPCP 0.2
34.40000000000022 420.10000000000844 ICPCP 0.2
36.200000000000244 456.300000000004 ICPCP 0.2
27.900000000000126 485.70000000000255 ICPCP 0.2
26.500000000000107 423.10000000000207 ICPCP 0.2
37.80000000000027 449.50000000000097 ICPCP 0.2
25.600000000000094 402.40000000000254 ICPCP 0.2
27.600000000000122 455.29999999999995 ICPCP 0.2
34.30000000000022 429.7000000000005 ICPCP 0.2
33.90000000000021 473.800000000005 ICPCP 0.2
33.80000000000021 366.0000000000026 ICPCP 0.2
24.70000000000008 467.2000000000054 ICPCP 0.2
18.29999999999999 413.50000000000256 ICPCP 0.2
28.80000000000014 481.4999999999991 ICPCP 0.2
25.000000000000085 416.59999999999644 ICPCP 0.2
39.70285775012351 323.8370934728228 DeepWS 0.4
29.075283955751182 339.7508183572747 DeepWS 0.4
41.55324769668701 383.90663956525447 DeepWS 0.4
37.24350097361099 340.41628889740946 DeepWS 0.4
46.30139545371639 391.5927517642113 DeepWS 0.4
34.62874015396759 359.773991648561 DeepWS 0.4
42.265019934253445 446.620161243301 DeepWS 0.4
38.05536799767364 366.4230938647676 DeepWS 0.4
43.37449851032606 373.1902205311596 DeepWS 0.4
44.73861345756965 397.0539539236888 DeepWS 0.4
40.12277351057144 370.1584438757654 DeepWS 0.4
37.06455313054847 391.7207544997848 DeepWS 0.4
35.32389450104232 354.2782209099633 DeepWS 0.4
38.735966580549096 354.2756817414067 DeepWS 0.4
37.91780846395609 351.966090750487 DeepWS 0.4
33.58302304249738 342.6813151025942 DeepWS 0.4
37.15871111791185 391.44620407520694 DeepWS 0.4
39.70694678237044 420.3122135545816 DeepWS 0.4
28.882928435315392 367.80785486011234 DeepWS 0.4
43.53623537255322 391.8244106389385 DeepWS 0.4
40.69730815388175 380.4905328673536 DeepWS 0.4
42.748700188194505 328.09970051460067 DeepWS 0.4
32.266325965265644 363.33526525200443 DeepWS 0.4
44.524088817869206 418.9489329033066 DeepWS 0.4
40.95620405491075 383.1993034983462 DeepWS 0.4
35.4260612327954 403.0046430948352 DeepWS 0.4
46.36264717578399 387.7938707414579 DeepWS 0.4
39.471763138744734 394.4002441179248 DeepWS 0.4
43.98687732558652 385.49550159991276 DeepWS 0.4
36.72785860169534 387.8292410909421 DeepWS 0.4
37.3462414423896 397.5999861907644 DeepWS 0.4
36.79558634926427 359.2660039960276 DeepWS 0.4
42.80335892022799 355.2402367038493 DeepWS 0.4
40.351237484572835 357.16198171880416 DeepWS 0.4
38.75392268394972 333.98805933627824 DeepWS 0.4
44.52783466853199 407.8539110863311 DeepWS 0.4
34.668802070519234 367.5274704478071 DeepWS 0.4
36.8817206391506 299.61221014377224 DeepWS 0.4
40.32256183361858 325.317300487267 DeepWS 0.4
44.262280731733014 372.6527791731386 DeepWS 0.4
37.45744594466841 383.39249059366887 DeepWS 0.4
45.14580985894618 391.18157583663174 DeepWS 0.4
28.811168198846858 309.64947024971633 DeepWS 0.4
37.73193728123361 391.41589163387357 DeepWS 0.4
38.174898402121265 362.8398132338875 DeepWS 0.4
45.13048350091591 349.9739943751322 DeepWS 0.4
38.10692696619102 379.22262089747136 DeepWS 0.4
41.181827137179496 362.3141425032955 DeepWS 0.4
42.63793576487787 370.1927671951126 DeepWS 0.4
41.121871324052854 399.06636583491024 DeepWS 0.4
34.08016235250111 345.691925920857 DeepWS 0.4
38.637197944000675 344.77604136031346 DeepWS 0.4
41.61340137826993 387.01674296810194 DeepWS 0.4
35.794122725488045 381.5767490573774 DeepWS 0.4
43.22380587035212 359.2536179987625 DeepWS 0.4
34.349013881586814 374.0261771314705 DeepWS 0.4
35.050627340274474 390.68503386525134 DeepWS 0.4
28.8553952266404 356.2446560840396 DeepWS 0.4
41.12337141775764 395.1634223393821 DeepWS 0.4
40.881976976664085 402.8893496427502 DeepWS 0.4
36.40410504255556 420.1658738068014 DeepWS 0.4
37.138832518694336 354.6407257595149 DeepWS 0.4
39.144136103859864 398.61431214199035 DeepWS 0.4
35.65584258929246 391.37661052708756 DeepWS 0.4
40.50748246539252 383.82513913262926 DeepWS 0.4
38.92855750084249 370.19129439788895 DeepWS 0.4
53.41816475210908 362.4095815469513 DeepWS 0.4
37.273719327851175 360.8232924626974 DeepWS 0.4
42.31738108348997 385.9173613100045 DeepWS 0.4
50.856479819846854 340.5720047390045 DeepWS 0.4
35.718807432450845 382.8544070532335 DeepWS 0.4
37.10958700032386 386.2169815678188 DeepWS 0.4
44.54356771355245 383.2959626071955 DeepWS 0.4
39.969468961884765 379.6905244438476 DeepWS 0.4
35.05641129114532 375.1259858022677 DeepWS 0.4
35.52565018358494 368.3322083785138 DeepWS 0.4
44.53148899677337 385.5351665285916 DeepWS 0.4
40.716695058427796 389.9845317769791 DeepWS 0.4
42.83302855050195 411.72493380681686 DeepWS 0.4
41.86268844239867 371.7349185086743 DeepWS 0.4
29.82787720392815 327.75338238654956 DeepWS 0.4
39.747692370686984 346.8202916701419 DeepWS 0.4
44.7812235206966 340.5514630553371 DeepWS 0.4
37.110579294580425 374.7038135827286 DeepWS 0.4
40.713688125217274 397.27430821841733 DeepWS 0.4
33.30413168630794 356.6202757357869 DeepWS 0.4
40.95253800954791 361.2139607601769 DeepWS 0.4
36.07203125610021 389.48145869708253 DeepWS 0.4
45.5521016811404 422.1344498541568 DeepWS 0.4
38.912434173335285 373.5347008937296 DeepWS 0.4
41.292395876420834 399.8838521098284 DeepWS 0.4
48.184631259268656 344.76432073132906 DeepWS 0.4
39.0831174141138 395.9994790770602 DeepWS 0.4
36.932804893818265 364.0620588941962 DeepWS 0.4
44.99420143142215 403.0704424564156 DeepWS 0.4
39.31668838357193 322.5175449764527 DeepWS 0.4
38.651082234740954 388.8200144257711 DeepWS 0.4
43.58134299162241 335.64707065714384 DeepWS 0.4
41.62550031710431 410.26433843420506 DeepWS 0.4
30.867931821704826 344.5907350783656 DeepWS 0.4
45.20131258792002 323.9045282463299 SCS 0.4
46.19596518576734 324.81099665079824 SCS 0.4
58.757975330918725 378.22988115425903 SCS 0.4
53.68084698695105 332.4596077321044 SCS 0.4
51.374709945112805 392.0243559923449 SCS 0.4
50.97770024680843 366.20989524777593 SCS 0.4
56.380154236901426 417.71213172875076 SCS 0.4
51.87471924134277 387.8198149056314 SCS 0.4
48.377773778984405 385.40900998320825 SCS 0.4
52.88160340292642 404.21697798419837 SCS 0.4
52.55937093891444 341.9635711161837 SCS 0.4
50.60980140013236 381.94573254272575 SCS 0.4
44.09253582885856 356.98132189772025 SCS 0.4
55.05710345927666 351.2023233329983 SCS 0.4
46.37827734991178 339.9340711023297 SCS 0.4
48.01331037730045 325.9701700491324 SCS 0.4
50.06534031810995 377.743735271051 SCS 0.4
55.01612181819062 412.6935846389368 SCS 0.4
42.48425083277365 354.43988549602096 SCS 0.4
58.826109950418385 390.4964219406625 SCS 0.4
53.31336616149066 378.19908377393546 SCS 0.4
50.9449650638962 334.987672004675 SCS 0.4
44.94903909214742 356.20019156302544 SCS 0.4
60.66999458993992 397.5572869176861 SCS 0.4
56.99567221474022 392.666332617672 SCS 0.4
48.825982116530064 408.42286593179585 SCS 0.4
63.76662981601764 386.1395654958374 SCS 0.4
56.482697572443 391.49416882456643 SCS 0.4
52.532859649176636 376.26095146316896 SCS 0.4
53.07882647740993 389.7602776641219 SCS 0.4
49.35048914080352 378.54191440465087 SCS 0.4
54.05223132746121 364.33814258390817 SCS 0.4
56.90442232518947 326.7317161604197 SCS 0.4
53.94002818267961 337.7738277925579 SCS 0.4
50.53327070700481 305.0287468660871 SCS 0.4
56.757143945006774 400.5950939428001 SCS 0.4
47.79922306108931 348.5174867591572 SCS 0.4
50.79182428106821 290.6814278890865 SCS 0.4
51.71503034875081 335.018178558244 SCS 0.4
56.16997276289086 359.8714791169883 SCS 0.4
51.74425377609461 375.8877967765281 SCS 0.4
54.274579476560234 396.36321065391246 SCS 0.4
40.91071405958918 306.2221444577295 SCS 0.4
56.895198424551786 394.039543785013 SCS 0.4
57.22020791068159 394.04955656663907 SCS 0.4
50.831707085719245 357.55000019129767 SCS 0.4
56.01528788322733 385.62552688467093 SCS 0.4
54.73670394160504 364.8800226198792 SCS 0.4
55.82822426588884 360.0317683401871 SCS 0.4
58.683718114972265 403.46875736701884 SCS 0.4
49.51626533837808 344.0506845349714 SCS 0.4
54.20355916465477 344.8911858450117 SCS 0.4
59.14631514694539 390.6408128069147 SCS 0.4
50.62569732533138 379.34890102182766 SCS 0.4
58.620022030851054 369.6408379772745 SCS 0.4
49.77008092234315 377.56618693470557 SCS 0.4
50.249218198790665 394.6264464411304 SCS 0.4
40.97033207048682 335.67341661387024 SCS 0.4
54.24486295005881 367.9245380928543 SCS 0.4
55.39951144054352 383.9480761494132 SCS 0.4
52.06474736359107 397.21935271217905 SCS 0.4
53.741269092229956 362.130282429585 SCS 0.4
56.201958948262984 404.2671886682945 SCS 0.4
47.232307389016064 410.9889724736888 SCS 0.4
59.631973065285635 379.00457371948505 SCS 0.4
54.05143457411762 342.0958662540055 SCS 0.4
58.585632161752415 349.0498551375959 SCS 0.4
47.22230701428768 350.6848763904482 SCS 0.4
51.273434461841894 366.5968506912935 SCS 0.4
49.56432886044919 327.3046383966684 SCS 0.4
50.41475501783579 379.2737776569086 SCS 0.4
53.70620799778531 395.0966578553594 SCS 0.4
59.21079987612302 368.72539849785653 SCS 0.4
54.530878546694716 381.4274534053157 SCS 0.4
50.81246420141429 380.06727478409675 SCS 0.4
50.833578225004516 383.07280074609616 SCS 0.4
48.932794683274714 368.2264818600738 SCS 0.4
57.21331474240055 385.8582224436655 SCS 0.4
58.048838497368216 409.24378859796246 SCS 0.4
56.67073980253806 370.27381028255326 SCS 0.4
42.45991112917587 319.17363300415417 SCS 0.4
53.13491270332796 346.73954200022223 SCS 0.4
44.688136930088675 350.33082660637524 SCS 0.4
53.197450996500024 375.5982943182291 SCS 0.4
56.99133520880394 394.42071841254915 SCS 0.4
44.33046045949231 346.48372643978166 SCS 0.4
52.09357989769938 359.6684355084051 SCS 0.4
50.400521772193905 388.9860145035749 SCS 0.4
63.0949588567031 409.64331103536745 SCS 0.4
56.79105353354045 379.9962791518455 SCS 0.4
56.364454233122636 383.9373715646756 SCS 0.4
56.324608874048025 330.8991604068367 SCS 0.4
54.96167686201283 391.88971309074185 SCS 0.4
49.74958043288425 373.6284527246096 SCS 0.4
58.405395035862234 392.01180986737336 SCS 0.4
50.583675875196626 307.6831949606658 SCS 0.4
55.985406536647496 364.78510576268707 SCS 0.4
48.37379876341508 341.12316163387186 SCS 0.4
57.99881488886473 425.1105680933346 SCS 0.4
47.43524037474388 347.1007674332512 SCS 0.4
44.184813122994946 310.85588527627004 PSO 0.4
47.96798618568303 318.6134753486352 PSO 0.4
57.77278346957736 367.18956209468956 PSO 0.4
54.0402609004975 317.4002419925784 PSO 0.4
50.01220266329026 364.80620579308095 PSO 0.4
49.278024976466384 325.6779057474634 PSO 0.4
60.08034949100689 438.6288736402894 PSO 0.4
50.45201988803056 341.1158641896803 PSO 0.4
44.79655133272392 358.60895901967257 PSO 0.4
50.27192741836156 377.4826921280937 PSO 0.4
53.35144166834955 348.12463392174476 PSO 0.4
51.412749883347644 369.2324158212564 PSO 0.4
45.91160704503888 341.20363556817426 PSO 0.4
52.2533900383915 338.3738713755119 PSO 0.4
44.85152938098142 320.3376618665442 PSO 0.4
47.421602144136486 324.76259518257734 PSO 0.4
52.336119571522495 369.9280149613196 PSO 0.4
53.2715395788406 386.2553825561647 PSO 0.4
42.74179554835127 346.58264952696743 PSO 0.4
56.638666203766505 364.0230793963954 PSO 0.4
54.00863327526977 357.6354948865077 PSO 0.4
49.08853753935096 304.38937342388067 PSO 0.4
42.169801110502235 326.9881884213589 PSO 0.4
57.81338593598552 374.9527528563089 PSO 0.4
55.52322124294183 364.29982954383144 PSO 0.4
48.903073879784735 379.8995805772818 PSO 0.4
67.02149753384137 386.55308926456917 PSO 0.4
57.07813884759015 398.038302828491 PSO 0.4
50.480524122736476 359.20205016155967 PSO 0.4
52.60257250432456 367.17154718867425 PSO 0.4
52.35386809434577 379.01493893609154 PSO 0.4
51.36411867521489 334.3867205875332 PSO 0.4
55.62009556139923 323.7854892167963 PSO 0.4
55.12127532325572 330.1594410562396 PSO 0.4
47.6654682780383 290.7460886118851 PSO 0.4
55.71785135916646 368.47172622006843 PSO 0.4
47.334696605497484 344.9321205625769 PSO 0.4
48.58292617253239 275.8639605850091 PSO 0.4
51.15649162567408 312.68242426903015 PSO 0.4
56.46262001760508 341.30256292933336 PSO 0.4
51.32258553272498 363.7245772214811 PSO 0.4
101.58324408846322 369.54968568591096 PSO 0.4
38.67430030271373 287.5690135078808 PSO 0.4
48.36693697586297 363.3832913378771 PSO 0.4
57.87902703665353 357.6726366094299 PSO 0.4
51.60383442408962 338.3615100390251 PSO 0.4
53.59568794868686 361.2045494934714 PSO 0.4
54.95607326578092 340.4992277358373 PSO 0.4
54.89087276317842 345.22488018200437 PSO 0.4
59.948876972134386 383.26514379483285 PSO 0.4
46.88199295513052 328.8300733503093 PSO 0.4
50.866217623048755 317.2612760548495 PSO 0.4
55.979643670232434 366.47980777572934 PSO 0.4
52.4156039871293 375.20286877171634 PSO 0.4
58.51076019507567 346.77041090633446 PSO 0.4
50.41149156019572 365.41671630327016 PSO 0.4
50.540885487261235 387.2248065227024 PSO 0.4
37.62480280426264 321.078810321308 PSO 0.4
51.2888030601297 345.7569253492328 PSO 0.4
57.120303019313205 383.28483735684 PSO 0.4
53.912629221400124 390.7257917842433 PSO 0.4
54.09297473903024 338.8454486393538 PSO 0.4
53.81318617639611 368.5116841990632 PSO 0.4
50.01062866966172 376.5155267826534 PSO 0.4
59.652835493600804 377.5974637377361 PSO 0.4
52.068166410976765 342.95548108631704 PSO 0.4
55.318494826644525 326.21173105388885 PSO 0.4
50.05252756899432 352.57300085669493 PSO 0.4
54.08510849494293 360.95454735795977 PSO 0.4
49.42853506440892 322.99828863784853 PSO 0.4
49.81370321425992 349.8149296180273 PSO 0.4
52.14537886077654 376.91949790977145 PSO 0.4
57.730609503330896 340.9602564239144 PSO 0.4
55.69452270636399 353.9156715521717 PSO 0.4
50.66888135548407 359.42933881401393 PSO 0.4
49.55107127895846 346.5024039285559 PSO 0.4
47.39317791724505 338.28076688789065 PSO 0.4
54.45768435743794 360.05571600155275 PSO 0.4
58.560867023037 389.24921373619156 PSO 0.4
56.599046567228555 350.7411019197295 PSO 0.4
41.87513150349587 306.2080430430527 PSO 0.4
51.53679198485499 325.85450946023747 PSO 0.4
48.66349185496695 342.73663388631064 PSO 0.4
54.534303586964405 375.80813414582525 PSO 0.4
55.95080849467668 366.85470550839415 PSO 0.4
43.24519782296957 327.28740679700644 PSO 0.4
49.47202885883744 334.1171855243047 PSO 0.4
52.380534327574026 367.8021733879932 PSO 0.4
58.868656686172734 382.4761186358502 PSO 0.4
57.52833881509221 365.9292891784965 PSO 0.4
59.763172977345405 376.5443876942761 PSO 0.4
52.99694281041596 321.0742519728906 PSO 0.4
56.29020019221878 364.80925280485667 PSO 0.4
45.26536074912817 351.3231437461183 PSO 0.4
57.473444608568464 390.7715867831447 PSO 0.4
48.786458020965775 294.3705292959743 PSO 0.4
56.11468809657307 362.0731325680512 PSO 0.4
49.96846304511439 313.8709191330796 PSO 0.4
58.782338826209205 377.3561784393627 PSO 0.4
46.97044118378809 338.27275197954634 PSO 0.4
37.700000000000266 375.4000000000046 ICPCP 0.4
34.900000000000226 376.00000000000114 ICPCP 0.4
44.40000000000036 456.10000000000827 ICPCP 0.4
31.800000000000182 381.50000000000387 ICPCP 0.4
41.00000000000031 463.4000000000179 ICPCP 0.4
38.70000000000028 407.90000000001015 ICPCP 0.4
47.90000000000041 513.3000000000219 ICPCP 0.4
32.800000000000196 426.000000000013 ICPCP 0.4
37.600000000000264 434.69999999999953 ICPCP 0.4
50.80000000000045 449.30000000000695 ICPCP 0.4
36.900000000000254 414.4000000000113 ICPCP 0.4
35.00000000000023 444.7999999999958 ICPCP 0.4
39.800000000000296 402.400000000011 ICPCP 0.4
37.30000000000026 424.50000000000705 ICPCP 0.4
40.3000000000003 411.80000000000916 ICPCP 0.4
48.60000000000042 379.00000000000597 ICPCP 0.4
38.300000000000274 460.80000000001496 ICPCP 0.4
45.00000000000037 484.20000000001636 ICPCP 0.4
36.300000000000246 405.0000000000118 ICPCP 0.4
44.80000000000037 439.6000000000114 ICPCP 0.4
35.10000000000023 428.59999999999985 ICPCP 0.4
36.50000000000025 371.6000000000067 ICPCP 0.4
41.50000000000032 413.5000000000109 ICPCP 0.4
40.60000000000031 496.2000000000121 ICPCP 0.4
37.50000000000026 452.700000000013 ICPCP 0.4
42.500000000000334 471.0000000000191 ICPCP 0.4
35.80000000000024 461.10000000000906 ICPCP 0.4
44.10000000000036 465.40000000001396 ICPCP 0.4
34.00000000000021 453.0000000000015 ICPCP 0.4
36.300000000000246 431.10000000000014 ICPCP 0.4
35.80000000000024 438.0999999999944 ICPCP 0.4
38.400000000000276 408.40000000000447 ICPCP 0.4
34.800000000000225 403.20000000000664 ICPCP 0.4
39.9000000000003 427.10000000000827 ICPCP 0.4
27.40000000000012 373.70000000000505 ICPCP 0.4
41.100000000000314 456.5000000000133 ICPCP 0.4
40.2000000000003 422.50000000000836 ICPCP 0.4
30.30000000000016 355.10000000000423 ICPCP 0.4
35.80000000000024 377.2000000000065 ICPCP 0.4
42.90000000000034 405.10000000000633 ICPCP 0.4
40.60000000000031 430.00000000000887 ICPCP 0.4
37.90000000000027 451.20000000001244 ICPCP 0.4
25.500000000000092 360.00000000000875 ICPCP 0.4
43.10000000000034 470.7000000000138 ICPCP 0.4
39.700000000000294 435.7000000000107 ICPCP 0.4
41.200000000000315 400.60000000001156 ICPCP 0.4
33.2000000000002 434.50000000000847 ICPCP 0.4
42.00000000000033 423.50000000000847 ICPCP 0.4
37.20000000000026 420.9000000000074 ICPCP 0.4
46.30000000000039 430.70000000000556 ICPCP 0.4
33.2000000000002 398.8000000000002 ICPCP 0.4
43.10000000000034 412.7000000000106 ICPCP 0.4
47.1000000000004 479.7000000000148 ICPCP 0.4
38.70000000000028 443.9000000000006 ICPCP 0.4
43.40000000000035 405.5000000000101 ICPCP 0.4
40.80000000000031 433.4000000000126 ICPCP 0.4
42.90000000000034 476.30000000001905 ICPCP 0.4
27.700000000000124 401.7000000000002 ICPCP 0.4
40.90000000000031 446.8000000000098 ICPCP 0.4
44.80000000000037 446.1000000000099 ICPCP 0.4
44.80000000000037 453.19999999999624 ICPCP 0.4
42.90000000000034 415.1000000000082 ICPCP 0.4
48.50000000000042 451.700000000011 ICPCP 0.4
42.10000000000033 444.700000000018 ICPCP 0.4
38.400000000000276 449.20000000000573 ICPCP 0.4
37.30000000000026 415.30000000000564 ICPCP 0.4
39.9000000000003 417.70000000000755 ICPCP 0.4
44.50000000000036 408.40000000001066 ICPCP 0.4
41.30000000000032 439.8000000000104 ICPCP 0.4
33.400000000000205 398.6000000000061 ICPCP 0.4
44.90000000000037 424.7000000000108 ICPCP 0.4
36.900000000000254 464.69999999999715 ICPCP 0.4
38.50000000000028 441.20000000000886 ICPCP 0.4
43.50000000000035 408.40000000001237 ICPCP 0.4
45.00000000000037 441.90000000001385 ICPCP 0.4
47.3000000000004 441.20000000001437 ICPCP 0.4
40.0000000000003 407.40000000000975 ICPCP 0.4
51.20000000000046 449.3000000000041 ICPCP 0.4
37.700000000000266 467.9999999999983 ICPCP 0.4
48.10000000000041 404.2000000000084 ICPCP 0.4
32.000000000000185 360.3000000000022 ICPCP 0.4
40.2000000000003 386.9000000000067 ICPCP 0.4
43.70000000000035 404.10000000001105 ICPCP 0.4
34.60000000000022 445.80000000000103 ICPCP 0.4
47.1000000000004 446.1000000000106 ICPCP 0.4
33.60000000000021 386.1999999999994 ICPCP 0.4
34.200000000000216 430.70000000000755 ICPCP 0.4
34.30000000000022 450.00000000001506 ICPCP 0.4
52.80000000000048 460.5999999999977 ICPCP 0.4
44.20000000000036 408.30000000000956 ICPCP 0.4
45.400000000000375 459.9000000000102 ICPCP 0.4
41.30000000000032 408.6000000000072 ICPCP 0.4
55.300000000000516 441.5000000000122 ICPCP 0.4
41.40000000000032 426.00000000001063 ICPCP 0.4
45.300000000000374 486.9000000000155 ICPCP 0.4
40.400000000000304 358.6000000000051 ICPCP 0.4
34.30000000000022 453.6000000000098 ICPCP 0.4
25.200000000000088 394.8000000000088 ICPCP 0.4
53.30000000000049 454.79999999999455 ICPCP 0.4
41.800000000000324 410.6000000000107 ICPCP 0.4
55.23981874834743 317.39606363072926 DeepWS 0.6
63.25266726766491 313.05927186579015 DeepWS 0.6
61.543329127015284 397.4809528764004 DeepWS 0.6
72.64367881563129 325.83426121598364 DeepWS 0.6
57.99318102396548 371.85925786663677 DeepWS 0.6
56.45887937626742 336.6420665445305 DeepWS 0.6
58.2513720465964 440.6305982258522 DeepWS 0.6
54.141507450133815 345.48288585279874 DeepWS 0.6
58.72809481238124 355.8162322994492 DeepWS 0.6
58.595031039077476 376.67748323611244 DeepWS 0.6
70.43282225935124 347.3951173826648 DeepWS 0.6
65.6956708585642 368.0852921576094 DeepWS 0.6
58.74810338494918 338.8241329515727 DeepWS 0.6
64.23838173678863 344.99195157216514 DeepWS 0.6
57.976615236597944 326.8017058340805 DeepWS 0.6
59.700749088070125 332.7289076358354 DeepWS 0.6
59.27379851511072 365.6025701847337 DeepWS 0.6
60.745685842757275 398.7744231551408 DeepWS 0.6
53.65782643900006 349.0949100682078 DeepWS 0.6
65.7392659089682 370.2933886652102 DeepWS 0.6
60.67863397951932 357.75043802632496 DeepWS 0.6
74.32101344158627 310.9058269664537 DeepWS 0.6
57.67189660789539 332.8053854817041 DeepWS 0.6
64.43461145401794 400.88496043163536 DeepWS 0.6
59.30115001423267 385.33433002027374 DeepWS 0.6
64.17812026062232 382.77305257243034 DeepWS 0.6
67.8736679362177 388.6110932528649 DeepWS 0.6
58.801142190010346 378.4468299997079 DeepWS 0.6
59.50289024196537 365.4813287267552 DeepWS 0.6
60.21928275633591 354.37781806658654 DeepWS 0.6
58.11970621252875 365.7481754901029 DeepWS 0.6
68.95195733995399 332.8084589928413 DeepWS 0.6
60.9289520597884 329.9640490422267 DeepWS 0.6
61.956008445837 344.24253344510987 DeepWS 0.6
63.08777711979103 310.06699224050317 DeepWS 0.6
56.084430734663 389.14406482154203 DeepWS 0.6
66.5520242099659 343.2936835817443 DeepWS 0.6
64.47653862233881 270.2175246435421 DeepWS 0.6
59.00008024986848 316.4818478511508 DeepWS 0.6
59.01408452612271 346.79092524564436 DeepWS 0.6
58.449245712084185 360.91902842973036 DeepWS 0.6
76.57710108432362 390.5223712822436 DeepWS 0.6
49.94629661573003 281.5811306037713 DeepWS 0.6
56.400000030590334 377.4192914884348 DeepWS 0.6
52.11135150669231 346.8277962598893 DeepWS 0.6
60.4739977779553 338.8125298350591 DeepWS 0.6
70.0442775134692 383.7880232511477 DeepWS 0.6
58.656986507624154 346.94475284483383 DeepWS 0.6
64.67299954897166 362.8115321869875 DeepWS 0.6
59.287265082554136 387.73319364889664 DeepWS 0.6
57.74814555108243 325.8253720416684 DeepWS 0.6
65.18278653098545 337.10324077547796 DeepWS 0.6
60.02327951671475 378.3584005750309 DeepWS 0.6
58.20502350990312 381.7354280462058 DeepWS 0.6
54.49098843903298 346.30025244893653 DeepWS 0.6
54.889217318708894 348.06279061716305 DeepWS 0.6
58.68834487034805 383.41014701152585 DeepWS 0.6
47.02669574591903 327.3222736432198 DeepWS 0.6
61.1675201059788 363.34899896829205 DeepWS 0.6
57.42876509430198 377.06856284440425 DeepWS 0.6
60.11661779412508 395.42782894581853 DeepWS 0.6
61.89304881572353 342.7072131915089 DeepWS 0.6
61.446338135686005 384.83868003164787 DeepWS 0.6
56.44609521080673 375.00109110316413 DeepWS 0.6
58.19736126165201 363.0781324485641 DeepWS 0.6
72.84326095406612 356.0749513805502 DeepWS 0.6
60.163104707228726 350.3270842549557 DeepWS 0.6
58.94223017223166 346.6805508184011 DeepWS 0.6
58.681969845705176 360.15414173035396 DeepWS 0.6
63.83584663262834 331.4198342328299 DeepWS 0.6
61.91713747837388 375.393097150806 DeepWS 0.6
64.62477099959298 393.1208089708324 DeepWS 0.6
58.04315053729591 357.2721596516395 DeepWS 0.6
61.61672555445697 369.005326416299 DeepWS 0.6
57.68686301344376 353.06927673345047 DeepWS 0.6
60.82548035340074 362.75772660625904 DeepWS 0.6
55.61415397209568 352.12903365212856 DeepWS 0.6
75.06421170239318 375.20092702199395 DeepWS 0.6
58.2568462355585 394.2546980039488 DeepWS 0.6
56.121291356231765 352.61241003637474 DeepWS 0.6
52.24759809173396 302.3426859959092 DeepWS 0.6
61.90646307628763 333.21567562013877 DeepWS 0.6
55.39460658526888 333.5287010148632 DeepWS 0.6
61.332334224959325 373.1468030578709 DeepWS 0.6
66.5472404758736 382.0522517957602 DeepWS 0.6
53.28788905454948 330.4865287299453 DeepWS 0.6
54.04050423007793 353.13313914032335 DeepWS 0.6
65.00678275463252 364.43933049444917 DeepWS 0.6
62.939026453920455 409.4465781674618 DeepWS 0.6
53.34316397317624 358.7153193399047 DeepWS 0.6
57.51395287940298 379.9571032408022 DeepWS 0.6
60.925110816445056 342.1977093741564 DeepWS 0.6
61.59014863265689 384.9000243064369 DeepWS 0.6
54.351830341362245 348.68254632564987 DeepWS 0.6
58.17881942265146 380.75928780221517 DeepWS 0.6
68.84336612567466 297.99540177647646 DeepWS 0.6
61.50364648591923 376.4122313691202 DeepWS 0.6
57.969577929928604 309.616589335554 DeepWS 0.6
64.86965842260251 403.7133752705653 DeepWS 0.6
59.06681766368158 344.38578516673743 DeepWS 0.6
63.53641979662095 323.88588217662 SCS 0.6
65.14988957260938 330.72949188509267 SCS 0.6
82.12678228384001 361.9557670634908 SCS 0.6
74.75956145605123 314.6515730600323 SCS 0.6
71.91744577442537 393.03515714532 SCS 0.6
70.28086327205965 323.2142623009035 SCS 0.6
79.18195986187145 421.8311814591757 SCS 0.6
72.6156941743861 350.25367173949394 SCS 0.6
66.61438001399591 368.1801437117301 SCS 0.6
73.89788059279397 390.3021004731274 SCS 0.6
73.39295017128092 335.0952269357574 SCS 0.6
73.56297291764844 357.6032077469553 SCS 0.6
62.95537484083526 319.40447588645617 SCS 0.6
76.71859376544224 330.5932705878069 SCS 0.6
67.02253185462594 340.45652162303185 SCS 0.6
66.89129305870938 310.4456310130363 SCS 0.6
70.64343024871418 353.3771714644269 SCS 0.6
76.61638149424641 387.15673698794285 SCS 0.6
59.26064778420468 336.3598296565407 SCS 0.6
80.95435130405485 348.09828402635566 SCS 0.6
75.24174654151493 355.21061053900723 SCS 0.6
70.34066196840378 303.11993568912607 SCS 0.6
62.907563215817454 329.26964023551386 SCS 0.6
81.92610645808654 366.7826022625968 SCS 0.6
79.78779492845564 391.5877052314197 SCS 0.6
69.52719470473029 403.1790062118267 SCS 0.6
88.04241568107534 360.90881558836355 SCS 0.6
80.81734192744831 372.77418303949173 SCS 0.6
72.52623769408217 345.323231949435 SCS 0.6
74.598566098129 375.2882574028313 SCS 0.6
69.75323554336863 390.33512834895896 SCS 0.6
73.76098203317947 322.40523608522415 SCS 0.6
79.76713286163223 311.40907380988324 SCS 0.6
75.82061073388012 322.408052483257 SCS 0.6
69.9852206717365 298.0470819151957 SCS 0.6
79.2779109129883 377.08783849260334 SCS 0.6
67.88970262284896 344.531050794559 SCS 0.6
72.5052265941253 309.2194799426149 SCS 0.6
71.84704606324769 305.03059545402067 SCS 0.6
77.26076177533136 329.89358882823996 SCS 0.6
71.31343958481003 371.42658857713434 SCS 0.6
78.18068429757308 370.4020959669382 SCS 0.6
56.47981593504307 284.15650068483234 SCS 0.6
75.78549036920133 360.5641982388711 SCS 0.6
77.28779401450385 344.4874986373019 SCS 0.6
70.94789772471857 336.6611742917255 SCS 0.6
76.05527736311231 347.14285590475885 SCS 0.6
76.44839405078939 352.9067467929382 SCS 0.6
79.70200586656308 334.91741528311127 SCS 0.6
81.39874119432324 383.4141741287435 SCS 0.6
67.33994555279763 325.20422204597156 SCS 0.6
77.61307929918263 323.91173157026014 SCS 0.6
84.03318543929863 387.74534196956597 SCS 0.6
72.04356309730527 349.1438238038379 SCS 0.6
80.83331002675892 346.832207144375 SCS 0.6
70.8058396996974 366.48548434318286 SCS 0.6
70.07554051247492 389.8367666430304 SCS 0.6
54.841755572232636 310.74171807132194 SCS 0.6
80.80991092116335 357.31517410128873 SCS 0.6
76.90487554402081 372.9181331895126 SCS 0.6
72.33658616426398 382.9149911949712 SCS 0.6
74.49717850033795 353.75319965346324 SCS 0.6
78.50657413469578 373.37745326331867 SCS 0.6
65.92261072154604 380.1250984340082 SCS 0.6
81.10379055071058 367.04928144430477 SCS 0.6
75.94003002089929 341.2945031966995 SCS 0.6
82.14877999327875 330.28805100146866 SCS 0.6
66.83675342509189 350.61431564407826 SCS 0.6
71.88871955956878 349.6456280100961 SCS 0.6
68.95211651144002 316.667025266877 SCS 0.6
70.92250666602352 361.9760065602488 SCS 0.6
74.15966445108788 397.918874634996 SCS 0.6
82.28109777142703 337.3177124992231 SCS 0.6
76.86619971843287 355.3549738196027 SCS 0.6
70.81789003408343 370.51205410838327 SCS 0.6
70.99346595329297 359.604585781804 SCS 0.6
69.58738743023096 340.09265634469836 SCS 0.6
78.61056539916062 339.86306506364883 SCS 0.6
80.83060492147304 398.828378099604 SCS 0.6
79.55572783692273 344.19259645558265 SCS 0.6
59.28084913689322 306.00599018651724 SCS 0.6
74.93207251830033 314.9098609414568 SCS 0.6
63.13466492675173 339.91048828195414 SCS 0.6
75.16958039916062 361.05320505236347 SCS 0.6
79.6138383808816 350.08340133494795 SCS 0.6
60.93680400216036 359.2017183092601 SCS 0.6
72.45362570259486 330.61144185317477 SCS 0.6
68.91143629721412 343.9942962657129 SCS 0.6
86.92150216593818 383.2013751287745 SCS 0.6
79.94822927381048 350.57152119699595 SCS 0.6
79.1937060756937 367.7959879812012 SCS 0.6
78.47227444432457 336.91078339128154 SCS 0.6
76.0631323085636 364.5452172866205 SCS 0.6
67.89202871551836 340.6589893507468 SCS 0.6
81.70431684435695 368.6401076380785 SCS 0.6
69.85662874284736 281.1484841022323 SCS 0.6
77.5047568571379 360.0146270796145 SCS 0.6
67.05613207464962 302.00440011244984 SCS 0.6
80.90822145412784 408.9036231400138 SCS 0.6
66.6088912149263 326.37181577004435 SCS 0.6
61.12268708813639 293.6051377662507 PSO 0.6
61.43245495048788 295.9393575993294 PSO 0.6
79.07069530758567 349.86653455597 PSO 0.6
73.35996995974415 298.61464466704376 PSO 0.6
77.36913138107646 363.3083235107837 PSO 0.6
74.48694603130986 337.89942990347356 PSO 0.6
77.77697426049254 416.96033814465125 PSO 0.6
73.07557027628455 333.12583023301016 PSO 0.6
67.76163068926482 337.4313282191566 PSO 0.6
72.00054944453059 363.6108721973159 PSO 0.6
76.55811358450467 332.7633579431681 PSO 0.6
71.26262553013625 355.2631541658947 PSO 0.6
60.4284771095328 321.03810156260755 PSO 0.6
79.30028971523214 325.1727758384045 PSO 0.6
61.869833607764015 309.7777510601748 PSO 0.6
69.69522757137062 308.6521162610372 PSO 0.6
71.30828525815691 349.86384938100974 PSO 0.6
76.06730556030256 373.8566026887384 PSO 0.6
58.1280844387662 328.50211982676376 PSO 0.6
79.74435696437583 344.82634991449333 PSO 0.6
76.23835130596053 336.9009350443073 PSO 0.6
73.61805342589241 305.0531715264555 PSO 0.6
62.31921655701271 327.40135728953015 PSO 0.6
78.63555100479455 351.3278904092826 PSO 0.6
80.49947467535172 351.7667653580111 PSO 0.6
66.91070318205459 372.73904970985745 PSO 0.6
94.05027312445003 361.7307826089403 PSO 0.6
83.32226137781284 375.0287072708836 PSO 0.6
72.49171537876926 353.38057797324797 PSO 0.6
70.74304727541669 339.70530145308567 PSO 0.6
73.95769445211121 367.99399601316304 PSO 0.6
78.70786042551995 330.71137494575106 PSO 0.6
82.38184530458938 330.9323698872944 PSO 0.6
74.77806071460276 325.65717141807903 PSO 0.6
69.32059743961142 289.111744741032 PSO 0.6
81.25916023943866 374.6787786574315 PSO 0.6
66.23885476847968 334.31352331784956 PSO 0.6
71.89708147174373 277.3552081153208 PSO 0.6
73.66316340975732 298.30063879084184 PSO 0.6
81.51026436491087 337.1122390574466 PSO 0.6
69.74327342565081 350.74378341117614 PSO 0.6
72.29507834704147 357.3881516125435 PSO 0.6
55.3549627143316 267.1290177659903 PSO 0.6
77.41572753454066 360.5747200155993 PSO 0.6
75.76483360476008 331.14230215840325 PSO 0.6
69.68746204161971 326.9515450932008 PSO 0.6
79.90318030761621 349.203539054866 PSO 0.6
76.32811736416372 329.0974553466459 PSO 0.6
77.08745930324055 342.66180756579627 PSO 0.6
82.52217105229956 353.5448056257378 PSO 0.6
66.57375906312804 316.6124588456254 PSO 0.6
76.66415556951743 324.13313391855525 PSO 0.6
80.14448772163105 357.56028225669445 PSO 0.6
72.1477020003632 356.30206854290736 PSO 0.6
79.42774129956538 317.4593256880739 PSO 0.6
73.49127642464704 354.3441797772497 PSO 0.6
71.1073708307216 370.0332532094361 PSO 0.6
54.23629487371942 328.63454314015524 PSO 0.6
77.90183612368246 361.059975617665 PSO 0.6
77.34004301489712 347.9146251674749 PSO 0.6
73.96860163089124 382.4590998341132 PSO 0.6
72.34817989073879 330.95486269094977 PSO 0.6
81.64587518066074 360.0425110115623 PSO 0.6
69.79620268800537 363.31322069367087 PSO 0.6
79.63064317388053 349.70149512435034 PSO 0.6
73.14984279867659 328.76821922285677 PSO 0.6
85.58742127462729 334.94968168366245 PSO 0.6
65.68371850304347 326.6671985471843 PSO 0.6
71.43137996621103 333.09847150004543 PSO 0.6
68.29870846422658 290.6727973581586 PSO 0.6
67.58670591850638 339.3770097589786 PSO 0.6
74.19258386051173 368.8346345832473 PSO 0.6
82.72092707402885 338.0316310640396 PSO 0.6
79.10855472048178 345.7371422820557 PSO 0.6
72.43859151040212 350.75266752873875 PSO 0.6
70.21637208146154 332.975926564469 PSO 0.6
72.28971137808672 342.89786664908877 PSO 0.6
75.04958039955369 344.21448973340654 PSO 0.6
81.90772749891568 374.8421049414717 PSO 0.6
79.27528572914915 335.7677053695926 PSO 0.6
61.84034356932011 296.10528229877997 PSO 0.6
70.81516549673985 300.33847867016084 PSO 0.6
63.40077966326539 315.7784900915282 PSO 0.6
77.56060126394449 369.6188972219435 PSO 0.6
79.68493825121021 347.3617852067483 PSO 0.6
60.92978795981517 323.26977136358005 PSO 0.6
71.64102831232613 321.1980415080404 PSO 0.6
66.89760188215605 346.5344835728184 PSO 0.6
89.22158227962338 376.0093734775294 PSO 0.6
78.38988161612136 342.5691132343457 PSO 0.6
81.73985814286834 361.73067534781546 PSO 0.6
77.42110154745436 303.33441595304333 PSO 0.6
75.10891287416696 354.5564939314518 PSO 0.6
72.1947017266051 329.89753364786066 PSO 0.6
83.23484561537661 361.11009321825856 PSO 0.6
69.34613522534455 283.23769363440033 PSO 0.6
79.3697020127473 361.1751408084666 PSO 0.6
64.289534094686 302.2414237667492 PSO 0.6
79.3526890512704 353.9218441656671 PSO 0.6
68.51741936037415 317.09789002302944 PSO 0.6
38.400000000000276 390.60000000000537 ICPCP 0.6
46.20000000000039 384.3000000000011 ICPCP 0.6
43.80000000000035 464.30000000001104 ICPCP 0.6
34.30000000000022 397.00000000000415 ICPCP 0.6
73.00000000000013 412.0000000000051 ICPCP 0.6
69.50000000000033 376.400000000001 ICPCP 0.6
81.99999999999962 453.6000000000007 ICPCP 0.6
71.40000000000022 383.7000000000047 ICPCP 0.6
42.90000000000034 443.7000000000152 ICPCP 0.6
63.10000000000063 439.5000000000035 ICPCP 0.6
37.90000000000027 412.1000000000115 ICPCP 0.6
44.40000000000036 440.5000000000098 ICPCP 0.6
58.800000000000566 370.8000000000069 ICPCP 0.6
35.80000000000024 411.2000000000059 ICPCP 0.6
50.20000000000044 376.40000000000407 ICPCP 0.6
57.80000000000055 372.9000000000048 ICPCP 0.6
63.000000000000625 412.70000000000624 ICPCP 0.6
62.40000000000062 455.9000000000055 ICPCP 0.6
55.900000000000524 389.900000000006 ICPCP 0.6
43.50000000000035 418.3000000000099 ICPCP 0.6
42.70000000000034 432.1000000000096 ICPCP 0.6
35.600000000000236 379.5000000000073 ICPCP 0.6
58.90000000000057 385.4000000000071 ICPCP 0.6
39.50000000000029 481.10000000001185 ICPCP 0.6
47.600000000000406 469.6000000000127 ICPCP 0.6
73.00000000000013 424.80000000000194 ICPCP 0.6
31.70000000000018 465.00000000000705 ICPCP 0.6
83.59999999999953 419.60000000000485 ICPCP 0.6
42.70000000000034 435.0000000000098 ICPCP 0.6
44.000000000000355 436.70000000001005 ICPCP 0.6
44.80000000000037 418.6000000000134 ICPCP 0.6
42.10000000000033 394.6000000000086 ICPCP 0.6
39.100000000000286 396.90000000000725 ICPCP 0.6
43.10000000000034 409.7000000000072 ICPCP 0.6
29.000000000000142 369.0000000000049 ICPCP 0.6
90.9999999999991 443.50000000001427 ICPCP 0.6
40.90000000000031 415.8000000000082 ICPCP 0.6
28.80000000000014 345.7000000000019 ICPCP 0.6
36.60000000000025 393.4000000000072 ICPCP 0.6
42.600000000000335 402.8000000000072 ICPCP 0.6
44.20000000000036 437.10000000000895 ICPCP 0.6
34.100000000000215 462.00000000001404 ICPCP 0.6
59.60000000000058 335.5000000000007 ICPCP 0.6
89.99999999999916 446.0000000000217 ICPCP 0.6
82.3999999999996 397.6000000000018 ICPCP 0.6
40.3000000000003 411.70000000001085 ICPCP 0.6
33.70000000000021 444.40000000000964 ICPCP 0.6
41.60000000000032 426.6000000000091 ICPCP 0.6
39.700000000000294 432.5000000000074 ICPCP 0.6
48.900000000000425 432.20000000001085 ICPCP 0.6
32.100000000000186 380.1000000000034 ICPCP 0.6
80.39999999999971 356.1999999999978 ICPCP 0.6
42.40000000000033 445.7000000000093 ICPCP 0.6
56.40000000000053 432.7000000000124 ICPCP 0.6
44.30000000000036 408.0000000000106 ICPCP 0.6
57.70000000000055 422.0000000000082 ICPCP 0.6
75.79999999999997 439.8000000000115 ICPCP 0.6
41.800000000000324 402.90000000000214 ICPCP 0.6
63.600000000000634 402.7000000000029 ICPCP 0.6
89.2999999999992 430.30000000001814 ICPCP 0.6
59.20000000000057 446.39999999999964 ICPCP 0.6
38.400000000000276 425.9000000000101 ICPCP 0.6
58.40000000000056 441.90000000001595 ICPCP 0.6
74.80000000000003 436.90000000001106 ICPCP 0.6
46.50000000000039 450.20000000001187 ICPCP 0.6
38.300000000000274 426.10000000000696 ICPCP 0.6
41.30000000000032 431.3000000000064 ICPCP 0.6
76.69999999999992 390.8000000000098 ICPCP 0.6
43.60000000000035 424.8000000000088 ICPCP 0.6
32.9000000000002 393.1000000000058 ICPCP 0.6
45.90000000000038 445.80000000001127 ICPCP 0.6
44.50000000000036 475.7000000000113 ICPCP 0.6
73.90000000000008 402.50000000000085 ICPCP 0.6
48.60000000000042 411.20000000001227 ICPCP 0.6
41.60000000000032 426.20000000001227 ICPCP 0.6
76.79999999999991 404.80000000001036 ICPCP 0.6
43.900000000000354 424.60000000001025 ICPCP 0.6
64.90000000000059 428.4000000000077 ICPCP 0.6
44.700000000000365 460.20000000001363 ICPCP 0.6
69.10000000000035 420.3000000000008 ICPCP 0.6
37.10000000000026 362.5000000000065 ICPCP 0.6
42.90000000000034 394.70000000000806 ICPCP 0.6
40.90000000000031 390.20000000001 ICPCP 0.6
42.70000000000034 448.3000000000103 ICPCP 0.6
60.30000000000059 433.80000000001417 ICPCP 0.6
42.10000000000033 386.10000000000935 ICPCP 0.6
32.60000000000019 422.40000000000714 ICPCP 0.6
62.80000000000062 418.5000000000073 ICPCP 0.6
74.40000000000005 456.80000000001576 ICPCP 0.6
44.30000000000036 427.90000000001044 ICPCP 0.6
67.60000000000043 426.1000000000033 ICPCP 0.6
40.2000000000003 410.5000000000068 ICPCP 0.6
65.00000000000058 427.00000000001046 ICPCP 0.6
40.90000000000031 407.9000000000074 ICPCP 0.6
82.09999999999961 420.00000000000165 ICPCP 0.6
39.60000000000029 355.0000000000051 ICPCP 0.6
31.100000000000172 463.50000000000955 ICPCP 0.6
58.50000000000056 360.0000000000015 ICPCP 0.6
69.30000000000034 446.20000000000414 ICPCP 0.6
42.70000000000034 420.5000000000109 ICPCP 0.6
56.469732557724114 304.4142634269482 DeepWS 0.8
73.53000500810447 315.1773164154891 DeepWS 0.8
90.15586232348008 370.1174942231593 DeepWS 0.8
79.71185369133748 313.5060931284988 DeepWS 0.8
67.53448308880138 362.18389445214046 DeepWS 0.8
77.75678216685583 341.4919814084719 DeepWS 0.8
75.0569587243582 412.4357088499132 DeepWS 0.8
74.84305453542244 337.71675519534926 DeepWS 0.8
60.82402732570308 335.73709967192724 DeepWS 0.8
78.75436491458058 370.2269804321817 DeepWS 0.8
76.23678780220308 325.6873488666159 DeepWS 0.8
76.56511974418564 370.08739740318913 DeepWS 0.8
67.03750959188609 330.8755278709231 DeepWS 0.8
81.27774952410546 343.80035302845636 DeepWS 0.8
75.11542842123075 325.8411725009329 DeepWS 0.8
65.90007905325658 308.3923185724439 DeepWS 0.8
81.94695594138537 364.0202200546141 DeepWS 0.8
81.58707765346277 374.73702448701226 DeepWS 0.8
63.072889157935954 332.3778289382521 DeepWS 0.8
82.56900535116188 359.962595005468 DeepWS 0.8
71.72327876654755 353.57292720640316 DeepWS 0.8
75.76516551820951 303.67374410567777 DeepWS 0.8
64.90099966544138 323.3240542920851 DeepWS 0.8
86.6576704390648 382.39278713466354 DeepWS 0.8
77.4669166893043 376.66672875860854 DeepWS 0.8
77.23197743432469 381.1316221504398 DeepWS 0.8
84.55728448367489 373.62808436778863 DeepWS 0.8
79.60316452837904 370.40692159609966 DeepWS 0.8
73.99531802575012 348.42025734400295 DeepWS 0.8
78.08799951934427 357.8451759287641 DeepWS 0.8
75.0740578555282 361.9097033754212 DeepWS 0.8
74.90801825313922 321.03304380272635 DeepWS 0.8
81.18344544907362 337.52116425669783 DeepWS 0.8
80.8825772131656 322.57938323929636 DeepWS 0.8
62.18482639783124 279.7664491343456 DeepWS 0.8
84.30166818122224 376.6334630065465 DeepWS 0.8
70.35780957895847 338.20706795498586 DeepWS 0.8
72.94045932233212 272.55089399732543 DeepWS 0.8
68.18852666233973 309.7104268763533 DeepWS 0.8
85.62265597685375 351.9994244667763 DeepWS 0.8
61.80577744491746 340.6438529038971 DeepWS 0.8
79.67037298737314 363.595769289954 DeepWS 0.8
62.008352459079056 287.1111016808076 DeepWS 0.8
75.73806975212976 357.35600193240185 DeepWS 0.8
84.50052266759536 358.70685671966595 DeepWS 0.8
66.33638132167215 321.0584495096727 DeepWS 0.8
78.09455394666944 351.70638307886094 DeepWS 0.8
71.7979061991525 342.09205140791573 DeepWS 0.8
72.30290683539009 342.3172011059482 DeepWS 0.8
74.53667705428924 376.0427817315324 DeepWS 0.8
72.04868696430975 314.7677871184129 DeepWS 0.8
67.55104369876652 332.4663128805979 DeepWS 0.8
75.37251619051266 378.8451123466421 DeepWS 0.8
76.46576180418127 347.3254932528255 DeepWS 0.8
95.72339151059548 357.22932683268925 DeepWS 0.8
80.05001532480092 355.8637423183063 DeepWS 0.8
76.80390551642478 380.57979794794204 DeepWS 0.8
48.07895991418988 318.55752822277896 DeepWS 0.8
83.20350308680737 353.8168188730696 DeepWS 0.8
85.41595771197889 379.5798911052014 DeepWS 0.8
85.56206497348822 378.9347965212695 DeepWS 0.8
75.66543100715242 320.0786238991584 DeepWS 0.8
86.68327762730014 363.45719789345475 DeepWS 0.8
63.79958990593985 375.40316825502384 DeepWS 0.8
74.20749053500288 362.92077463919384 DeepWS 0.8
73.25212421441867 340.6577446095422 DeepWS 0.8
76.39015377974344 333.9368571213804 DeepWS 0.8
63.352784467067146 344.2321756480754 DeepWS 0.8
67.36151639680033 341.133578454693 DeepWS 0.8
66.42520143992672 315.7710518831514 DeepWS 0.8
65.12537326308386 342.8246171902895 DeepWS 0.8
77.8432049632304 378.2108530453453 DeepWS 0.8
86.48361041027455 342.4911520860858 DeepWS 0.8
86.18123579039744 343.01891068542966 DeepWS 0.8
75.03443982609164 346.342775492966 DeepWS 0.8
62.61487587547542 324.314152133115 DeepWS 0.8
74.80057445473828 345.6494096732892 DeepWS 0.8
80.01653004881183 359.4220404080195 DeepWS 0.8
82.29011588992948 389.3057950172703 DeepWS 0.8
71.81234293710955 347.0277609079167 DeepWS 0.8
61.61127988127344 297.0457244483025 DeepWS 0.8
68.27946255564693 313.24316448139115 DeepWS 0.8
59.41837675182388 319.6819079863089 DeepWS 0.8
71.82491284485285 364.3755559899215 DeepWS 0.8
84.86850507276519 368.28462293267955 DeepWS 0.8
55.31632974336998 318.43550465170756 DeepWS 0.8
67.24750464793723 335.4321819627129 DeepWS 0.8
76.22401616927644 347.6379055067219 DeepWS 0.8
92.90315663837177 395.1791091216547 DeepWS 0.8
74.98161355903827 351.54212476791577 DeepWS 0.8
78.83874529908088 357.4848714109538 DeepWS 0.8
74.22817560377091 326.1576673218464 DeepWS 0.8
83.18282392993575 363.28186225098614 DeepWS 0.8
75.01247088784052 342.3840133292417 DeepWS 0.8
75.53006319516115 363.23747466586644 DeepWS 0.8
70.64360899409692 276.1032967061218 DeepWS 0.8
79.93105454711126 359.3186764625001 DeepWS 0.8
64.15878754336268 311.38368783137156 DeepWS 0.8
84.26439443949752 379.7392458811384 DeepWS 0.8
62.35824914589993 332.00289233080696 DeepWS 0.8
81.50006393378713 301.1541296793938 SCS 0.8
81.64198773452891 296.053870771011 SCS 0.8
104.97212513081021 346.8069839337056 SCS 0.8
95.67212629380177 290.4420277162675 SCS 0.8
92.27428480642051 364.55285874551447 SCS 0.8
89.69815516965078 315.1274081554801 SCS 0.8
101.66229719822186 407.9429205483583 SCS 0.8
91.9334348101299 332.15514132570604 SCS 0.8
83.67532046991377 338.3756418312035 SCS 0.8
95.25856394106604 376.233162712625 SCS 0.8
94.52346777833297 325.0009285014978 SCS 0.8
89.99574743600829 349.95140992702966 SCS 0.8
79.08760354979113 312.47936299822624 SCS 0.8
99.39180645704104 325.4525831290979 SCS 0.8
83.5585928663258 315.7089848670757 SCS 0.8
85.78456455824217 292.08640676673167 SCS 0.8
90.59682007424443 351.9376409752604 SCS 0.8
97.79229397079767 373.3601754817148 SCS 0.8
75.42769444561102 325.6497791440739 SCS 0.8
102.19236104735256 334.09133316067846 SCS 0.8
95.09593739631285 340.2518234999063 SCS 0.8
89.05890986626478 289.54664376423534 SCS 0.8
80.08999614601262 304.1910151233865 SCS 0.8
108.53493437548865 356.0175174114362 SCS 0.8
100.8565735780821 329.5686812078056 SCS 0.8
87.59445709979758 379.66811129115746 SCS 0.8
112.92848294545365 349.7473041065485 SCS 0.8
102.07894966715133 371.3866593169316 SCS 0.8
90.78578391139335 340.68446737835586 SCS 0.8
94.87673349416434 338.80995944174157 SCS 0.8
88.35630614743357 352.69734108153324 SCS 0.8
95.20375096697249 323.63241532950855 SCS 0.8
102.42711405225307 323.16423515572336 SCS 0.8
97.2735770220371 314.41041345639826 SCS 0.8
93.72994090127726 286.22016163830614 SCS 0.8
101.69731828668203 354.82342147416944 SCS 0.8
85.77101885434355 327.4053134252768 SCS 0.8
90.22658121971348 277.0614143997274 SCS 0.8
91.98326724947798 306.82101239156435 SCS 0.8
100.20855077661709 331.29989004352467 SCS 0.8
91.48021433236917 336.0358943008422 SCS 0.8
95.48505508723568 359.3239243636884 SCS 0.8
72.86395408286727 266.46350580866016 SCS 0.8
95.68265555922156 359.02959055639195 SCS 0.8
99.09791389083962 326.57502891385826 SCS 0.8
91.57739617475303 313.0077916440155 SCS 0.8
96.41271113218065 335.0768372683664 SCS 0.8
97.20506085676956 331.7649348469274 SCS 0.8
99.44912163693473 324.5188649586665 SCS 0.8
104.53260299517505 343.45121226924056 SCS 0.8
86.21094473417443 305.59795850339333 SCS 0.8
95.30920512482184 311.1663318823963 SCS 0.8
104.77642720860175 350.968276430828 SCS 0.8
90.48914641389665 344.46857285376575 SCS 0.8
104.91547031457459 332.69760809044004 SCS 0.8
89.48511921417983 335.51024413459913 SCS 0.8
90.5674911644383 361.7448164212369 SCS 0.8
69.24318504260532 320.17448014800726 SCS 0.8
97.74765141537722 352.6751195517005 SCS 0.8
99.4825326748507 349.69256894928117 SCS 0.8
93.3679950958951 376.4105695875152 SCS 0.8
97.48423468045041 327.14639623557724 SCS 0.8
99.61530777719112 364.4750560178558 SCS 0.8
84.24410388045413 357.4190093491504 SCS 0.8
104.08713638006685 348.14228411850456 SCS 0.8
96.07321096644647 316.03876445800665 SCS 0.8
104.21808266433958 320.8833579204601 SCS 0.8
85.24682466674477 331.5600079759113 SCS 0.8
92.3065055690654 346.7910580058887 SCS 0.8
88.76617176748884 303.91415823972085 SCS 0.8
91.41809234702369 329.0864291373732 SCS 0.8
94.29419947071102 343.2124665449085 SCS 0.8
106.63467556061026 327.68873062950036 SCS 0.8
97.57525075378415 327.2184098183055 SCS 0.8
90.1841323508421 340.3003523067337 SCS 0.8
90.43273932064336 339.90459647000347 SCS 0.8
87.16425737019297 337.9065578983788 SCS 0.8
101.39655834165825 342.50822656352847 SCS 0.8
103.19059131680551 357.4261502772934 SCS 0.8
101.84706908318411 314.8013171724389 SCS 0.8
76.02765611740693 294.673660361611 SCS 0.8
95.4104777119696 313.95808490915937 SCS 0.8
80.55491865423035 305.06128985713457 SCS 0.8
97.80217859784722 360.8479089703469 SCS 0.8
102.52761784528562 350.09713752332993 SCS 0.8
78.0686104974562 307.1087941801045 SCS 0.8
92.96897042545719 325.6712205714801 SCS 0.8
89.96878624421842 339.949871856276 SCS 0.8
111.45662375203943 377.4500658084022 SCS 0.8
101.50092785041565 338.09902983498444 SCS 0.8
101.02767517779162 347.5099626313031 SCS 0.8
99.91205545216296 307.82620703443416 SCS 0.8
96.43173201875848 345.9843915168221 SCS 0.8
86.75538569555138 341.86111431929754 SCS 0.8
104.373804403806 349.15001691718567 SCS 0.8
89.30037907790958 278.1663868767948 SCS 0.8
102.18168907108337 346.55687960087795 SCS 0.8
85.89727304436137 299.4540104372612 SCS 0.8
103.14146375078259 371.729479746055 SCS 0.8
84.92555566850018 312.00512853485185 SCS 0.8
78.48412304721525 291.33049951327024 PSO 0.8
84.07087717057587 301.3076923909688 PSO 0.8
101.96740248942976 342.67991221255625 PSO 0.8
92.93474973655033 300.7230395228347 PSO 0.8
90.4234032834322 347.3271399190935 PSO 0.8
89.74416895221728 323.4018997074256 PSO 0.8
99.89105510302956 400.7232006716265 PSO 0.8
88.2304348190494 320.98251639552586 PSO 0.8
83.62036337810684 337.0482507962161 PSO 0.8
93.84395878185111 347.4884711431423 PSO 0.8
93.20291010303612 328.9441750494194 PSO 0.8
93.13846274716762 342.50039403960204 PSO 0.8
81.15325039521436 325.562106255797 PSO 0.8
91.74690027157929 317.734791609937 PSO 0.8
77.67124790847379 295.541954468663 PSO 0.8
91.95324476038704 305.3104188768812 PSO 0.8
89.39567011784587 332.6447236193976 PSO 0.8
97.30593354087623 357.85915668323497 PSO 0.8
76.91715506998251 324.7467796371197 PSO 0.8
106.9117427516734 346.01499066956734 PSO 0.8
98.01923691799827 347.4083968447069 PSO 0.8
87.06704821316968 287.08528817490526 PSO 0.8
78.58327365311224 313.0476039202064 PSO 0.8
106.04126574149743 355.88600631017596 PSO 0.8
100.59955821925442 342.8220665477251 PSO 0.8
89.70097043972675 360.64489110349547 PSO 0.8
115.54735891468327 360.3254139410709 PSO 0.8
99.08623451891205 352.8635949389511 PSO 0.8
94.33583968360324 341.3382445980541 PSO 0.8
96.84256931724778 353.1819174234561 PSO 0.8
87.46542280534722 338.76662835406336 PSO 0.8
98.45830694304385 322.08957931186796 PSO 0.8
99.67520207703254 306.3785426910654 PSO 0.8
96.73520130195004 318.84259618876445 PSO 0.8
89.20622325905735 272.24250297366365 PSO 0.8
104.91065021991675 361.4479866114259 PSO 0.8
86.62072563438556 317.3828792328108 PSO 0.8
93.07927692661387 270.67271002451923 PSO 0.8
90.31744265196609 288.7997910744225 PSO 0.8
101.42999605731407 331.1638726813043 PSO 0.8
92.03729767481128 336.3511557313045 PSO 0.8
97.89012095667621 352.98981434208997 PSO 0.8
76.04449217696096 281.1562359499188 PSO 0.8
96.52459637160244 355.6065364309485 PSO 0.8
97.31955704470276 317.48163175664695 PSO 0.8
84.33282634897948 305.1195374062499 PSO 0.8
101.82068018865625 340.0873801138126 PSO 0.8
98.18869068627149 327.57676568445487 PSO 0.8
96.52636604919763 319.36053089696844 PSO 0.8
109.13958094933116 351.6452970670259 PSO 0.8
85.70336491087599 306.73780264521594 PSO 0.8
90.388979761182 307.7182647226203 PSO 0.8
99.77636000797511 358.7511615614408 PSO 0.8
95.39642289561968 350.69725572861256 PSO 0.8
106.21043404650459 318.3572244488008 PSO 0.8
93.13696055908292 343.24887981993015 PSO 0.8
88.46733200570571 358.91276865848823 PSO 0.8
66.43487894707361 319.37966730602545 PSO 0.8
101.75449296037421 341.4026702225997 PSO 0.8
100.05121424381606 353.2683250575053 PSO 0.8
93.89671161661863 369.45354681771056 PSO 0.8
93.6982510905381 323.1912187531567 PSO 0.8
99.57149187247538 357.2015786380555 PSO 0.8
85.09154121007298 345.4895646584054 PSO 0.8
101.32075334673583 336.2418049021848 PSO 0.8
90.98686307067439 318.456795259325 PSO 0.8
108.69213520077585 317.7055825996083 PSO 0.8
87.30689353709869 325.20845853934645 PSO 0.8
92.9192168604563 334.6602591408596 PSO 0.8
82.9312939326762 304.29584695091677 PSO 0.8
93.54090490521861 336.433128136725 PSO 0.8
93.33769853663316 364.5386978025786 PSO 0.8
101.0645580600366 341.8019098446015 PSO 0.8
99.1437317070121 325.6618629999338 PSO 0.8
88.24449009008877 340.3171578718763 PSO 0.8
94.72366429450867 331.49838644298455 PSO 0.8
90.41394294601947 330.1180587904005 PSO 0.8
100.95711550490904 347.64341238424265 PSO 0.8
106.72247871688134 380.1261338968643 PSO 0.8
108.12469042428802 336.18042295047934 PSO 0.8
73.97340223719463 283.89994612413653 PSO 0.8
93.51417078873045 301.1835712129554 PSO 0.8
82.93027050506156 306.77017526502095 PSO 0.8
97.81508977111523 340.2058093426891 PSO 0.8
98.8880198671735 343.2529828619941 PSO 0.8
77.32191550260877 311.896710960081 PSO 0.8
94.38552173619149 325.12886476134634 PSO 0.8
89.60071981769133 338.06155743017007 PSO 0.8
115.08926080369983 382.3767006667768 PSO 0.8
99.21465253435846 323.7761240096287 PSO 0.8
106.66806791436107 350.4794732045774 PSO 0.8
98.40406805616001 305.4752763169715 PSO 0.8
94.02204950162705 337.70398960273343 PSO 0.8
92.12609568832576 331.7359305360208 PSO 0.8
103.42631212777654 348.4111409544748 PSO 0.8
87.85466479493809 276.60466403306424 PSO 0.8
100.10492331611178 343.26159971362733 PSO 0.8
91.26804583373602 293.91125125504027 PSO 0.8
97.47391345960274 352.66723913768874 PSO 0.8
92.05000893856518 317.06896126024503 PSO 0.8
57.80000000000055 384.90000000000794 ICPCP 0.8
52.90000000000048 368.20000000000454 ICPCP 0.8
44.90000000000037 465.7000000000112 ICPCP 0.8
32.50000000000019 396.1000000000043 ICPCP 0.8
75.79999999999997 410.1000000000037 ICPCP 0.8
102.69999999999844 387.0000000000266 ICPCP 0.8
85.99999999999939 467.30000000000524 ICPCP 0.8
70.0000000000003 389.70000000000516 ICPCP 0.8
45.400000000000375 451.80000000001513 ICPCP 0.8
68.3000000000004 437.9000000000169 ICPCP 0.8
32.700000000000195 435.7000000000111 ICPCP 0.8
43.00000000000034 421.5000000000093 ICPCP 0.8
77.59999999999987 384.500000000023 ICPCP 0.8
34.60000000000022 418.2000000000062 ICPCP 0.8
78.19999999999983 367.90000000001976 ICPCP 0.8
55.40000000000052 377.70000000000647 ICPCP 0.8
90.89999999999911 412.0000000000259 ICPCP 0.8
95.59999999999884 444.30000000002724 ICPCP 0.8
70.80000000000025 385.4000000000193 ICPCP 0.8
45.20000000000037 426.1000000000101 ICPCP 0.8
44.40000000000036 421.5000000000089 ICPCP 0.8
36.60000000000025 379.20000000000715 ICPCP 0.8
72.80000000000014 365.5000000000209 ICPCP 0.8
39.9000000000003 472.90000000001163 ICPCP 0.8
36.60000000000025 447.7000000000124 ICPCP 0.8
78.19999999999983 435.1000000000114 ICPCP 0.8
40.2000000000003 471.3000000000088 ICPCP 0.8
77.29999999999988 398.2000000000035 ICPCP 0.8
43.50000000000035 435.80000000001 ICPCP 0.8
46.000000000000384 453.3000000000105 ICPCP 0.8
48.00000000000041 419.90000000001265 ICPCP 0.8
41.00000000000031 404.6000000000088 ICPCP 0.8
37.90000000000027 394.5000000000064 ICPCP 0.8
35.90000000000024 400.20000000000726 ICPCP 0.8
27.900000000000126 375.800000000005 ICPCP 0.8
94.99999999999888 426.6000000000285 ICPCP 0.8
41.70000000000032 432.10000000000815 ICPCP 0.8
30.500000000000163 348.6000000000017 ICPCP 0.8
38.80000000000028 394.9000000000071 ICPCP 0.8
41.800000000000324 400.30000000000695 ICPCP 0.8
42.600000000000335 449.60000000001264 ICPCP 0.8
39.60000000000029 450.20000000001295 ICPCP 0.8
51.60000000000046 331.30000000000075 ICPCP 0.8
91.79999999999906 433.80000000002684 ICPCP 0.8
82.99999999999956 389.6000000000031 ICPCP 0.8
40.60000000000031 413.10000000001224 ICPCP 0.8
32.100000000000186 437.3000000000091 ICPCP 0.8
31.500000000000178 440.70000000001016 ICPCP 0.8
40.0000000000003 434.00000000000716 ICPCP 0.8
42.600000000000335 430.10000000001054 ICPCP 0.8
32.60000000000019 401.7000000000035 ICPCP 0.8
84.0999999999995 358.29999999999706 ICPCP 0.8
45.00000000000037 465.30000000001075 ICPCP 0.8
54.600000000000506 418.50000000001137 ICPCP 0.8
43.40000000000035 401.4000000000105 ICPCP 0.8
89.09999999999921 404.7000000000272 ICPCP 0.8
75.49999999999999 427.6000000000239 ICPCP 0.8
47.3000000000004 397.8000000000128 ICPCP 0.8
97.09999999999876 413.5000000000262 ICPCP 0.8
96.59999999999879 419.5000000000246 ICPCP 0.8
71.10000000000024 463.1000000000174 ICPCP 0.8
41.50000000000032 414.30000000000865 ICPCP 0.8
65.90000000000053 444.30000000001615 ICPCP 0.8
74.60000000000004 419.0000000000237 ICPCP 0.8
45.20000000000037 451.5000000000112 ICPCP 0.8
36.80000000000025 414.5000000000061 ICPCP 0.8
39.000000000000284 412.90000000000623 ICPCP 0.8
80.29999999999971 388.3000000000207 ICPCP 0.8
40.400000000000304 442.70000000001045 ICPCP 0.8
35.00000000000023 411.0000000000061 ICPCP 0.8
43.50000000000035 436.2000000000111 ICPCP 0.8
45.90000000000038 455.10000000001156 ICPCP 0.8
108.49999999999811 398.10000000002515 ICPCP 0.8
45.90000000000038 409.10000000001247 ICPCP 0.8
43.10000000000034 427.10000000001287 ICPCP 0.8
76.29999999999994 396.7000000000234 ICPCP 0.8
39.9000000000003 399.80000000000916 ICPCP 0.8
75.00000000000001 441.10000000001486 ICPCP 0.8
45.60000000000038 468.40000000001345 ICPCP 0.8
73.4000000000001 389.2000000000062 ICPCP 0.8
37.600000000000264 379.700000000008 ICPCP 0.8
41.800000000000324 395.4000000000064 ICPCP 0.8
38.50000000000028 406.0000000000116 ICPCP 0.8
38.70000000000028 439.10000000000974 ICPCP 0.8
62.70000000000062 429.8000000000133 ICPCP 0.8
39.30000000000029 400.2000000000087 ICPCP 0.8
28.600000000000136 453.7000000000064 ICPCP 0.8
92.29999999999903 402.50000000002717 ICPCP 0.8
75.10000000000001 489.100000000016 ICPCP 0.8
43.80000000000035 407.60000000000935 ICPCP 0.8
94.19999999999892 402.30000000002394 ICPCP 0.8
44.20000000000036 403.2000000000076 ICPCP 0.8
65.70000000000054 431.2000000000119 ICPCP 0.8
41.70000000000032 428.60000000000974 ICPCP 0.8
83.49999999999953 428.4000000000031 ICPCP 0.8
40.60000000000031 346.00000000000176 ICPCP 0.8
39.9000000000003 462.2000000000112 ICPCP 0.8
59.10000000000057 357.5000000000013 ICPCP 0.8
79.29999999999977 458.8000000000198 ICPCP 0.8
41.30000000000032 401.9000000000102 ICPCP 0.8
