Makespan cost algorithm alphavalue
72.31799424853715 426.2666955625483 DeepWS 0.2
31.09913768108157 410.72299137592194 DeepWS 0.2
33.617269295522576 401.7580473470973 DeepWS 0.2
15.68450278233446 455.3265853474482 DeepWS 0.2
79.7162682284299 429.36998372790293 DeepWS 0.2
23.086258346830416 455.1128245401017 DeepWS 0.2
26.916622226632754 481.22255027527757 DeepWS 0.2
27.767572821204656 463.12534184513663 DeepWS 0.2
31.057184206437057 464.06666284736116 DeepWS 0.2
96.67161120472615 327.6052407530164 DeepWS 0.2
46.665261714869224 458.33639396139876 DeepWS 0.2
26.021078418572657 382.37057614604515 DeepWS 0.2
99.55741851199501 305.6892058304517 DeepWS 0.2
26.88175865744372 433.9287713253579 DeepWS 0.2
56.918774056056094 418.95475222206653 DeepWS 0.2
81.38023775281607 386.53969652626563 DeepWS 0.2
27.428280890424794 465.096217819696 DeepWS 0.2
30.180363404034004 459.34531854217784 DeepWS 0.2
99.98923204970707 401.12474803214496 DeepWS 0.2
24.478763798399388 460.17480685777406 DeepWS 0.2
20.259587649276384 472.6726806538409 DeepWS 0.2
21.891701390075664 452.6345126862588 DeepWS 0.2
32.38306197167714 482.32428990926826 DeepWS 0.2
26.987679545169303 455.31171341083035 DeepWS 0.2
24.167914022836435 470.42071211613825 DeepWS 0.2
27.86981186902639 447.94813362930785 DeepWS 0.2
16.31467595218956 432.32397296356345 DeepWS 0.2
55.858277852624596 453.2296203365678 DeepWS 0.2
15.14574805316619 405.37607881277114 DeepWS 0.2
30.232063216837126 440.1018023959821 DeepWS 0.2
23.67543421415371 429.0146387128881 DeepWS 0.2
16.20014243072379 408.8200466338931 DeepWS 0.2
94.45905417808027 341.4422579628026 DeepWS 0.2
23.205710233324684 435.10394013928806 DeepWS 0.2
77.09846106605967 390.82052076101246 DeepWS 0.2
28.086787858550494 409.7085738853849 DeepWS 0.2
28.134144082663305 449.1950218093382 DeepWS 0.2
28.833056071792146 476.5257336308017 DeepWS 0.2
24.457634678399597 416.507705350273 DeepWS 0.2
17.50468868279993 388.6528040326304 DeepWS 0.2
125.44223973562472 390.7275471393763 DeepWS 0.2
67.73103494980228 460.1664353155988 DeepWS 0.2
94.2886737505227 323.9954870642896 DeepWS 0.2
23.26853487139489 457.8534840952936 DeepWS 0.2
21.223989910350646 404.9049046582376 DeepWS 0.2
25.32287039180023 406.54195938223796 DeepWS 0.2
22.376363764023544 378.07972444946427 DeepWS 0.2
29.27161020169761 483.38059361438565 DeepWS 0.2
84.44223413510603 404.54989579954787 DeepWS 0.2
30.41725035386057 439.8987434180837 DeepWS 0.2
30.180339070791604 371.61060716223767 DeepWS 0.2
89.62157251302615 277.8259573452108 DeepWS 0.2
67.03268602570473 361.46247632191023 DeepWS 0.2
28.97454587005974 507.3266297189552 DeepWS 0.2
24.348237394218998 405.9639798030205 DeepWS 0.2
57.011290087473185 466.870819437058 DeepWS 0.2
52.361924181351185 385.77797564177325 DeepWS 0.2
17.811302468485504 355.3142617628551 DeepWS 0.2
17.43481354198229 438.00652583179163 DeepWS 0.2
28.924570547879032 459.68750742648814 DeepWS 0.2
130.0336496453959 345.2862818199371 DeepWS 0.2
122.21614631140022 350.2208419981115 DeepWS 0.2
19.39264915261132 476.33383598041087 DeepWS 0.2
28.939388237419582 440.57286110299447 DeepWS 0.2
32.006593608946055 451.234653512818 DeepWS 0.2
25.835637165530898 369.13474305590614 DeepWS 0.2
23.81225385385907 473.44730554776356 DeepWS 0.2
108.52765648881349 334.99720376685485 DeepWS 0.2
85.98526133265241 410.9858647638491 DeepWS 0.2
96.42171846818047 392.6094454163372 DeepWS 0.2
20.10678296374393 417.52806061615775 DeepWS 0.2
19.576566848829433 422.49333896502174 DeepWS 0.2
115.07448440895796 326.82867758087855 DeepWS 0.2
83.79222287505488 394.07613351993984 DeepWS 0.2
15.195002938698421 484.8684250153703 DeepWS 0.2
47.71040031443799 389.1152720240803 DeepWS 0.2
60.367272966183585 413.44553043610875 DeepWS 0.2
78.14815888149451 370.99768620681544 DeepWS 0.2
27.931740945717358 389.81808440744226 DeepWS 0.2
101.66926960385439 369.7610568540098 DeepWS 0.2
32.159444280687104 444.37021767330833 DeepWS 0.2
49.8714347205494 445.3047445230869 DeepWS 0.2
27.684522816331796 433.4070699308237 DeepWS 0.2
102.53521999374516 371.6678274518295 DeepWS 0.2
17.21465320776794 429.25764702286307 DeepWS 0.2
16.257325219754392 388.6192841066345 DeepWS 0.2
29.29241641450951 475.1146294352129 DeepWS 0.2
27.51073349956316 432.8408283562449 DeepWS 0.2
28.600389901152507 479.38609402237455 DeepWS 0.2
24.70939624547023 426.21193663831826 DeepWS 0.2
92.23856105654076 426.7337747687646 DeepWS 0.2
91.77324767521107 404.54595053485457 DeepWS 0.2
19.060124811907286 386.9352868481493 DeepWS 0.2
33.93333780629194 455.24306323963475 DeepWS 0.2
38.359264883903265 395.58876509933214 DeepWS 0.2
24.20420211781085 478.8781300101415 DeepWS 0.2
17.749243236792122 450.27289891149564 DeepWS 0.2
31.79674403658054 507.1211973419308 DeepWS 0.2
25.544749730966792 423.18963782487737 DeepWS 0.2
26.769681054948666 425.67902273517734 DeepWS 0.2
37.61215381766832 389.3443517914851 SCS 0.2
35.155723362575046 381.9758690804388 SCS 0.2
38.37505655858725 349.82017409377465 SCS 0.2
21.967075083768943 407.9667233950473 SCS 0.2
32.06090034027443 422.77359138962225 SCS 0.2
30.55484679255224 444.009231216255 SCS 0.2
32.9463022866825 438.2257387032723 SCS 0.2
34.07702342689993 418.30723763984923 SCS 0.2
36.50128520576028 432.93615730325064 SCS 0.2
30.37225836200826 359.79164024520475 SCS 0.2
35.072131846199774 434.1852139849332 SCS 0.2
30.9533305444596 325.37979013716125 SCS 0.2
26.02794228215805 387.1572451800049 SCS 0.2
34.98127178591441 418.21862469772424 SCS 0.2
34.20594325284791 375.0702941589314 SCS 0.2
31.383874544362882 400.5356711309253 SCS 0.2
33.52904366417046 428.0766322597036 SCS 0.2
35.401764087841144 434.59887420677455 SCS 0.2
27.551150965357614 453.84181192534385 SCS 0.2
32.95505060306979 442.34529263266785 SCS 0.2
24.602961744747468 452.67980802999995 SCS 0.2
28.37691632274406 412.3494344781143 SCS 0.2
38.24711031498593 441.86998696826254 SCS 0.2
33.12180841825785 396.46902740294126 SCS 0.2
28.902067554229845 450.19650207650784 SCS 0.2
33.5038580405954 404.54177344867736 SCS 0.2
24.357519580478105 387.2673114154745 SCS 0.2
34.84480484514388 418.7420856874019 SCS 0.2
20.578902494167654 318.161034437865 SCS 0.2
35.168035069329726 397.1429602923834 SCS 0.2
22.850624526057295 388.23730481864357 SCS 0.2
22.691782986452143 335.9311533984004 SCS 0.2
28.740664169947458 439.85395420093226 SCS 0.2
31.250231855384055 402.39185417646837 SCS 0.2
31.373901631015045 301.5028067933674 SCS 0.2
33.402087662810864 360.73113542230533 SCS 0.2
34.45119414293579 398.38402079398634 SCS 0.2
35.28212837421708 420.15198263691764 SCS 0.2
31.126400878528695 404.2730540864248 SCS 0.2
23.987990507688416 359.3340759089112 SCS 0.2
29.026573180125776 444.86572080532795 SCS 0.2
33.82758622953014 419.6254199041407 SCS 0.2
25.296210636984576 394.0029925071436 SCS 0.2
29.93418900773262 402.37868875955434 SCS 0.2
28.24481191276037 380.25253618546736 SCS 0.2
30.729563909421536 380.39375540337664 SCS 0.2
26.875325693771522 316.05513449195075 SCS 0.2
37.3557132407451 446.0499637313834 SCS 0.2
27.36127223823901 436.2867205081964 SCS 0.2
36.99875080317391 400.19648861343416 SCS 0.2
35.927361999914815 365.5216396325232 SCS 0.2
26.42780371056873 359.7869125907594 SCS 0.2
30.347097093180604 377.8915442606991 SCS 0.2
37.16555753279879 452.9452279765945 SCS 0.2
29.46801704118642 368.1847887484384 SCS 0.2
37.86488156944078 397.6970583723065 SCS 0.2
31.896627147430618 367.268808135149 SCS 0.2
24.751358264167347 364.86847848422866 SCS 0.2
25.952512569965688 410.74982044344574 SCS 0.2
35.00935219633002 426.7445530184683 SCS 0.2
31.39982162931405 424.4746410601524 SCS 0.2
35.80753797652065 428.2273332024368 SCS 0.2
27.63830809217758 417.348655741865 SCS 0.2
33.97858066910405 424.6291491804517 SCS 0.2
38.03110575602802 427.58771150660493 SCS 0.2
30.68208021120514 338.2536663326756 SCS 0.2
30.55499577151709 422.9382218659518 SCS 0.2
31.76233695839852 358.6367076527955 SCS 0.2
34.33160320873049 391.45028110829634 SCS 0.2
29.99223541842924 438.1241299577702 SCS 0.2
25.23925118503876 378.7889008379357 SCS 0.2
25.72404150802476 402.7713426640679 SCS 0.2
27.824246790351015 398.5350679425125 SCS 0.2
26.060010740991977 440.3050986314104 SCS 0.2
23.260382255544627 439.9778170724418 SCS 0.2
30.217657367757546 303.71234603317635 SCS 0.2
45.81982531199064 387.18817738622005 SCS 0.2
40.42171748146357 383.64539471247645 SCS 0.2
30.095750266992987 361.66458909400853 SCS 0.2
29.4496114259871 407.66136918352254 SCS 0.2
30.760658087632834 397.36037949998683 SCS 0.2
32.92354934518219 426.6676883214893 SCS 0.2
31.880214943800407 384.61992925771716 SCS 0.2
27.333485621711105 358.8360139275836 SCS 0.2
24.727064136983294 401.48967908024537 SCS 0.2
23.027733579611557 385.8789911804894 SCS 0.2
35.56435276407549 427.3766934048937 SCS 0.2
26.904410847048116 393.6287998906575 SCS 0.2
35.126927988647864 426.3491257790864 SCS 0.2
29.647079702592187 306.5446326957245 SCS 0.2
30.873311177212432 429.71835325721065 SCS 0.2
37.84271402214383 401.6023775538648 SCS 0.2
23.81243673215049 323.8177871479545 SCS 0.2
31.926945260427214 428.78224254771993 SCS 0.2
34.66091925135091 380.02652414840406 SCS 0.2
29.798636623982848 454.8278852634588 SCS 0.2
27.06294442253354 420.78977934349234 SCS 0.2
40.7188130570553 455.32251236483137 SCS 0.2
31.164980776459096 379.21640014796685 SCS 0.2
33.021923074647724 396.13989634545976 SCS 0.2
91.6463223460284 371.48818903280795 PSO 0.2
66.29910888830783 348.7155535459118 PSO 0.2
66.98291403198371 349.4606493347319 PSO 0.2
52.87756086247557 380.6820047728596 PSO 0.2
71.4415361881831 388.34006367964975 PSO 0.2
67.41427428635019 364.60639998335904 PSO 0.2
78.28648825155864 378.5282854427095 PSO 0.2
54.24401052237824 390.26147247518475 PSO 0.2
86.36176800714179 396.8608520920893 PSO 0.2
52.09807132575762 354.5950794184422 PSO 0.2
58.17025604307535 389.3776482868821 PSO 0.2
76.16575142341422 308.3389736691957 PSO 0.2
73.77717291360055 335.9547141510837 PSO 0.2
71.05148387639903 370.747649301236 PSO 0.2
33.86263585045936 384.4145549142151 PSO 0.2
67.18444760337555 360.10919296998213 PSO 0.2
79.41633016816365 383.28508376311197 PSO 0.2
83.12774472606641 396.39155288637636 PSO 0.2
50.65437448911321 376.89821220824103 PSO 0.2
87.31399420352986 402.01411140261524 PSO 0.2
72.32744389395518 412.8329672175707 PSO 0.2
75.8751158450656 378.3237271989628 PSO 0.2
93.8303544047001 385.4223013954395 PSO 0.2
64.05108896565689 377.55099898178395 PSO 0.2
56.64554358304156 377.4864698182125 PSO 0.2
81.09271572626851 363.3717969864467 PSO 0.2
65.67012616590895 357.10138785342235 PSO 0.2
94.24522640105718 379.8198445735418 PSO 0.2
52.85752780611876 327.10407846031774 PSO 0.2
75.4012214786323 359.25127510386375 PSO 0.2
80.49761697401959 365.8865636405652 PSO 0.2
52.45851738351945 344.63557483163 PSO 0.2
58.37757201565941 382.3309445538056 PSO 0.2
71.61701698531851 360.4865856738458 PSO 0.2
77.19198288222557 337.67496055997253 PSO 0.2
55.071410068133225 355.0105659860955 PSO 0.2
70.02300431367539 359.26507679783447 PSO 0.2
65.35114337999455 393.0384746138374 PSO 0.2
63.68633676709341 367.6113638145923 PSO 0.2
67.99076067136244 328.36130464196316 PSO 0.2
69.98663915782916 413.910051467312 PSO 0.2
58.897556195248335 382.97884905340624 PSO 0.2
59.06853561905306 341.5370684305226 PSO 0.2
28.61233177649506 391.46904192202413 PSO 0.2
69.90888260013463 332.80431698817995 PSO 0.2
67.0960727711297 351.6270535349463 PSO 0.2
65.61309244602899 312.7919716689986 PSO 0.2
90.33085838470787 382.79257320986574 PSO 0.2
53.53445310894257 380.8784312245219 PSO 0.2
85.86305684418507 368.196638279902 PSO 0.2
90.06846442785957 322.2801639105351 PSO 0.2
51.067533214695594 308.0969523057598 PSO 0.2
54.352255695299746 328.46874661485475 PSO 0.2
76.6806829817969 420.5288738999043 PSO 0.2
53.513135656088195 367.5166437105015 PSO 0.2
101.02072147725059 393.186467207265 PSO 0.2
54.30571794779845 353.21963445206217 PSO 0.2
43.09185444756596 318.9811853920357 PSO 0.2
64.22147087145991 353.45897767200444 PSO 0.2
56.10198831608193 386.13598314823315 PSO 0.2
50.80277166295211 369.00510042834 PSO 0.2
90.89228852082991 347.92730536906447 PSO 0.2
54.13397900057451 383.9888249908561 PSO 0.2
81.056261169613 387.94767498276474 PSO 0.2
63.678909938208186 379.59932125163743 PSO 0.2
58.63126312910318 329.35562095774395 PSO 0.2
83.18944971731135 378.5423161546773 PSO 0.2
82.56959240228414 310.34964917844445 PSO 0.2
93.95150516974947 368.4121089585058 PSO 0.2
68.13293714583874 380.43196069274194 PSO 0.2
44.64269720996076 329.75660293309187 PSO 0.2
55.81265658440093 337.41171242016753 PSO 0.2
78.92394999285906 343.4343439753248 PSO 0.2
58.70354562303118 393.5647870473048 PSO 0.2
47.03060142281162 416.43792794922336 PSO 0.2
62.96639163855703 353.16534386163454 PSO 0.2
104.93359496499377 377.33951933234 PSO 0.2
94.82112886611876 325.41720689228845 PSO 0.2
48.47939251345407 331.79051718755625 PSO 0.2
69.07647875162439 345.2343308314403 PSO 0.2
58.034447740021506 353.41718445467217 PSO 0.2
78.50987618454784 396.0913400829363 PSO 0.2
54.39270281550773 367.66236315644454 PSO 0.2
57.18017205868383 365.9962714676335 PSO 0.2
78.95369073510105 363.3775002455427 PSO 0.2
48.53940466565627 327.36208970894467 PSO 0.2
97.55339486421514 382.63560036725534 PSO 0.2
66.40244046815836 378.9499271208717 PSO 0.2
70.52524643069813 410.0154457028266 PSO 0.2
56.25394049550928 339.0286296054378 PSO 0.2
62.16807643225312 391.4344697228418 PSO 0.2
58.02252624184614 380.9713030837462 PSO 0.2
63.88577626373761 302.01470807794874 PSO 0.2
71.7155674389136 382.80500181324186 PSO 0.2
98.08866599427384 343.11051357594613 PSO 0.2
62.76699660812109 384.9244873175667 PSO 0.2
60.74259430503972 365.1278794578402 PSO 0.2
86.1499298263212 414.32417557905194 PSO 0.2
65.58623059355045 361.1427826786795 PSO 0.2
68.30097242682076 378.19766937493273 PSO 0.2
74.50000000000004 430.2000000000128 ICPCP 0.2
68.1000000000004 422.4999999999991 ICPCP 0.2
69.20000000000034 382.3000000000065 ICPCP 0.2
34.00000000000021 399.200000000004 ICPCP 0.2
37.20000000000026 445.499999999996 ICPCP 0.2
38.00000000000027 423.9000000000062 ICPCP 0.2
52.00000000000047 428.49999999999176 ICPCP 0.2
59.30000000000057 420.60000000000406 ICPCP 0.2
55.200000000000514 460.2000000000069 ICPCP 0.2
60.30000000000059 376.6000000000004 ICPCP 0.2
47.600000000000406 453.19999999999726 ICPCP 0.2
62.900000000000624 357.5000000000014 ICPCP 0.2
33.2000000000002 384.79999999999626 ICPCP 0.2
41.00000000000031 415.3999999999994 ICPCP 0.2
40.80000000000031 404.19999999999396 ICPCP 0.2
45.60000000000038 441.5000000000038 ICPCP 0.2
54.80000000000051 457.0000000000064 ICPCP 0.2
55.80000000000052 421.4000000000012 ICPCP 0.2
39.30000000000029 457.40000000000646 ICPCP 0.2
57.00000000000054 423.600000000006 ICPCP 0.2
36.70000000000025 481.30000000000695 ICPCP 0.2
37.30000000000026 430.3 ICPCP 0.2
69.80000000000031 439.4000000000171 ICPCP 0.2
51.60000000000046 426.2000000000046 ICPCP 0.2
35.90000000000024 433.59999999999707 ICPCP 0.2
35.70000000000024 408.5999999999938 ICPCP 0.2
27.700000000000124 409.40000000000333 ICPCP 0.2
48.00000000000041 407.8999999999942 ICPCP 0.2
27.40000000000012 369.60000000000326 ICPCP 0.2
51.90000000000047 423.800000000003 ICPCP 0.2
33.1000000000002 412.7999999999915 ICPCP 0.2
25.600000000000094 375.3000000000013 ICPCP 0.2
37.000000000000256 411.99999999999875 ICPCP 0.2
34.50000000000022 424.100000000005 ICPCP 0.2
35.10000000000023 370.6000000000029 ICPCP 0.2
33.70000000000021 388.80000000000086 ICPCP 0.2
39.000000000000284 429.80000000000194 ICPCP 0.2
37.50000000000026 439.29999999999995 ICPCP 0.2
65.90000000000053 382.4000000000089 ICPCP 0.2
47.400000000000404 366.80000000000103 ICPCP 0.2
36.40000000000025 463.0999999999926 ICPCP 0.2
43.60000000000035 476.6000000000066 ICPCP 0.2
31.200000000000173 365.0999999999956 ICPCP 0.2
55.200000000000514 395.2000000000055 ICPCP 0.2
56.30000000000053 368.39999999999935 ICPCP 0.2
60.40000000000059 408.7999999999982 ICPCP 0.2
27.200000000000117 392.50000000000097 ICPCP 0.2
52.00000000000047 448.1000000000053 ICPCP 0.2
30.700000000000166 423.60000000000235 ICPCP 0.2
62.60000000000062 399.4999999999957 ICPCP 0.2
65.50000000000055 333.79999999999774 ICPCP 0.2
31.500000000000178 353.9000000000058 ICPCP 0.2
43.70000000000035 377.5999999999978 ICPCP 0.2
63.80000000000064 456.2000000000002 ICPCP 0.2
60.00000000000058 418.30000000000626 ICPCP 0.2
68.00000000000041 433.40000000001953 ICPCP 0.2
36.300000000000246 407.20000000000226 ICPCP 0.2
42.80000000000034 340.9999999999992 ICPCP 0.2
23.20000000000006 417.8999999999989 ICPCP 0.2
63.30000000000063 418.4000000000128 ICPCP 0.2
30.000000000000156 404.19999999999663 ICPCP 0.2
57.10000000000054 414.99999999999443 ICPCP 0.2
31.70000000000018 437.5000000000006 ICPCP 0.2
43.900000000000354 439.50000000000495 ICPCP 0.2
59.20000000000057 390.90000000000174 ICPCP 0.2
50.60000000000045 353.3000000000026 ICPCP 0.2
34.40000000000022 428.6999999999945 ICPCP 0.2
49.10000000000043 353.6000000000062 ICPCP 0.2
51.100000000000456 429.70000000000516 ICPCP 0.2
39.20000000000029 450.9000000000073 ICPCP 0.2
25.800000000000097 402.89999999999833 ICPCP 0.2
30.90000000000017 384.39999999999617 ICPCP 0.2
28.20000000000013 413.8999999999968 ICPCP 0.2
23.700000000000067 458.8000000000009 ICPCP 0.2
20.100000000000016 488.7999999999996 ICPCP 0.2
35.00000000000023 368.399999999999 ICPCP 0.2
50.300000000000445 417.9000000000055 ICPCP 0.2
78.89999999999979 356.19999999999345 ICPCP 0.2
31.60000000000018 378.70000000000874 ICPCP 0.2
43.900000000000354 447.9000000000067 ICPCP 0.2
38.10000000000027 431.60000000001094 ICPCP 0.2
43.10000000000034 450.10000000000593 ICPCP 0.2
60.60000000000059 387.70000000001124 ICPCP 0.2
28.80000000000014 413.2999999999979 ICPCP 0.2
35.20000000000023 394.00000000000193 ICPCP 0.2
29.800000000000153 356.0999999999977 ICPCP 0.2
43.80000000000035 465.2000000000051 ICPCP 0.2
45.50000000000038 407.90000000000435 ICPCP 0.2
45.50000000000038 479.2000000000014 ICPCP 0.2
67.70000000000043 381.30000000000985 ICPCP 0.2
55.50000000000052 451.10000000000304 ICPCP 0.2
44.80000000000037 419.09999999999127 ICPCP 0.2
42.500000000000334 360.10000000000076 ICPCP 0.2
37.20000000000026 446.99999999999295 ICPCP 0.2
53.30000000000049 387.9000000000028 ICPCP 0.2
40.90000000000031 441.3000000000097 ICPCP 0.2
36.900000000000254 424.9999999999992 ICPCP 0.2
68.2000000000004 475.5000000000077 ICPCP 0.2
33.80000000000021 389.0000000000005 ICPCP 0.2
47.600000000000406 417.7000000000015 ICPCP 0.2
42.86317587046291 373.3107537768237 DeepWS 0.4
41.17889046354959 363.99380795464947 DeepWS 0.4
46.14829716603747 339.13193032335005 DeepWS 0.4
26.407938653913874 368.6533421446822 DeepWS 0.4
37.5466876616691 405.0306151673876 DeepWS 0.4
37.864076272596876 402.96997605481863 DeepWS 0.4
38.38953321104438 382.9382779184494 DeepWS 0.4
43.63988058051416 384.4681165547508 DeepWS 0.4
43.37301318157754 397.6977249555493 DeepWS 0.4
38.25760592278089 354.9148871165757 DeepWS 0.4
43.114735180498926 411.5482163011869 DeepWS 0.4
34.568323990223384 300.8642035185332 DeepWS 0.4
29.295454113039046 338.47670838561373 DeepWS 0.4
40.98876379541869 354.34801858300636 DeepWS 0.4
39.689322293691276 373.01607361951596 DeepWS 0.4
35.3289838318415 372.43505328637343 DeepWS 0.4
40.49994431293006 393.2185521230082 DeepWS 0.4
39.518391251450886 378.4299159091151 DeepWS 0.4
32.05048285619074 404.4065804071575 DeepWS 0.4
39.77662694822135 420.75124225259873 DeepWS 0.4
29.44712846411917 412.3850359804683 DeepWS 0.4
36.39714057319886 386.97543256943646 DeepWS 0.4
45.45349269222569 419.3143665072114 DeepWS 0.4
40.95138843542707 386.7900624251885 DeepWS 0.4
35.972595360617355 403.41742622147814 DeepWS 0.4
38.458365017954975 372.902529117882 DeepWS 0.4
27.84878038564991 344.89611913097895 DeepWS 0.4
42.78059682185177 398.66486217181057 DeepWS 0.4
27.301827547504317 332.29961603871726 DeepWS 0.4
44.51157787385743 387.4059143109462 DeepWS 0.4
28.07123290690835 366.61164751390925 DeepWS 0.4
28.0572695267847 354.2260445990151 DeepWS 0.4
32.79851428609463 374.9091974202215 DeepWS 0.4
37.05415621879321 366.8982687015387 DeepWS 0.4
38.31220390825884 353.8999254872545 DeepWS 0.4
42.95421482849292 368.2204248002574 DeepWS 0.4
39.28820860420004 367.17595114053256 DeepWS 0.4
42.99485334196446 401.30868816624735 DeepWS 0.4
35.29551047145633 354.3202274361827 DeepWS 0.4
27.42389542948897 333.369704417393 DeepWS 0.4
34.5442295710539 406.85028732522846 DeepWS 0.4
40.645967510074954 397.6395798229504 DeepWS 0.4
34.66820309549818 363.6470017141719 DeepWS 0.4
35.51814142964617 373.3143910849318 DeepWS 0.4
33.76051173857094 340.0146687607466 DeepWS 0.4
36.058820185593355 361.93401381960496 DeepWS 0.4
31.77958886224735 318.70579740920465 DeepWS 0.4
43.81803104301939 423.49983530621984 DeepWS 0.4
31.298816110080644 382.920786198963 DeepWS 0.4
44.308880964751495 369.30037258267316 DeepWS 0.4
42.55428831488676 329.7150123053039 DeepWS 0.4
32.045241243455024 319.14567453696196 DeepWS 0.4
36.532587767748446 346.26161102543415 DeepWS 0.4
44.46560639552639 447.5426316347711 DeepWS 0.4
36.07336441173931 361.698068157719 DeepWS 0.4
45.78381490136915 408.9127106324187 DeepWS 0.4
37.57849656235263 353.3671530257889 DeepWS 0.4
28.557280622512813 309.77338290506543 DeepWS 0.4
29.641600668807328 374.2249597121368 DeepWS 0.4
40.95624794648972 373.5743427647936 DeepWS 0.4
37.786482524302194 375.912992811463 DeepWS 0.4
41.400145539103086 378.46819616807556 DeepWS 0.4
32.273818170662146 383.0086427971295 DeepWS 0.4
40.89984174177761 397.10528769135175 DeepWS 0.4
45.07726363152156 406.6434858232622 DeepWS 0.4
36.1072638670889 323.59612230770534 DeepWS 0.4
36.66388639390084 387.0369976817166 DeepWS 0.4
37.864057005728604 326.08179039323755 DeepWS 0.4
41.5105641507478 382.9633107919772 DeepWS 0.4
36.89202754850274 386.9900003029981 DeepWS 0.4
31.031082088252543 341.72776693136825 DeepWS 0.4
29.05754232188442 341.2720947345988 DeepWS 0.4
31.750275558174202 351.08720504674193 DeepWS 0.4
31.146140719675888 382.3486919458188 DeepWS 0.4
28.490205849921136 414.2176727335109 DeepWS 0.4
35.25829200640174 336.2661814393332 DeepWS 0.4
55.61698576464394 386.5759857160163 DeepWS 0.4
47.018874837916385 337.5626382640926 DeepWS 0.4
34.44804817429029 321.2554997490006 DeepWS 0.4
36.77707340919354 372.6624042192754 DeepWS 0.4
36.62784284419215 377.31682539826335 DeepWS 0.4
38.14169883824193 404.37824867918266 DeepWS 0.4
41.53009818829192 385.18883374734907 DeepWS 0.4
34.00913372871902 363.5846623481289 DeepWS 0.4
28.493616972343208 358.41673584702113 DeepWS 0.4
27.55065108660616 336.0582797468421 DeepWS 0.4
41.43885625759069 390.07263472221945 DeepWS 0.4
31.95874035550731 381.7950192203922 DeepWS 0.4
42.74615292760457 406.04994402820677 DeepWS 0.4
35.27754784076463 364.16985075018493 DeepWS 0.4
38.159072684960975 404.03559499684775 DeepWS 0.4
47.21143724524897 394.7338048522315 DeepWS 0.4
32.15210894829401 326.0199602997519 DeepWS 0.4
39.96290958099019 406.9825611289032 DeepWS 0.4
41.910721383019535 363.284992089029 DeepWS 0.4
35.510548609585506 398.94959075471695 DeepWS 0.4
30.98833425791698 369.8168766007138 DeepWS 0.4
49.36975243671511 425.9478674256815 DeepWS 0.4
38.5855413984851 365.8968969935602 DeepWS 0.4
38.89355273270817 369.14782736025916 DeepWS 0.4
63.52158744506765 392.87954433613095 SCS 0.4
59.07081182790044 380.27498137743424 SCS 0.4
64.54400879701966 329.3280062581236 SCS 0.4
36.66389176469089 333.7733594991225 SCS 0.4
52.673121619353104 385.32001111780903 SCS 0.4
49.58476335130839 374.73183315272996 SCS 0.4
54.79286418675603 402.56859030953404 SCS 0.4
57.207372392246356 399.84926924610016 SCS 0.4
61.20154492185283 394.0651831625872 SCS 0.4
51.386309783407505 363.90579993635345 SCS 0.4
58.44285224342785 390.75836269442823 SCS 0.4
51.92198006225561 327.308344541079 SCS 0.4
43.99444179745356 375.5082265286761 SCS 0.4
57.98469290621077 384.6695764611846 SCS 0.4
57.152011658490245 388.4961253647549 SCS 0.4
51.399942524840824 362.7150706135677 SCS 0.4
56.04089964250594 431.7194693509992 SCS 0.4
57.55410658544157 406.7589966401515 SCS 0.4
44.90863395293751 427.9922089854562 SCS 0.4
54.85925700297075 403.76526707490757 SCS 0.4
41.23661063221359 430.44673544964604 SCS 0.4
47.960119863153295 387.9391503950055 SCS 0.4
62.83361333744172 424.59039422250964 SCS 0.4
54.964047111330224 381.68930296556914 SCS 0.4
49.05060703690411 371.03165038123433 SCS 0.4
55.59821447143749 340.11135039278673 SCS 0.4
39.86341022324822 317.2842342593774 SCS 0.4
57.346200566586646 388.89396801161683 SCS 0.4
34.45994211906808 307.37869566090285 SCS 0.4
59.091143646296025 339.8900125499016 SCS 0.4
38.80431948534533 400.58629241061277 SCS 0.4
38.96041872056958 325.32988270916235 SCS 0.4
47.64386646605021 395.40425437016233 SCS 0.4
51.38618703729153 354.2381187983106 SCS 0.4
52.99574276227526 324.2306320311876 SCS 0.4
55.39366861213931 346.4838737662474 SCS 0.4
56.93461631880194 370.5983222442378 SCS 0.4
59.88061543262981 416.68135748241286 SCS 0.4
51.1227322812439 359.4396278299084 SCS 0.4
40.17461399698931 353.55128072677667 SCS 0.4
48.26231156219167 428.72849234527666 SCS 0.4
56.9523534191165 413.51219678587273 SCS 0.4
42.06763738630693 386.814490277129 SCS 0.4
50.05897895060017 368.6974060573814 SCS 0.4
46.93634760930676 351.39263598704224 SCS 0.4
51.4759355531997 347.7076356089165 SCS 0.4
44.80835384292264 327.35493172951954 SCS 0.4
61.63904495034749 437.12355521730404 SCS 0.4
44.447808926982546 339.4690676322651 SCS 0.4
63.06532102279005 380.3619858732818 SCS 0.4
60.24555851870267 337.5007834034676 SCS 0.4
42.59398282398754 328.2716058908905 SCS 0.4
50.07579806471295 347.86092268081995 SCS 0.4
62.31231682524657 402.52392900410666 SCS 0.4
48.967957618629306 331.2147292791016 SCS 0.4
63.4052084287201 389.4745453988699 SCS 0.4
53.95548860582771 341.82085368100525 SCS 0.4
39.60753544979615 270.6402605154188 SCS 0.4
42.801417235879356 359.3008306584288 SCS 0.4
58.00976512813839 399.6734385702917 SCS 0.4
51.25266328806703 363.7893674408271 SCS 0.4
58.94635230760515 391.8462605591398 SCS 0.4
44.05299519828851 383.1284849098204 SCS 0.4
56.99028947395605 398.6684480412268 SCS 0.4
61.269079252094016 400.8058974409449 SCS 0.4
51.35827372458874 323.04911727592327 SCS 0.4
50.319568766170676 396.59617161160935 SCS 0.4
52.498620574964015 302.8338949052827 SCS 0.4
57.16588230487558 356.4842790334794 SCS 0.4
50.86890046891503 403.2410136933024 SCS 0.4
41.90737241833626 367.27530590851114 SCS 0.4
41.64319199301969 346.57345366190043 SCS 0.4
45.32636867743775 351.56681948362314 SCS 0.4
43.73434299824687 409.0102344905275 SCS 0.4
39.422338580858934 393.2026788090705 SCS 0.4
50.90474188994652 345.22051847658275 SCS 0.4
76.21119043366464 356.4976224781867 SCS 0.4
66.31286455594757 369.0433698485059 SCS 0.4
48.85848565373771 339.9867058192866 SCS 0.4
48.0288738994303 376.9108160918651 SCS 0.4
49.480975052563 325.72582365715704 SCS 0.4
53.87600618773155 353.90172899594694 SCS 0.4
53.84551353827474 386.52720417472284 SCS 0.4
45.80905220467222 357.53659000409897 SCS 0.4
41.847028374270884 380.93481873491936 SCS 0.4
38.544256988959766 357.0166138651726 SCS 0.4
59.795204911697326 380.26535105704795 SCS 0.4
45.18963902119513 371.6941372910132 SCS 0.4
58.836076347520454 395.3850763581081 SCS 0.4
50.1812875204607 348.21720215881305 SCS 0.4
52.56426819616801 410.9967497966188 SCS 0.4
63.46884835293089 402.00954311793885 SCS 0.4
39.59656735660768 280.22749468783076 SCS 0.4
54.51536138144085 427.6765098406944 SCS 0.4
58.040991327886076 328.57639196211176 SCS 0.4
48.61457882662328 391.3869371973376 SCS 0.4
44.55842089856887 391.85282898002913 SCS 0.4
68.0626747769542 434.2073271111455 SCS 0.4
51.705968259805324 336.4314086690198 SCS 0.4
53.93875729285393 361.95489220740694 SCS 0.4
61.56597272022437 358.12902446859584 PSO 0.4
57.756935322414925 347.1037164400235 PSO 0.4
59.91820235450816 304.7508428205543 PSO 0.4
34.86045553872926 345.01111694131527 PSO 0.4
53.37374625453014 380.62536972271243 PSO 0.4
49.309531499441924 366.2472404599891 PSO 0.4
51.806468906361005 373.0553076962431 PSO 0.4
56.052001854889916 360.4084240017146 PSO 0.4
60.08639411752779 385.4799440074872 PSO 0.4
49.65612381091817 319.44417126395354 PSO 0.4
62.242522851876195 391.7271292837067 PSO 0.4
53.83470779857152 300.65424801148384 PSO 0.4
42.02128396775569 312.71798131036684 PSO 0.4
56.843264985440356 332.5797012887218 PSO 0.4
56.065626073554164 348.5200570783224 PSO 0.4
51.69705149069514 352.3728440083537 PSO 0.4
54.54550138922095 359.2821244272958 PSO 0.4
56.65300687065748 363.7998104278088 PSO 0.4
44.178713087126084 363.32197860045255 PSO 0.4
54.9798978829267 377.80988076244097 PSO 0.4
42.91938969280682 406.94741975608326 PSO 0.4
45.24625529745748 342.4787254519468 PSO 0.4
58.01011505643467 370.20562818147096 PSO 0.4
54.225284043843565 354.71490437477416 PSO 0.4
47.00081172313777 368.55461411113583 PSO 0.4
54.02605445809335 356.75443553647693 PSO 0.4
38.31954419289477 337.3852637161059 PSO 0.4
59.441676563621286 384.45406321834884 PSO 0.4
35.116182516641146 301.10155029806515 PSO 0.4
60.49917152109592 357.8015648607345 PSO 0.4
37.53932605096053 342.49429815288363 PSO 0.4
38.04376374736732 327.6713169360039 PSO 0.4
48.01688019192854 358.56774346487623 PSO 0.4
50.131667530274754 348.163785297737 PSO 0.4
50.03249189435442 323.2221468545559 PSO 0.4
56.393723977473 316.5466446046286 PSO 0.4
55.66880132935312 352.4512396105574 PSO 0.4
60.204150497312604 377.2722379281669 PSO 0.4
47.57492806998082 332.9587356905406 PSO 0.4
41.22341681028129 305.37354593755794 PSO 0.4
48.16088181824824 393.1349069575864 PSO 0.4
59.155776505428186 386.1370559671483 PSO 0.4
43.91556455167334 326.1345723790262 PSO 0.4
47.81706200071094 345.5652439933213 PSO 0.4
45.749471770570466 322.6612040822526 PSO 0.4
49.098584449585275 322.3175380976288 PSO 0.4
45.30863430902952 303.5381262981579 PSO 0.4
61.824989572720256 389.7282802583134 PSO 0.4
42.786021692879636 349.20858897861683 PSO 0.4
65.98119652720965 365.8594062784264 PSO 0.4
57.45949791458847 295.55927127667616 PSO 0.4
41.26470476267965 283.82246915948036 PSO 0.4
47.557998550538194 311.64675107660565 PSO 0.4
58.372543386198956 405.73592625683864 PSO 0.4
50.69633116871109 324.7810395000083 PSO 0.4
57.626961926559645 359.190169238077 PSO 0.4
51.17722580435074 325.745802138609 PSO 0.4
40.52182594986365 278.45603493576186 PSO 0.4
41.82675935184941 347.8219729608817 PSO 0.4
53.486809721179185 347.84513583851833 PSO 0.4
49.32086457400912 343.90162047042253 PSO 0.4
57.64752728210131 356.05498871254076 PSO 0.4
44.91421514918508 362.2377269411788 PSO 0.4
55.03416625718582 355.37017614057896 PSO 0.4
60.103457040897254 360.7376368862209 PSO 0.4
51.20117504256325 313.26243092557115 PSO 0.4
49.91201485283662 359.73147162359464 PSO 0.4
53.31057693062381 312.3693714910311 PSO 0.4
56.243494175958205 352.68647813411667 PSO 0.4
49.789097414640636 358.4194606240187 PSO 0.4
42.274072793734064 324.222825934299 PSO 0.4
41.6111094801868 321.44728517599964 PSO 0.4
45.92270518859452 343.70956543487165 PSO 0.4
48.28479354474417 385.0648458088145 PSO 0.4
38.170791278750954 380.21816194300186 PSO 0.4
50.142308107300934 327.9064105703826 PSO 0.4
74.89553394737473 342.4356290903926 PSO 0.4
63.38119433902642 317.9280640059524 PSO 0.4
47.51516720301097 303.6679696161352 PSO 0.4
47.422912605272664 342.95821766830693 PSO 0.4
48.90583876139521 350.13009749096204 PSO 0.4
53.54644835347902 367.83852176246626 PSO 0.4
52.320992636034845 344.0429354222128 PSO 0.4
44.515399316350795 340.1180347579856 PSO 0.4
41.6206024404973 338.11635283298665 PSO 0.4
36.70126818777221 311.5264922871911 PSO 0.4
57.052236830440606 381.4768334521212 PSO 0.4
43.55753040168581 358.0831318400086 PSO 0.4
60.388146400521954 388.8675792905401 PSO 0.4
49.924648981740035 332.76050449363703 PSO 0.4
50.80795628082145 367.50671710612744 PSO 0.4
64.74153366135891 362.3414638260551 PSO 0.4
39.67918792959066 295.17715676628046 PSO 0.4
50.07071346203075 386.7078975777431 PSO 0.4
59.07480015647044 327.93355228759475 PSO 0.4
48.96102420670864 375.33223602333027 PSO 0.4
44.408467714805354 354.65365849879964 PSO 0.4
66.85545146690237 383.34639928940516 PSO 0.4
49.307287213090916 331.35200595517364 PSO 0.4
55.84650500282676 360.33773957586726 PSO 0.4
81.29999999999966 365.09999999999843 ICPCP 0.4
94.99999999999888 352.20000000001295 ICPCP 0.4
86.49999999999936 364.70000000000226 ICPCP 0.4
37.700000000000266 363.09999999999644 ICPCP 0.4
55.10000000000051 404.0999999999941 ICPCP 0.4
60.40000000000059 400.70000000000914 ICPCP 0.4
78.99999999999979 399.40000000001567 ICPCP 0.4
92.49999999999902 395.90000000001356 ICPCP 0.4
82.69999999999958 396.3000000000008 ICPCP 0.4
54.0000000000005 355.79999999999677 ICPCP 0.4
73.80000000000008 406.80000000001166 ICPCP 0.4
81.59999999999964 313.09999999999786 ICPCP 0.4
49.700000000000436 343.29999999999853 ICPCP 0.4
63.600000000000634 366.29999999999075 ICPCP 0.4
68.40000000000039 362.1000000000009 ICPCP 0.4
64.90000000000059 363.3999999999993 ICPCP 0.4
83.79999999999951 384.79999999999455 ICPCP 0.4
70.60000000000026 420.4000000000155 ICPCP 0.4
53.100000000000485 393.5000000000017 ICPCP 0.4
83.39999999999954 394.20000000001136 ICPCP 0.4
50.10000000000044 415.9999999999993 ICPCP 0.4
56.40000000000053 392.500000000003 ICPCP 0.4
81.89999999999962 399.9000000000143 ICPCP 0.4
67.20000000000046 377.0999999999986 ICPCP 0.4
69.20000000000034 379.19999999999834 ICPCP 0.4
77.29999999999988 376.79999999999956 ICPCP 0.4
62.70000000000062 365.80000000000297 ICPCP 0.4
71.90000000000019 380.1000000000044 ICPCP 0.4
51.40000000000046 327.90000000000134 ICPCP 0.4
89.99999999999916 372.50000000000074 ICPCP 0.4
56.700000000000536 369.60000000000923 ICPCP 0.4
44.20000000000036 346.8999999999919 ICPCP 0.4
45.10000000000037 374.9000000000028 ICPCP 0.4
66.4000000000005 374.5999999999988 ICPCP 0.4
69.60000000000032 344.69999999999874 ICPCP 0.4
77.39999999999988 336.69999999999715 ICPCP 0.4
56.20000000000053 388.89999999999884 ICPCP 0.4
68.40000000000039 377.7999999999957 ICPCP 0.4
77.19999999999989 360.6000000000016 ICPCP 0.4
64.7000000000006 341.60000000000497 ICPCP 0.4
66.60000000000049 398.60000000001264 ICPCP 0.4
69.00000000000036 401.2999999999983 ICPCP 0.4
62.300000000000615 328.59999999999565 ICPCP 0.4
68.90000000000036 371.50000000000296 ICPCP 0.4
55.10000000000051 333.09999999999326 ICPCP 0.4
69.9000000000003 356.7000000000049 ICPCP 0.4
41.60000000000032 339.99999999999943 ICPCP 0.4
90.19999999999915 399.9000000000107 ICPCP 0.4
50.90000000000045 374.99999999999017 ICPCP 0.4
87.09999999999933 357.2999999999958 ICPCP 0.4
74.70000000000003 322.4999999999954 ICPCP 0.4
42.90000000000034 316.5999999999956 ICPCP 0.4
52.80000000000048 340.8999999999963 ICPCP 0.4
100.79999999999855 445.3000000000306 ICPCP 0.4
68.3000000000004 337.9999999999935 ICPCP 0.4
82.59999999999958 393.50000000000784 ICPCP 0.4
79.29999999999977 358.4999999999946 ICPCP 0.4
51.40000000000046 297.19999999999527 ICPCP 0.4
51.20000000000046 367.09999999999894 ICPCP 0.4
89.59999999999918 377.0000000000137 ICPCP 0.4
68.70000000000037 370.5000000000007 ICPCP 0.4
74.10000000000007 362.8999999999947 ICPCP 0.4
44.80000000000037 392.2999999999994 ICPCP 0.4
63.000000000000625 398.3000000000033 ICPCP 0.4
87.5999999999993 370.50000000000017 ICPCP 0.4
77.49999999999987 357.4000000000137 ICPCP 0.4
64.7000000000006 389.10000000000673 ICPCP 0.4
79.39999999999976 345.00000000000995 ICPCP 0.4
73.10000000000012 379.3999999999986 ICPCP 0.4
67.40000000000045 390.6000000000032 ICPCP 0.4
39.800000000000296 355.8999999999912 ICPCP 0.4
46.60000000000039 370.69999999999334 ICPCP 0.4
60.200000000000585 334.6999999999951 ICPCP 0.4
44.30000000000036 394.3000000000022 ICPCP 0.4
40.60000000000031 415.0000000000009 ICPCP 0.4
47.1000000000004 341.39999999999463 ICPCP 0.4
75.00000000000001 379.39999999999833 ICPCP 0.4
89.3999999999992 353.7000000000026 ICPCP 0.4
57.20000000000054 327.99999999999415 ICPCP 0.4
50.70000000000045 372.6999999999938 ICPCP 0.4
68.70000000000037 348.7000000000014 ICPCP 0.4
77.99999999999984 391.10000000000355 ICPCP 0.4
69.60000000000032 399.40000000002084 ICPCP 0.4
61.2000000000006 386.80000000000007 ICPCP 0.4
58.90000000000057 372.3000000000048 ICPCP 0.4
43.50000000000035 311.69999999999834 ICPCP 0.4
83.29999999999954 381.8000000000097 ICPCP 0.4
58.40000000000056 394.40000000000566 ICPCP 0.4
74.00000000000007 406.1000000000131 ICPCP 0.4
65.90000000000053 358.1999999999997 ICPCP 0.4
76.19999999999995 393.60000000000394 ICPCP 0.4
104.19999999999835 388.90000000000896 ICPCP 0.4
54.1000000000005 319.9999999999948 ICPCP 0.4
80.99999999999967 395.1000000000043 ICPCP 0.4
69.20000000000034 354.0000000000028 ICPCP 0.4
54.90000000000051 401.4999999999988 ICPCP 0.4
58.50000000000056 362.4000000000007 ICPCP 0.4
113.09999999999785 429.7000000000021 ICPCP 0.4
55.60000000000052 347.7999999999974 ICPCP 0.4
55.900000000000524 390.799999999999 ICPCP 0.4
68.08259341914459 368.05866909978977 DeepWS 0.6
73.85058109538039 360.88798426418424 DeepWS 0.6
68.55855282587473 323.83195498889825 DeepWS 0.6
33.787819737340214 383.8942826812145 DeepWS 0.6
52.34052912377202 381.8088658460108 DeepWS 0.6
51.11354871027861 401.22291987887394 DeepWS 0.6
60.047608128937796 392.38275794775393 DeepWS 0.6
63.84506922279592 372.2627109232303 DeepWS 0.6
67.23680217819395 376.95254621983787 DeepWS 0.6
42.822366705273254 340.91648579067873 DeepWS 0.6
69.26137104720662 385.1566585152098 DeepWS 0.6
50.734772263533586 316.5411956042423 DeepWS 0.6
51.948177410386904 360.08207574700515 DeepWS 0.6
64.87996240487902 346.8871162161604 DeepWS 0.6
68.39213636706572 361.5949744690827 DeepWS 0.6
55.905357721123416 355.01114085657895 DeepWS 0.6
80.3020864284019 377.435980948957 DeepWS 0.6
55.42648597486291 387.85595442934533 DeepWS 0.6
63.55331868773756 396.90583069572676 DeepWS 0.6
49.710705435955965 396.3413303837921 DeepWS 0.6
63.45744227130591 440.56491969331717 DeepWS 0.6
54.4327174078601 371.6351285853195 DeepWS 0.6
69.29104191045896 396.5687690390155 DeepWS 0.6
80.61907230179105 368.8682490070728 DeepWS 0.6
51.02413571660487 393.71211783148084 DeepWS 0.6
61.04235025641956 381.4257803272822 DeepWS 0.6
42.601581940116766 361.976986940618 DeepWS 0.6
60.01330354923752 372.22992769591417 DeepWS 0.6
38.20067843283761 329.9760535736188 DeepWS 0.6
87.19404685410841 353.5963596968368 DeepWS 0.6
62.395925152460904 375.192110811977 DeepWS 0.6
34.17494974390444 359.21191399835624 DeepWS 0.6
41.9666205881362 385.617305028971 DeepWS 0.6
50.93602300944226 354.4450122274722 DeepWS 0.6
84.39907414913087 318.2436957255455 DeepWS 0.6
54.18557922913509 327.61798529796755 DeepWS 0.6
65.63212690935285 339.0755505787833 DeepWS 0.6
56.50464371664904 403.27196739146706 DeepWS 0.6
51.05606716238453 368.3416455657764 DeepWS 0.6
39.1689031351626 346.1337485272532 DeepWS 0.6
42.74249672545152 422.745292899795 DeepWS 0.6
59.21400897841214 414.3402651972623 DeepWS 0.6
43.83988340610689 367.9567077987636 DeepWS 0.6
73.9017412858295 358.54810219735737 DeepWS 0.6
42.25692252352458 341.2900516944152 DeepWS 0.6
51.37722479409832 356.3193434398366 DeepWS 0.6
70.57595398130515 331.5690338674111 DeepWS 0.6
54.09182681290708 395.6092658441308 DeepWS 0.6
69.93666745061324 372.3125138766972 DeepWS 0.6
64.53116494154777 363.0403061506376 DeepWS 0.6
87.0759015944465 306.15916902375034 DeepWS 0.6
64.88518442085547 314.3305091413405 DeepWS 0.6
59.1336197661207 331.41356340394606 DeepWS 0.6
66.22041969064469 441.25349329482015 DeepWS 0.6
51.54647074998732 330.4335853124327 DeepWS 0.6
72.05524481909887 378.46813118904606 DeepWS 0.6
73.67472177332925 326.3960453307098 DeepWS 0.6
56.140675258896906 281.4640951430511 DeepWS 0.6
47.64153984506599 365.5286108532835 DeepWS 0.6
74.54848035330525 375.11726210762606 DeepWS 0.6
77.04547532012603 346.4218801737778 DeepWS 0.6
90.90516937711783 349.7279457672755 DeepWS 0.6
67.2936726807218 368.65871166713475 DeepWS 0.6
53.93074462140395 395.9464737320579 DeepWS 0.6
64.1607825026461 377.19138508276353 DeepWS 0.6
57.98186026632263 323.36271075001406 DeepWS 0.6
51.43566051413798 390.3403580360397 DeepWS 0.6
62.3196374374497 306.5282545538745 DeepWS 0.6
48.084116505892624 361.9975844386754 DeepWS 0.6
58.52400790608896 399.0372963200924 DeepWS 0.6
47.37921271275569 346.4983665136007 DeepWS 0.6
66.6329732313884 321.34524580151304 DeepWS 0.6
69.67017633963766 343.5858867750847 DeepWS 0.6
70.98583832803322 373.57112308780313 DeepWS 0.6
60.93457374160571 427.2657723316181 DeepWS 0.6
54.233055576627784 335.51840966466443 DeepWS 0.6
93.80376674931377 342.366953729445 DeepWS 0.6
73.93976849606014 335.38136159672007 DeepWS 0.6
71.98554137227426 304.7981901437727 DeepWS 0.6
56.88193492059229 366.7128368645246 DeepWS 0.6
48.49440780504511 375.8352610221881 DeepWS 0.6
79.20822946596786 370.3865737951465 DeepWS 0.6
66.54855886754162 362.67613052224414 DeepWS 0.6
51.60980214458602 364.74595031847036 DeepWS 0.6
42.63001714929625 383.16078669206865 DeepWS 0.6
38.94280089836612 342.79790651285145 DeepWS 0.6
67.2311755334971 377.4370916907554 DeepWS 0.6
48.380870816774774 378.69426779332116 DeepWS 0.6
88.00359329819405 379.22191542310117 DeepWS 0.6
45.85955876244173 333.1518663037034 DeepWS 0.6
78.05874650167806 379.9680299636957 DeepWS 0.6
79.64649930091338 369.1419343481891 DeepWS 0.6
59.685579372941866 304.63508593404873 DeepWS 0.6
56.294442514667395 386.57164637448125 DeepWS 0.6
60.774116306793076 327.97435537017225 DeepWS 0.6
76.18231318832898 383.1186290061773 DeepWS 0.6
39.858940951061705 376.5529700571093 DeepWS 0.6
74.49319873268577 411.9870976653066 DeepWS 0.6
79.18701493583703 332.226054994406 DeepWS 0.6
63.47203621012922 351.5790307773849 DeepWS 0.6
88.12248423352544 359.5063632680726 SCS 0.6
83.23308358995459 351.5146423610903 SCS 0.6
90.27027444258466 332.1209474897267 SCS 0.6
51.50629273601242 320.27163737686294 SCS 0.6
73.73023561593874 339.8120556423448 SCS 0.6
70.27014723512505 384.1695184794036 SCS 0.6
76.36641080782188 381.8855088746226 SCS 0.6
80.22097097871485 379.10137367619103 SCS 0.6
85.52393617660468 372.1063611346988 SCS 0.6
71.74943351885186 326.1424783425217 SCS 0.6
82.38711984060922 361.04087303228937 SCS 0.6
72.65203442845737 304.12699063747675 SCS 0.6
60.331489449103785 319.38396514498436 SCS 0.6
81.5146252400353 341.5159610516323 SCS 0.6
80.02411985115536 344.58007500800244 SCS 0.6
71.85993403277294 323.95074684996376 SCS 0.6
78.62073024213558 379.29755280500524 SCS 0.6
81.19944798367861 366.1812900841094 SCS 0.6
61.83912632986285 370.9741877583633 SCS 0.6
75.87534795914137 370.991959589976 SCS 0.6
59.24938698502822 413.0032564773431 SCS 0.6
66.37685356181429 342.38804184692077 SCS 0.6
88.28767482155797 395.0106159445013 SCS 0.6
78.46587385900581 326.9679776418105 SCS 0.6
67.44298568192659 333.26125363778146 SCS 0.6
78.26838100720012 356.38623921998936 SCS 0.6
55.317970318241755 340.34305733421087 SCS 0.6
79.7705532200385 367.06817049049636 SCS 0.6
48.53161856758184 298.19721565507194 SCS 0.6
82.92318783042855 361.21005825817315 SCS 0.6
53.49214763175066 302.7218059477585 SCS 0.6
53.646238434627385 332.59693800158334 SCS 0.6
65.4677418278711 290.3825480981695 SCS 0.6
72.24040881342526 356.42730935866916 SCS 0.6
74.19675876148412 335.91271858181904 SCS 0.6
77.68809044126395 326.72741609106725 SCS 0.6
79.69710156451849 349.7032620635803 SCS 0.6
82.2533582155929 370.17364886530396 SCS 0.6
71.65989252806642 352.60310487132807 SCS 0.6
55.9414856357913 269.002949903495 SCS 0.6
67.76676924530852 391.2128779489311 SCS 0.6
79.51693568033518 344.3149133275934 SCS 0.6
59.11025500725821 316.0836264926638 SCS 0.6
68.54325703586964 328.63149837636 SCS 0.6
64.9209253837342 332.5603267819248 SCS 0.6
70.74538988040418 295.63484168997763 SCS 0.6
62.89820148206974 278.16925509918394 SCS 0.6
85.33015464175818 396.71958379461614 SCS 0.6
62.36586278641189 380.14542582613615 SCS 0.6
87.05416601704815 343.6840966515457 SCS 0.6
83.37399633462452 295.8795390298508 SCS 0.6
59.7641474621007 290.6813561795995 SCS 0.6
69.69799017228696 323.06769902022745 SCS 0.6
86.64103379105471 432.5044062648989 SCS 0.6
68.7980923206851 311.56988998210494 SCS 0.6
89.20817068294211 390.18633546889436 SCS 0.6
74.69139193595754 322.17987750690975 SCS 0.6
55.33678983465011 289.44456929629337 SCS 0.6
59.71190140717444 321.1755544054356 SCS 0.6
80.70927575976437 344.3694406790675 SCS 0.6
71.9302748751897 345.58899663172474 SCS 0.6
82.84191057542284 376.89661406809273 SCS 0.6
62.38026844939412 339.1784934729062 SCS 0.6
80.11826145610617 371.38137225086246 SCS 0.6
86.89402821148182 392.227891048829 SCS 0.6
72.01366377998728 317.8714243551605 SCS 0.6
69.89951638230852 337.90810079972425 SCS 0.6
73.6777963640013 310.65581942354993 SCS 0.6
79.31906077779468 350.3890759374892 SCS 0.6
71.15907352936321 375.3923525051453 SCS 0.6
58.169327146715965 339.6695505452737 SCS 0.6
58.87179995311133 334.8856703685532 SCS 0.6
63.353705574608114 326.41238781405184 SCS 0.6
61.18646772416933 369.8419601129779 SCS 0.6
55.00885254546851 356.2351671920303 SCS 0.6
70.63352695894102 287.41756249833634 SCS 0.6
106.89335137675491 349.84494060099775 SCS 0.6
92.8881609499681 356.0660282638554 SCS 0.6
68.62048917427204 303.37377848283427 SCS 0.6
67.45940935660347 352.73425601627883 SCS 0.6
69.74297372198356 358.94581300804026 SCS 0.6
77.10154675890617 371.55967690485267 SCS 0.6
75.06301728319184 350.2662342150735 SCS 0.6
64.06842984102862 329.98688076809196 SCS 0.6
58.726498668340945 317.67973944556763 SCS 0.6
54.000619583980715 276.76495866477484 SCS 0.6
83.32843820977843 355.15234563582203 SCS 0.6
61.589837866456335 353.32572773017597 SCS 0.6
82.58781740364617 390.4351299616486 SCS 0.6
69.79132493014961 335.29635645499883 SCS 0.6
73.13334899010988 398.0676954786532 SCS 0.6
89.306880659857 384.5892733168037 SCS 0.6
55.54673576339847 299.42714543417316 SCS 0.6
76.11357243830228 377.88777744628607 SCS 0.6
81.83779335926191 334.14214082112 SCS 0.6
69.55821393922571 376.23691773336543 SCS 0.6
61.46739202990971 366.8772926195749 SCS 0.6
95.99805903344922 387.3384443334384 SCS 0.6
72.52324698130934 334.3849491185467 SCS 0.6
75.97947868352631 327.3915141481703 SCS 0.6
86.43338250999757 339.03590875427744 PSO 0.6
81.99010793422076 338.0087843791914 PSO 0.6
87.1566407323754 318.7288139947462 PSO 0.6
51.722136584561405 335.8043159049189 PSO 0.6
75.69411963762508 378.6748284934004 PSO 0.6
67.37828403180819 350.5613331125236 PSO 0.6
77.31127851369769 358.6949199369973 PSO 0.6
80.33230737896059 355.07036590435507 PSO 0.6
80.89244360195677 362.85174132484764 PSO 0.6
67.5086221133742 320.0674066473842 PSO 0.6
78.14516743663295 347.5516959871218 PSO 0.6
69.75265350066633 283.23246554870104 PSO 0.6
58.92812143755651 314.5649314711374 PSO 0.6
80.5774212537254 327.663712508279 PSO 0.6
75.9778439871118 342.10229392413413 PSO 0.6
68.43604795098972 327.0789114240857 PSO 0.6
80.28030729886775 360.70075786114165 PSO 0.6
77.04193544446572 360.9490222064695 PSO 0.6
54.77910760757078 349.8367691603654 PSO 0.6
77.31796137230754 373.32511863188057 PSO 0.6
55.904927472736276 383.2456818887537 PSO 0.6
66.82713026282937 346.76936149577324 PSO 0.6
88.06391717725745 365.233561475773 PSO 0.6
75.06624919358863 344.4363770999628 PSO 0.6
66.11397437660315 357.7143749764331 PSO 0.6
76.11467984515197 348.69407461028806 PSO 0.6
55.689141345489084 321.4547848755419 PSO 0.6
78.89225284483177 350.6972668825259 PSO 0.6
46.07030692495782 300.9280173731539 PSO 0.6
80.35177096244233 339.3920446207738 PSO 0.6
51.76732291798141 328.0972690735289 PSO 0.6
51.672551063581835 308.93557782066597 PSO 0.6
65.2430943062459 339.68874576467465 PSO 0.6
74.02632615758026 335.4088530726181 PSO 0.6
75.34619453247724 314.24899754709793 PSO 0.6
72.6461863187146 307.89666556604703 PSO 0.6
80.45375191305592 343.3144539373793 PSO 0.6
82.97086395282336 354.58930047252113 PSO 0.6
65.83899763094523 316.5823320411189 PSO 0.6
55.32152566238542 297.92967498154877 PSO 0.6
69.10562113944032 381.5003823521794 PSO 0.6
80.69198449471862 368.84602663011805 PSO 0.6
60.64350395781007 320.131338811507 PSO 0.6
68.06997209617825 323.8320039991616 PSO 0.6
60.888050190511485 312.12595644694335 PSO 0.6
68.67947899650315 334.62750830956213 PSO 0.6
64.4213620349378 303.1109596815706 PSO 0.6
82.89089347323275 380.98383763853747 PSO 0.6
65.2017048875908 363.4255470495473 PSO 0.6
90.39063704035459 354.6104900061486 PSO 0.6
85.75798884496665 303.362213545772 PSO 0.6
58.46908998355336 278.1217578352614 PSO 0.6
68.36803248269322 318.4632625613217 PSO 0.6
80.93207024128567 402.2934096457893 PSO 0.6
65.4836852349998 319.092920926767 PSO 0.6
90.46636644621607 363.51134636944124 PSO 0.6
74.8456715172308 323.92417159167786 PSO 0.6
52.53574010316949 275.3000935846318 PSO 0.6
60.28890871694928 335.7132112460394 PSO 0.6
78.00009007379475 345.7579848448287 PSO 0.6
67.89977628047734 332.6320694629634 PSO 0.6
79.67941933973674 344.3671810932081 PSO 0.6
60.93780616109526 350.66698703312653 PSO 0.6
77.86436040572187 357.73123185106203 PSO 0.6
85.87258703498496 346.6547337676051 PSO 0.6
68.73973346699269 293.53197230301356 PSO 0.6
70.63413734868615 346.85942309265226 PSO 0.6
74.92309791805805 304.6179760689434 PSO 0.6
79.27671083070524 349.4273217375864 PSO 0.6
70.55341494246983 357.36098459430406 PSO 0.6
57.51771713270993 304.53022724910267 PSO 0.6
61.01518188700014 314.10366853697894 PSO 0.6
64.81814545398598 319.23036441287576 PSO 0.6
58.149455835973086 357.58391344236315 PSO 0.6
55.8842977265724 385.4121784864369 PSO 0.6
68.3307725634815 305.76886137162097 PSO 0.6
103.73208321904927 337.247242986965 PSO 0.6
90.24260984929982 310.42010151383516 PSO 0.6
65.68346940328831 292.98898372097403 PSO 0.6
67.82161288356771 331.1363051537046 PSO 0.6
68.62507800095987 330.12412857169005 PSO 0.6
78.38981122649689 365.83557493317016 PSO 0.6
72.28324352014384 337.2314625548377 PSO 0.6
63.08452375348964 331.2030631554061 PSO 0.6
57.81608941280481 329.37340784715656 PSO 0.6
51.765311799793785 296.4366095298398 PSO 0.6
81.94062357273604 357.699044204149 PSO 0.6
62.446027766066635 345.6504476601625 PSO 0.6
79.97967779415352 364.80548313903734 PSO 0.6
64.29727407976927 319.76891523232274 PSO 0.6
73.0047714465035 354.9408490422368 PSO 0.6
86.81150252039038 353.42365945213595 PSO 0.6
55.34513910443692 284.500054341469 PSO 0.6
73.41379198503819 366.14518494984856 PSO 0.6
80.3249037599958 320.6144327902976 PSO 0.6
71.81469771681556 372.27764316406433 PSO 0.6
59.64323165303053 336.0053128052194 PSO 0.6
95.52286909720067 391.6422527818091 PSO 0.6
72.44262277977019 328.85323042964546 PSO 0.6
74.69901943852018 338.0639863042406 PSO 0.6
122.19999999999733 369.9000000000024 ICPCP 0.6
116.89999999999763 324.70000000000397 ICPCP 0.6
130.29999999999688 319.50000000000404 ICPCP 0.6
53.70000000000049 351.89999999999094 ICPCP 0.6
110.29999999999801 359.60000000000457 ICPCP 0.6
82.2999999999996 346.4000000000032 ICPCP 0.6
96.59999999999879 351.70000000000226 ICPCP 0.6
103.3999999999984 352.2000000000021 ICPCP 0.6
113.59999999999782 360.50000000000114 ICPCP 0.6
98.49999999999868 318.09999999999405 ICPCP 0.6
88.79999999999923 372.90000000000504 ICPCP 0.6
111.59999999999793 297.9000000000008 ICPCP 0.6
81.39999999999965 321.59999999999127 ICPCP 0.6
101.19999999999852 340.299999999992 ICPCP 0.6
116.89999999999763 347.0999999999998 ICPCP 0.6
89.89999999999917 347.90000000000055 ICPCP 0.6
93.89999999999894 349.4999999999881 ICPCP 0.6
98.1999999999987 346.09999999999735 ICPCP 0.6
71.90000000000019 353.79999999999484 ICPCP 0.6
103.89999999999837 369.5000000000081 ICPCP 0.6
72.10000000000018 372.9999999999979 ICPCP 0.6
78.6999999999998 346.1999999999985 ICPCP 0.6
113.49999999999783 407.70000000002864 ICPCP 0.6
100.79999999999855 380.70000000001244 ICPCP 0.6
88.99999999999922 392.7000000000041 ICPCP 0.6
104.79999999999832 359.5000000000011 ICPCP 0.6
71.00000000000024 323.2000000000005 ICPCP 0.6
103.59999999999839 338.8999999999972 ICPCP 0.6
61.90000000000061 295.6999999999936 ICPCP 0.6
109.29999999999806 340.7000000000041 ICPCP 0.6
74.30000000000005 323.5000000000027 ICPCP 0.6
60.70000000000059 312.09999999999235 ICPCP 0.6
72.00000000000018 345.89999999999696 ICPCP 0.6
105.99999999999825 348.1000000000038 ICPCP 0.6
88.89999999999922 310.6999999999911 ICPCP 0.6
90.89999999999911 312.3000000000016 ICPCP 0.6
99.49999999999862 332.89999999999884 ICPCP 0.6
103.4999999999984 354.0999999999956 ICPCP 0.6
109.19999999999807 322.3999999999981 ICPCP 0.6
69.40000000000033 295.79999999999643 ICPCP 0.6
81.79999999999963 416.1000000000049 ICPCP 0.6
103.4999999999984 373.99999999999596 ICPCP 0.6
74.80000000000003 317.29999999999677 ICPCP 0.6
75.89999999999996 340.1000000000068 ICPCP 0.6
88.29999999999926 323.2000000000023 ICPCP 0.6
89.2999999999992 327.2000000000004 ICPCP 0.6
78.09999999999984 294.0999999999965 ICPCP 0.6
114.69999999999776 363.40000000000254 ICPCP 0.6
78.09999999999984 344.49999999999363 ICPCP 0.6
109.79999999999804 321.2999999999988 ICPCP 0.6
100.69999999999855 309.39999999999856 ICPCP 0.6
68.80000000000037 283.2999999999909 ICPCP 0.6
88.79999999999923 312.9000000000006 ICPCP 0.6
108.29999999999812 395.5000000000094 ICPCP 0.6
93.39999999999897 319.4999999999961 ICPCP 0.6
112.89999999999786 356.5999999999977 ICPCP 0.6
98.0999999999987 312.8999999999913 ICPCP 0.6
66.80000000000048 275.0999999999915 ICPCP 0.6
66.30000000000051 342.19999999999624 ICPCP 0.6
114.49999999999777 349.20000000000766 ICPCP 0.6
97.29999999999875 337.1999999999967 ICPCP 0.6
107.79999999999815 334.79999999999285 ICPCP 0.6
72.40000000000016 340.0999999999966 ICPCP 0.6
92.99999999999899 344.8999999999966 ICPCP 0.6
126.99999999999706 345.29999999999745 ICPCP 0.6
92.59999999999901 293.5000000000022 ICPCP 0.6
81.29999999999966 347.3999999999942 ICPCP 0.6
106.59999999999822 323.00000000000796 ICPCP 0.6
105.79999999999826 364.1000000000091 ICPCP 0.6
83.9999999999995 351.8 ICPCP 0.6
70.0000000000003 315.3999999999895 ICPCP 0.6
68.60000000000038 318.19999999999135 ICPCP 0.6
77.99999999999984 379.1999999999993 ICPCP 0.6
68.3000000000004 356.29999999999615 ICPCP 0.6
79.49999999999976 377.5999999999972 ICPCP 0.6
82.89999999999957 312.89999999998776 ICPCP 0.6
144.99999999999605 353.9000000000046 ICPCP 0.6
123.69999999999725 302.8999999999914 ICPCP 0.6
80.99999999999967 284.6999999999913 ICPCP 0.6
84.59999999999947 336.39999999999526 ICPCP 0.6
79.49999999999976 352.10000000000974 ICPCP 0.6
95.99999999999882 368.7000000000056 ICPCP 0.6
111.29999999999795 347.7000000000083 ICPCP 0.6
81.59999999999964 322.39999999999924 ICPCP 0.6
81.59999999999964 324.49999999999926 ICPCP 0.6
81.59999999999964 321.3999999999994 ICPCP 0.6
122.59999999999731 362.8000000000092 ICPCP 0.6
76.59999999999992 350.09999999999815 ICPCP 0.6
103.59999999999839 372.50000000000523 ICPCP 0.6
96.59999999999879 321.29999999999353 ICPCP 0.6
102.69999999999844 360.800000000004 ICPCP 0.6
120.39999999999743 357.70000000000823 ICPCP 0.6
65.10000000000058 294.6999999999932 ICPCP 0.6
85.49999999999942 373.80000000001706 ICPCP 0.6
103.19999999999841 319.6999999999959 ICPCP 0.6
89.69999999999918 351.09999999999934 ICPCP 0.6
74.00000000000007 332.9999999999957 ICPCP 0.6
107.49999999999817 379.39999999999674 ICPCP 0.6
78.59999999999981 306.2999999999949 ICPCP 0.6
85.09999999999944 329.0999999999959 ICPCP 0.6
43.850821905177284 382.2471270721282 DeepWS 0.8
42.56402726790485 373.22252779249027 DeepWS 0.8
47.95390624850211 351.571852251627 DeepWS 0.8
24.80973385601847 366.648827112246 DeepWS 0.8
36.814696916042934 403.41854580660043 DeepWS 0.8
34.55309044236598 375.51982914146083 DeepWS 0.8
41.32724017491989 403.6372299279941 DeepWS 0.8
40.3706196380306 390.91318062893515 DeepWS 0.8
43.45312516219293 408.8560386711185 DeepWS 0.8
37.088715776668074 355.8174070374215 DeepWS 0.8
42.06251468747468 413.9022437888705 DeepWS 0.8
36.949495221785874 319.18460166417117 DeepWS 0.8
32.16850254026009 345.1814885329746 DeepWS 0.8
41.121798816593994 366.75525452452 DeepWS 0.8
42.35256777985085 381.2612084326577 DeepWS 0.8
34.77264145674941 371.37737906879653 DeepWS 0.8
40.73494802708528 396.6962598642184 DeepWS 0.8
42.82736460700944 399.6175963420214 DeepWS 0.8
31.750306631242267 398.3593854578061 DeepWS 0.8
38.56407719026126 405.8531047501064 DeepWS 0.8
30.176441090074142 423.2430944537784 DeepWS 0.8
33.993708992965914 377.96772703368174 DeepWS 0.8
43.66970396931705 420.90234452423607 DeepWS 0.8
39.04279492816885 373.41915952792317 DeepWS 0.8
35.184676792413 400.9776065393794 DeepWS 0.8
38.64339936534687 380.0045290173037 DeepWS 0.8
27.497263866797972 352.51501883188286 DeepWS 0.8
40.50714918197916 400.2659238964316 DeepWS 0.8
25.066088722909672 323.82005649199004 DeepWS 0.8
42.27333419027224 391.96238666345425 DeepWS 0.8
26.87594183558012 369.53887919761826 DeepWS 0.8
28.176624974070336 350.06988098758575 DeepWS 0.8
34.78945200154205 381.7991202880728 DeepWS 0.8
37.21256421283369 382.3684983178452 DeepWS 0.8
38.8281927546947 349.9045770455655 DeepWS 0.8
39.585724176134626 341.83705441613336 DeepWS 0.8
41.294416049382 381.6480056284212 DeepWS 0.8
44.412681734361925 403.42133932599205 DeepWS 0.8
36.66043289931797 366.4402866751159 DeepWS 0.8
27.991080758966987 337.99676368359616 DeepWS 0.8
34.84416770980339 419.8332243071997 DeepWS 0.8
40.8909172545233 400.8102455883864 DeepWS 0.8
30.513775754413835 360.4551312506948 DeepWS 0.8
34.528103123448524 364.19983916204444 DeepWS 0.8
32.2974985187207 342.4097495179684 DeepWS 0.8
35.87922576999269 356.5294712626745 DeepWS 0.8
32.18933601572644 317.7604571903125 DeepWS 0.8
43.53576981079091 408.4060339215251 DeepWS 0.8
31.678745151121916 379.56796362514655 DeepWS 0.8
45.28932706880835 377.18009210726063 DeepWS 0.8
41.40371495399181 329.7988991902111 DeepWS 0.8
29.59856665095646 307.72238998371586 DeepWS 0.8
36.02774236353482 351.33528823305045 DeepWS 0.8
44.34592149227453 444.8795486117434 DeepWS 0.8
34.866154218645526 359.3095121385312 DeepWS 0.8
45.99338384562895 399.09245919546953 DeepWS 0.8
37.766812479346065 360.27679875015383 DeepWS 0.8
28.98917575428526 310.18039577429045 DeepWS 0.8
31.107532943462438 377.43360291609235 DeepWS 0.8
40.8486780144094 378.69606168410655 DeepWS 0.8
36.12799388421484 371.989360532422 DeepWS 0.8
41.5599593976065 378.7290443512263 DeepWS 0.8
32.36563951367584 385.65697176873095 DeepWS 0.8
41.26913713035596 391.0047921749712 DeepWS 0.8
42.88216045691165 383.26228026479527 DeepWS 0.8
38.63756896126292 335.6395541607023 DeepWS 0.8
37.03973883615777 401.6629706986919 DeepWS 0.8
37.55849484536463 323.5419980199534 DeepWS 0.8
42.105551289175246 399.2344335844885 DeepWS 0.8
37.36599286544738 398.4252998859582 DeepWS 0.8
30.02904795561007 332.884984681279 DeepWS 0.8
27.99111496775689 338.42966249311417 DeepWS 0.8
31.494574911264543 350.6264083045187 DeepWS 0.8
30.630792735666414 384.07295272188145 DeepWS 0.8
27.371742904122183 406.0255633712357 DeepWS 0.8
35.881132649771445 345.1274682048874 DeepWS 0.8
54.66949591690468 366.9362093478004 DeepWS 0.8
48.8658116225486 350.41731202051875 DeepWS 0.8
35.137000339885866 328.59502300428187 DeepWS 0.8
34.199664368480626 365.085675392737 DeepWS 0.8
34.54464726816882 365.85016902408546 DeepWS 0.8
38.88149692760425 393.76319763814826 DeepWS 0.8
37.51811479789631 372.5648205658517 DeepWS 0.8
34.25014763726771 364.51974277719074 DeepWS 0.8
29.73341416885335 357.80776100486315 DeepWS 0.8
28.52300336746658 336.6910283599716 DeepWS 0.8
44.19425898825908 401.38828539422997 DeepWS 0.8
30.91528627264239 372.6284343709239 DeepWS 0.8
43.65535868094299 417.83934201938615 DeepWS 0.8
35.34596994661431 358.1730387599008 DeepWS 0.8
37.95705317889251 401.36107130191476 DeepWS 0.8
45.01701535899399 393.85853761597906 DeepWS 0.8
28.682449180301298 319.7205528987006 DeepWS 0.8
40.81452485153298 408.7581631723493 DeepWS 0.8
40.45968550732782 344.7151288055811 DeepWS 0.8
35.34075174102908 397.2246021578246 DeepWS 0.8
30.327317532080247 385.6412836981492 DeepWS 0.8
49.69164332411698 428.34868196118106 DeepWS 0.8
35.769656343568954 358.5715205269001 DeepWS 0.8
38.38794899989741 364.9558531684819 DeepWS 0.8
112.24475297282366 343.05320536404537 SCS 0.8
106.46291585635537 296.0697622225191 SCS 0.8
115.82039098778239 315.37355082634446 SCS 0.8
64.6099278113135 316.22135023990626 SCS 0.8
93.6972306544243 360.71701323902977 SCS 0.8
89.68750012583504 353.8684242523568 SCS 0.8
97.97447073479763 360.89641157001176 SCS 0.8
103.36680762227974 354.717967239764 SCS 0.8
109.43296808347625 358.998396098512 SCS 0.8
91.3173983837839 306.3040924133731 SCS 0.8
104.95045706855765 359.06231004547055 SCS 0.8
93.19073128321554 284.98139293712427 SCS 0.8
77.8052798588586 291.0694209620216 SCS 0.8
104.15766234344531 332.6610578842111 SCS 0.8
103.30135740777804 346.8353910649387 SCS 0.8
92.00944467194958 336.9830846236322 SCS 0.8
101.32079373942705 362.5567963042126 SCS 0.8
103.83307315182014 317.8204654246145 SCS 0.8
79.42777363054944 367.8028031623293 SCS 0.8
96.32831313150602 364.02445599230106 SCS 0.8
74.95448181550555 385.3004530966171 SCS 0.8
85.86648867719744 332.3554886066198 SCS 0.8
112.29701446178255 361.86959780004014 SCS 0.8
99.20459686820996 342.73835248066507 SCS 0.8
84.89684959936837 351.46178605676107 SCS 0.8
99.43672698535103 338.54886106560764 SCS 0.8
70.62961054751815 312.05225508317284 SCS 0.8
102.67316661961412 323.7259555951285 SCS 0.8
61.90836538073881 278.87772044270224 SCS 0.8
105.72123427726754 336.53045805818067 SCS 0.8
68.49022545236566 317.38310131893553 SCS 0.8
68.04498113698209 297.2819677741062 SCS 0.8
84.59073968454895 341.1474786013796 SCS 0.8
92.94547367261114 330.95094732465316 SCS 0.8
94.97569416867145 310.90024093007014 SCS 0.8
100.1302164891398 308.5511417890045 SCS 0.8
102.27944299630002 331.6640513992299 SCS 0.8
106.21617661148287 366.7507576623467 SCS 0.8
91.4493476602962 322.393700638854 SCS 0.8
72.53792738525793 280.8292136803283 SCS 0.8
86.06069115473686 343.48960226843167 SCS 0.8
102.69083989643516 337.75961426541136 SCS 0.8
77.28207341623012 292.5626453895606 SCS 0.8
88.1560505527068 329.8908706871872 SCS 0.8
82.76250780759472 301.60952285556846 SCS 0.8
91.0800951778259 323.7133841065042 SCS 0.8
80.71824644790149 300.56112670631717 SCS 0.8
109.6102221893458 375.9189659675061 SCS 0.8
79.37923975729834 323.27165565170594 SCS 0.8
111.70601990029546 339.44739890672304 SCS 0.8
106.89052930588646 307.1628244586636 SCS 0.8
78.24866423439808 265.2049024349405 SCS 0.8
89.91508758295194 309.907906316812 SCS 0.8
110.15468685154653 397.90004627198215 SCS 0.8
88.41483551539898 301.1860336398478 SCS 0.8
114.42874775062047 365.39501020944994 SCS 0.8
96.01680911160584 314.8843245760922 SCS 0.8
71.03772780815305 269.31818008575226 SCS 0.8
77.4686356838602 335.80628312235973 SCS 0.8
104.19119517138552 348.36776612748565 SCS 0.8
91.70044314686022 336.2537318956295 SCS 0.8
105.9618051863986 330.9886629251871 SCS 0.8
79.35803964214627 325.97082661706315 SCS 0.8
102.41512675002836 353.8179610635817 SCS 0.8
110.38922382243761 332.06232469677377 SCS 0.8
92.1124790488835 285.81439441184233 SCS 0.8
89.71989580618404 342.90267541626395 SCS 0.8
94.89770200050101 301.3150692378374 SCS 0.8
102.13918856037014 335.24059745375814 SCS 0.8
90.94361510725544 352.30497672957 SCS 0.8
75.43584796008692 321.9231811726429 SCS 0.8
74.18132138147186 316.7060175745762 SCS 0.8
81.2512462242395 312.38740839258736 SCS 0.8
78.48972528537574 345.9326560833999 SCS 0.8
70.34570051896974 373.0674940418663 SCS 0.8
90.21258058297776 310.03614715901153 SCS 0.8
137.54159308967934 329.80659973634175 SCS 0.8
117.88595347330924 296.9320721120129 SCS 0.8
86.20092913839878 295.0188548615785 SCS 0.8
86.55549783962819 324.5739382726071 SCS 0.8
88.13155563265475 320.18691728209376 SCS 0.8
97.30640829428148 351.22136780686077 SCS 0.8
96.18223829041858 328.75450586399757 SCS 0.8
82.40878597117992 308.56782681180226 SCS 0.8
74.5535883417332 329.10585976405105 SCS 0.8
68.9685618153894 290.94603132137706 SCS 0.8
107.02187213888591 352.2588041424887 SCS 0.8
79.90551686352552 324.6694432978613 SCS 0.8
106.38148513902958 355.03129720015136 SCS 0.8
88.34300596933942 322.01871462761426 SCS 0.8
93.26495703704762 362.8824203755196 SCS 0.8
114.66417385121642 353.6727528713909 SCS 0.8
71.24291886428693 293.9773443187615 SCS 0.8
96.4591048719471 356.984226309011 SCS 0.8
105.51530597563294 316.5411687974402 SCS 0.8
87.18662722318204 356.72365689868155 SCS 0.8
77.70092755936265 308.4832347128235 SCS 0.8
123.16062645286434 374.83897262553535 SCS 0.8
92.9776672855397 323.4141032680397 SCS 0.8
97.42409243611843 324.88991069010876 SCS 0.8
105.53661309069537 333.66541395668224 PSO 0.8
105.53113066159881 330.584973238773 PSO 0.8
115.49529465859774 305.8746649050147 PSO 0.8
65.73679031258165 322.3913092207073 PSO 0.8
90.7942650657576 357.3668811252521 PSO 0.8
88.11810576171733 330.83140965909195 PSO 0.8
97.65820565544881 353.295377626337 PSO 0.8
105.80710734076769 352.1172024624154 PSO 0.8
103.0081626218726 345.1403822190818 PSO 0.8
87.48231698717002 307.6490650689638 PSO 0.8
104.6325186942993 361.2052762549961 PSO 0.8
92.67889036137544 283.42581783057767 PSO 0.8
82.13585753711521 315.7683740457976 PSO 0.8
101.52593751370767 325.4093002038386 PSO 0.8
103.87102083435717 342.2820584902563 PSO 0.8
90.07239175274509 333.08667869240844 PSO 0.8
96.42980530383768 343.5485593352794 PSO 0.8
107.50529593331454 349.16887557586244 PSO 0.8
77.59558376825973 350.931508061076 PSO 0.8
91.68415748288531 367.16416274767795 PSO 0.8
72.18469494801958 360.8166379634632 PSO 0.8
85.24473466043368 339.97896222191685 PSO 0.8
114.60267227351791 367.8583440592014 PSO 0.8
100.83648521175641 342.14400528734456 PSO 0.8
87.6127252667776 356.9708569220535 PSO 0.8
97.1052515108688 327.2263141469268 PSO 0.8
72.32464066213137 316.0989946858729 PSO 0.8
98.90964942109295 348.6854904245856 PSO 0.8
59.0528293623037 284.8614908753763 PSO 0.8
96.8226847157027 326.2567363208236 PSO 0.8
70.50592222144905 325.08369017303767 PSO 0.8
65.87901461538615 289.42048941581504 PSO 0.8
80.11845212141338 325.12430513813104 PSO 0.8
83.85889416700167 321.91518991186035 PSO 0.8
98.51967729835509 316.83767333571046 PSO 0.8
99.32405292861156 315.28145742358555 PSO 0.8
96.90511903078615 332.3140163328902 PSO 0.8
106.80787455330604 350.56311990476786 PSO 0.8
85.12442393599369 308.85055926616894 PSO 0.8
71.60121915561123 292.1625665186846 PSO 0.8
87.38085843539584 375.128222882247 PSO 0.8
101.36453422172873 355.27094293913564 PSO 0.8
71.42994165662448 308.05841720431016 PSO 0.8
81.99120579717673 317.82958779030594 PSO 0.8
80.84802485175973 301.43811371331986 PSO 0.8
89.96670828240237 308.28849163288675 PSO 0.8
77.32647768208392 279.0439392387549 PSO 0.8
107.13618676284922 369.62026177113717 PSO 0.8
81.36196464474487 329.36207202853086 PSO 0.8
116.36983514844259 346.9874118236944 PSO 0.8
105.59057983657868 299.7161656438578 PSO 0.8
75.61502764381558 277.2999217556361 PSO 0.8
89.45406977598203 302.62526271021824 PSO 0.8
106.58018898520382 389.9169153816322 PSO 0.8
88.40447165834283 312.4163658903681 PSO 0.8
108.71478556234001 360.1432504732975 PSO 0.8
96.90288464773789 318.6718706332526 PSO 0.8
69.90965769784475 267.0968495509672 PSO 0.8
75.84460478873646 328.2670147838054 PSO 0.8
108.81369211373612 349.66674225113553 PSO 0.8
91.84936559414263 328.1037812654247 PSO 0.8
103.37989148012902 327.9073785495646 PSO 0.8
80.13850021266887 330.78613407945863 PSO 0.8
100.5536499480789 336.1482969469702 PSO 0.8
110.05969377796002 340.22373988352933 PSO 0.8
92.9781205509447 300.57717369993475 PSO 0.8
91.19589359216312 345.5364190640432 PSO 0.8
89.30733994753372 277.7034060171631 PSO 0.8
99.68220986251863 337.22859972200513 PSO 0.8
84.00498661865379 329.69429246006933 PSO 0.8
76.17376774343326 305.2374007102258 PSO 0.8
75.17887594802264 307.5438454471572 PSO 0.8
78.6181966070255 309.55623876281436 PSO 0.8
73.81190921403493 347.80805778466197 PSO 0.8
70.27824569023868 364.840725347384 PSO 0.8
85.61130079565821 302.39422220302106 PSO 0.8
135.71402070401015 328.54864205209907 PSO 0.8
114.95174377965732 307.52402030735186 PSO 0.8
90.718826125198 299.71515323715766 PSO 0.8
84.53498556573116 328.1132861251854 PSO 0.8
87.11777372252669 322.1384716482523 PSO 0.8
92.07455391112912 358.58286781017966 PSO 0.8
91.15884588743741 317.2912482279273 PSO 0.8
87.83658290181272 332.3554825988541 PSO 0.8
69.69669606127307 317.330151788185 PSO 0.8
70.49745229726818 303.03418824564153 PSO 0.8
111.86321516211603 352.8333447404834 PSO 0.8
81.60135712465039 339.72895134801496 PSO 0.8
101.1391131766512 341.9501819952687 PSO 0.8
90.99880871997662 311.66217431278403 PSO 0.8
96.51384303200233 355.7407691248244 PSO 0.8
110.95851244926007 351.196494293824 PSO 0.8
70.25776681281499 277.25771768726884 PSO 0.8
91.56096143682038 346.5586262299832 PSO 0.8
100.80437162867945 307.64130360227233 PSO 0.8
84.65172280896175 345.6699277850404 PSO 0.8
73.2830619435599 331.021681169674 PSO 0.8
122.58208142996683 364.93605620818886 PSO 0.8
96.71028358011955 327.2098097767329 PSO 0.8
103.63530465212925 337.2742163233295 PSO 0.8
119.49999999999748 341.5999999999972 ICPCP 0.8
139.29999999999637 329.3000000000087 ICPCP 0.8
152.8999999999956 305.2000000000034 ICPCP 0.8
75.49999999999999 320.59999999999974 ICPCP 0.8
112.89999999999786 348.6000000000036 ICPCP 0.8
104.39999999999834 350.70000000000647 ICPCP 0.8
100.19999999999858 366.1000000000051 ICPCP 0.8
131.6999999999968 344.60000000000855 ICPCP 0.8
145.999999999996 366.70000000001136 ICPCP 0.8
116.49999999999766 313.00000000000426 ICPCP 0.8
121.19999999999739 367.1000000000076 ICPCP 0.8
120.9999999999974 274.89999999999554 ICPCP 0.8
80.39999999999971 302.3999999999921 ICPCP 0.8
134.29999999999666 320.5000000000009 ICPCP 0.8
135.2999999999966 332.10000000000343 ICPCP 0.8
104.09999999999836 328.49999999999915 ICPCP 0.8
125.59999999999714 352.0999999999956 ICPCP 0.8
107.09999999999819 354.0000000000004 ICPCP 0.8
87.4999999999993 347.10000000000167 ICPCP 0.8
129.59999999999692 366.30000000001166 ICPCP 0.8
75.49999999999999 368.29999999999995 ICPCP 0.8
98.89999999999866 338.6999999999975 ICPCP 0.8
136.19999999999655 363.00000000001535 ICPCP 0.8
122.09999999999734 337.9000000000078 ICPCP 0.8
96.89999999999877 358.30000000000126 ICPCP 0.8
123.49999999999726 335.29999999999586 ICPCP 0.8
73.30000000000011 310.6000000000021 ICPCP 0.8
131.39999999999682 357.10000000000633 ICPCP 0.8
77.69999999999986 287.3999999999956 ICPCP 0.8
131.29999999999683 342.0000000000021 ICPCP 0.8
92.69999999999901 316.60000000000576 ICPCP 0.8
79.29999999999977 317.49999999999335 ICPCP 0.8
94.29999999999892 338.6999999999992 ICPCP 0.8
113.49999999999783 334.80000000000734 ICPCP 0.8
101.89999999999849 314.9999999999895 ICPCP 0.8
114.09999999999779 320.7000000000078 ICPCP 0.8
123.49999999999726 320.79999999999995 ICPCP 0.8
130.59999999999687 348.699999999992 ICPCP 0.8
122.7999999999973 315.30000000000365 ICPCP 0.8
74.70000000000003 299.4999999999961 ICPCP 0.8
101.49999999999851 369.800000000014 ICPCP 0.8
127.19999999999705 361.300000000002 ICPCP 0.8
91.89999999999905 322.9999999999949 ICPCP 0.8
111.39999999999795 329.7000000000069 ICPCP 0.8
103.99999999999837 290.39999999999804 ICPCP 0.8
99.09999999999864 314.4999999999953 ICPCP 0.8
97.69999999999872 309.30000000000274 ICPCP 0.8
160.59999999999516 372.0000000000144 ICPCP 0.8
86.99999999999933 332.29999999999916 ICPCP 0.8
133.89999999999668 335.3000000000012 ICPCP 0.8
127.09999999999705 289.0000000000008 ICPCP 0.8
93.19999999999898 274.49999999999613 ICPCP 0.8
122.39999999999732 302.9000000000033 ICPCP 0.8
134.09999999999667 401.00000000001734 ICPCP 0.8
100.69999999999855 321.19999999999783 ICPCP 0.8
148.69999999999584 363.800000000001 ICPCP 0.8
105.69999999999827 333.2000000000043 ICPCP 0.8
91.79999999999906 270.09999999999496 ICPCP 0.8
79.79999999999974 322.20000000000016 ICPCP 0.8
141.79999999999623 352.6000000000136 ICPCP 0.8
114.89999999999775 324.300000000007 ICPCP 0.8
141.59999999999624 351.90000000000174 ICPCP 0.8
89.89999999999917 334.6000000000002 ICPCP 0.8
106.19999999999824 341.1999999999987 ICPCP 0.8
144.59999999999607 366.4000000000171 ICPCP 0.8
120.79999999999741 310.8000000000059 ICPCP 0.8
124.89999999999718 354.30000000000587 ICPCP 0.8
113.9999999999978 294.00000000000057 ICPCP 0.8
124.89999999999718 341.8000000000099 ICPCP 0.8
99.59999999999862 344.0000000000067 ICPCP 0.8
85.6999999999994 300.89999999999617 ICPCP 0.8
75.2 311.89999999999213 ICPCP 0.8
107.09999999999819 300.1000000000004 ICPCP 0.8
88.69999999999924 343.7000000000026 ICPCP 0.8
77.99999999999984 365.99999999999517 ICPCP 0.8
118.49999999999754 300.1000000000007 ICPCP 0.8
180.69999999999402 330.70000000000766 ICPCP 0.8
127.59999999999702 305.39999999999145 ICPCP 0.8
102.59999999999845 285.0999999999961 ICPCP 0.8
99.7999999999986 318.7000000000009 ICPCP 0.8
105.89999999999826 331.8000000000043 ICPCP 0.8
122.89999999999729 350.600000000008 ICPCP 0.8
137.89999999999645 331.0000000000075 ICPCP 0.8
102.69999999999844 327.8000000000006 ICPCP 0.8
83.29999999999954 325.29999999999984 ICPCP 0.8
93.29999999999897 296.40000000000026 ICPCP 0.8
140.19999999999632 355.40000000000424 ICPCP 0.8
88.39999999999925 332.19999999999806 ICPCP 0.8
127.19999999999705 357.0000000000051 ICPCP 0.8
119.99999999999746 312.7000000000033 ICPCP 0.8
103.3999999999984 341.10000000000974 ICPCP 0.8
142.69999999999618 349.4000000000115 ICPCP 0.8
85.19999999999943 282.59999999999815 ICPCP 0.8
107.79999999999815 359.2000000000102 ICPCP 0.8
123.49999999999726 314.70000000000664 ICPCP 0.8
108.6999999999981 350.2999999999981 ICPCP 0.8
104.09999999999836 346.0000000000041 ICPCP 0.8
157.19999999999536 373.800000000016 ICPCP 0.8
107.09999999999819 316.2000000000005 ICPCP 0.8
133.6999999999967 329.90000000000754 ICPCP 0.8
