0.03857835005595397 0.43084145
0.08214848702111308 0.108913854
0.1190485289862365 0.19557878
0.11259610253692466 -0.13997242
0.14583110414395828 -0.32607535
0.1806472893252873 -0.545588
0.2115860753284043 -0.38500774
0.20050677156198407 -0.24841787
0.21673740472464856 0.06771013
0.2589844362401041 0.35088244
0.29564724882926835 1.6194239
0.33098399803374917 3.2943685
0.3548535315566588 4.562837
0.3873216846126178 7.218455
0.4105254349713089 6.9540315
0.4431703820169599 7.8074765
0.42051186291611187 9.961675
0.41150438184666543 16.323092
0.4237152929260747 15.281143
0.4353565384468934 15.723432
0.43725977238675295 22.384573
0.489753201273213 25.728521
0.4786571853338374 22.811487
0.5073327722864476 30.428272
0.5049290710191149 38.86771
0.4791826174681591 45.739143
0.45472348659475115 41.350807
0.4573572746920693 46.26074
0.5012967713915916 55.169014
0.475731932822012 58.821487
0.5004099193374787 58.540806
0.47488942337060475 65.67484
0.4506449522020745 64.23634
0.42761270459197076 70.00125
0.4057320693623722 75.24583
0.4219160045532578 72.09321
0.4409882195133391 82.50473
0.4184388085376721 74.20698
0.4398056729998731 83.566414
0.46365125980384325 89.41241
0.4757406327047498 84.48435
0.4514536010695123 81.230385
0.46800361506943045 76.33311
0.5096028297338963 73.355705
0.4836226882472014 71.61374
0.503292645577109 76.52185
0.5155786121795987 76.90662
0.5705196083945623 72.29715
0.5854379677585113 69.38113
0.5838908303077912 67.09382
0.5986910441593474 70.33433
0.6035638034713282 67.17283
0.5728856132977618 66.200195
0.5696269509677178 64.277885
0.5642267834422824 63.900723
0.5355154442701683 61.378124
0.5728332654865531 60.195084
0.6009071129336544 58.210453
0.5887286105965229 67.8962
0.6064843573018263 69.808304
0.6281486772086462 70.65992
0.5962412433482139 72.56151
0.5659291811808033 70.55551
0.5371327221217631 59.44392
0.509776086015675 71.38094
0.48378728171489127 72.05245
0.4940345395339705 68.77065
0.46883281255727194 59.940998
0.4448911719294083 70.09636
0.47163703201329316 61.46537
0.4956385548684536 60.659847
0.5168804286270398 68.34529
0.5444360519249756 60.523293
0.5554814989768418 65.69604
0.5826569527500216 62.864605
0.5530241051125205 59.07731
0.5630054127730726 72.18906
0.5734691492634982 69.27324
0.5793129754155373 66.48791
0.5802417610681774 64.391235
0.5867523328764558 70.040344
0.597333560168926 73.34983
0.6138704825272796 74.82728
0.5826769584009156 69.37334
0.5530431104808698 73.42183
0.582958247679346 72.83854
0.5786139882077732 65.79217
0.5832927410614748 66.95113
0.553628104008401 75.63361
0.564070405146028 74.015015
0.5853277441157824 70.64189
0.5555613569099933 72.64402
0.5272832890644936 75.85955
0.5462680388035106 71.360176
0.5349641050919312 78.281044
0.5489771774146157 74.2859
0.521028318543885 81.71969
0.5244564635743292 77.40332
0.4977336403956127 85.09146
0.4883115311947709 78.65218
0.5077561403569479 83.78674
0.4818683333391005 73.73194
0.4572749166721455 70.1501
0.47361892236814 73.323975
0.449437976249733 68.873886
0.4264660774372463 81.549576
0.455696035622779 75.97906
0.43241123384164004 75.29307
0.45036847393093676 84.19462
0.4273500502343899 86.005554
0.40548254772267034 76.32818
0.41305485203741943 72.72357
0.422572240182115 81.2355
0.4154419785405072 74.79333
0.44081650016955565 65.16897
0.41827567516107783 64.566055
0.4196838175765047 65.77015
0.39819962669767944 63.07968
0.37778964536279547 66.94303
0.35840016309465567 60.47167
0.37131258951583745 64.11326
0.44000705775489135 63.104633
0.41750670486714675 75.07754
0.45806892626749585 77.153885
0.4700893824005109 73.09629
0.4500480562611942 71.70566
0.4270456534481345 76.33809
0.40519337077572776 76.878654
0.43937367544865374 64.99564
0.48204754481071405 69.713326
0.45744516757017833 73.35318
0.49478022679679823 76.24366
0.5080260142736707 77.80273
0.4821247135599871 77.88279
0.45751847788198774 67.19645
0.4341425539878883 69.777405
0.42433219590104254 65.32461
0.4769329342876632 73.2396
0.5222287884662609 77.609955
0.5317266392969836 76.55269
0.5046403073321345 78.20995
0.49630195705795926 71.27138
0.4993689348353805 75.85465
0.5128835427269074 83.552826
0.5393602080035267 71.01525
0.5118921976033504 78.10039
0.5337113958970164 73.785706
0.5285398615788623 79.8822
0.5581116057309276 76.75821
0.5822562384844601 74.865486
0.5526434265602371 76.7165
0.5245112552322253 73.82521
0.497785692470614 74.2685
0.4978463676026181 74.01813
0.4724540492224871 80.93465
0.507065963252306 74.77382
0.4812126650896907 71.27346
0.48088837426951425 78.6477
0.4563439555560385 79.3363
0.43302675777823657 75.56618
0.41087541988932474 68.20042
0.3898316488948585 60.19087
0.3698400664501156 66.24736
0.37982371032187334 62.524265
0.37570772436445554 54.830017
0.35642233814623275 61.77161
0.3733459365877825 68.34511
0.39589305590520396 70.018326
0.37559840310994375 69.94821
0.38883865168621257 65.346954
0.3688967191019019 64.84986
0.3499518831468068 67.65537
0.39898729461830795 67.429665
0.37853792988739254 79.75753
0.393165001295018 73.70515
0.4688167949850599 71.95079
0.44487595523580686 77.87158
0.4221321574740165 82.72888
0.4118700622157985 80.80788
0.4421341221645615 73.77558
0.4195274160563334 83.33006
0.39805104525351676 79.97353
0.3776484929908409 77.65391
0.35826606834129887 77.503395
0.40872794912146987 71.43838
0.45079220028553824 69.08514
0.4542119992461196 73.54867
0.4310013992838136 78.85353
0.45101043105667143 68.02483
0.47159624138027173 72.544365
0.4475164293112581 75.703445
0.48121656040802585 76.07728
0.4566557323876245 72.952736
0.43332294576824326 82.2686
0.41115679847983105 73.94874
0.4055136068634958 75.83696
0.384737926520321 71.23038
0.36500103019430497 69.366745
0.3962137589183369 69.75105
0.42825739988427947 76.21686
0.4342504833280477 71.6354
0.4520174828775469 75.26967
0.4686790096334196 64.31345
0.454206755792642 72.0149
0.48204054901220095 71.40598
0.5403293004017187 81.59716
0.5663675635620925 73.108635
0.5375491853839879 73.51318
0.5101717261147886 71.32474
0.5334582366257836 70.3273
0.5279229751739011 67.9505
0.5168688638524054 66.73083
0.5196679496124164 72.1111
0.5514598655181786 76.883766
0.5721403319401556 74.996544
0.5817784299674761 79.066025
0.5844172898340236 78.66949
0.5680695744347521 76.71114
0.555152768179384 76.122925
0.5481724516613152 81.78657
0.5202638290782495 70.02937
0.5447548564595043 78.5238
0.5170171136365291 77.67175
0.49066625795470264 81.685745
0.47531980809293967 74.7758
0.48755532548853936 83.203674
0.5115741264164063 74.042694
0.5004247661970486 83.16959
0.4990798988777914 85.19516
0.4736259039339018 85.07478
0.4494446087372067 76.56698
0.42647237830034634 75.13796
0.4277328381749736 77.34653
0.42383636537809233 75.16988
0.4352875156730253 81.09493
0.41302313988937406 81.894714
0.3918719828949053 74.61956
0.41140329390747654 76.54273
0.419965341270816 68.27704
0.3984670742072752 76.53296
0.3780437204969114 76.869385
0.35864153447206576 74.29407
0.34020945774846245 68.51766
0.3226989848610393 73.42272
0.30606403561798734 80.40093
0.319868442423389 68.09733
0.3033750203022196 73.42121
0.31889984679454036 73.401024
0.30245485445481335 69.947395
0.3152791251170319 74.2648
0.34387840991407076 67.864655
0.3261844894183672 74.73209
0.3525439815783761 67.876465
0.3653496246944537 72.33912
0.3927070727739427 71.6165
0.3725717191352455 72.82703
0.3769529512001601 72.82244
0.39278716960672666 69.42437
0.422112337401027 74.22141
0.45138698627245477 72.967926
0.4699634175742231 62.96055
0.4459652466955119 78.72206
0.512059573928105 66.123924
0.4859565952316997 73.01731
0.4611587654701147 67.803986
0.4376008271966089 62.516502
0.41522078583677846 73.22595
0.40954774500976826 66.19912
0.38857035775927984 71.14156
0.3686418398713158 68.20637
0.34970974787775 74.592674
0.36953361682853036 71.878296
0.37261522607856895 67.92934
0.3811150618267094 60.26415
0.3978030604934414 68.62068
0.3774129074687693 71.804276
0.4351411913437928 67.572296
0.44111820726884415 71.06552
0.4468859335801246 79.20572
0.4698476608961133 71.245186
0.49235989155055293 70.63066
0.4854696206463816 64.83028
0.4606961396140625 69.372536
0.4371613326333594 71.1322
0.4148032660016914 74.82241
0.4445292328954491 71.38059
0.4659637153674535 67.71224
0.45729315572725515 71.95493
0.4339284979408924 69.56158
0.41173207304384773 79.52577
0.46495253311875473 79.07029
0.45514492944917256 79.34999
0.46345685199167874 79.831184
0.4917606046332009 65.65834
0.4962216522565502 68.29952
0.5253856594032992 74.175995
0.5337133611253448 74.68878
0.5171653915058627 64.056755
0.5200072712882092 65.851295
0.49350690772379874 74.66401
0.46833156233760875 68.396194
0.4444149842207283 71.273476
0.42169423500969183 63.922966
0.40010952325920723 67.793945
0.37960404709624684 66.5002
0.37767702885240145 70.60523
0.35829317740978134 68.112946
0.3731920028501022 73.369316
0.39138893896018195 72.4759
0.40284490848089677 77.08034
0.433622195008788 74.78909
0.4435186276775307 67.401276
0.4561564824048186 64.65677
0.44485276583748623 72.317566
0.4221101275456119 75.11338
0.4005046211683313 64.917404
0.4152930600804277 78.91389
0.3940284070764063 63.51158
0.37382698672258596 62.002094
0.35463563738645665 68.16729
0.3364038555171338 70.704216
0.34729255944362764 78.14324
0.4232204588539908 74.76781
0.40155943591129123 74.91069
0.38098146411572664 66.993225
0.3759744098719054 83.378914
0.36381719513476957 78.35286
0.34512633537803106 70.10101
0.3273700186091295 65.321815
0.3227106748893767 68.991974
0.30607514114490786 69.98453
0.29027138408766245 67.40787
0.3441789490619842 68.32782
0.35780093760502235 71.74047
0.3394108907247712 64.210815
0.3219403461885326 66.64924
0.33442845313158587 63.40942
0.31720703047500654 62.27443
0.3043206451866347 66.100334
0.32895551481664226 75.20279
0.31200773907581014 74.11155
0.29590735212201963 75.036575
0.2806119845159186 72.632965
0.26608138529012265 73.381035
0.27125823948450883 73.91107
0.3322203355604827 67.02468
0.31510931878245857 69.665276
0.38062799536097724 72.85725
0.3913059066914596 76.81729
0.3990973399479613 76.02662
0.4179333892016537 70.56515
0.42331794380486715 71.92944
0.432383568597357 71.25079
0.4102643901674891 70.85573
0.38925117065911463 70.32552
0.39044455362311015 70.04352
0.3947227912064375 77.34183
0.4195769074106777 66.98264
0.3980980620401438 68.16692
0.3776931589381366 78.909355
0.35830850099122974 74.07004
0.4078034957989465 74.466446
0.4213093729373419 67.437515
0.3997439042904748 76.03967
0.37925670907595105 71.81661
0.3726668106408969 82.15522
0.3810671743086321 73.49428
0.4377135318035076 71.82271
0.4153278552133322 69.51295
0.416602851608183 78.88794
0.425449255324746 71.169426
0.40367679255850863 71.29974
0.3915151249976436 78.76413
0.391415760998673 70.975426
0.3713449729487393 67.32684
0.3816894005064261 66.2692
0.3802151946617898 65.21458
0.3607044349287003 72.50454
0.3740903345921797 68.689445
0.37835094377171474 63.297993
0.3932093993961104 64.75439
0.40339827881382684 64.88279
0.42043803692401016 65.840065
0.4768505002048867 69.04919
0.4987039995823104 71.96955
0.547500701156977 70.427216
0.5602684918226372 71.15499
0.5317550672315053 67.63869
0.5216429662068205 59.56969
0.49506081789647943 62.67963
0.46980777700165544 69.127495
0.4458173881515726 60.64074
0.423026518743994 70.77474
0.44745071146904264 69.4211
0.4719061738410521 75.331825
0.4993457717001115 73.9031
0.4867815003232291 73.9041
0.511704322298155 72.73384
0.5350920488477028 79.052605
0.5595869139528005 66.65689
0.5750520095306347 71.87011
0.5873057957020246 77.5038
0.6033301222697535 79.425
0.6154358410854122 75.09296
0.5986521912696169 82.87244
0.5682195817061361 84.07314
0.5898999493721144 78.43347
0.5599049519035088 72.665436
0.5747051158236078 68.48678
0.5715108210057473 70.57588
0.54243527995546 71.42613
0.5574144576175408 71.93652
0.5501915088946173 73.14881
0.5529384958386071 73.199455
0.5396084818099852 74.99907
0.512128057719486 72.28277
0.49572063727215965 79.603325
0.5128674918859691 72.582306
0.5186382022699019 80.08987
0.5118210601212426 72.30198
0.5086711839763758 66.00477
0.482737624777557 79.79944
0.4938337330718083 79.39634
0.4933839169618866 70.3761
0.46821472111379225 84.2523
0.47069352936233966 81.78413
0.48925694095996974 74.76954
0.48341305657565675 75.50265
0.5061064930847718 73.93441
0.5015322167563242 77.94261
0.5567526531610927 79.297035
0.565264982030514 81.29673
0.5640399810076703 78.692604
0.5353379819572868 76.52805
0.5080710828594225 79.62268
0.5082693296925724 83.44715
0.5213760016822468 78.48992
0.49480720159813446 80.839066
0.4695668415182277 68.49859
0.49854810226589624 73.011765
0.5326898925348215 83.269684
0.5311180503278012 83.88112
0.5333527330196203 78.178535
0.5061850963686393 75.04409
0.5324404168019012 74.329796
0.5256026025302137 73.94973
0.49882247240370303 80.48145
0.5136002834255317 73.89361
0.5029330324295501 83.76264
0.47728638080807256 85.19326
0.4529220617676689 77.9847
0.46063502144097923 83.919846
0.4826560979178607 76.48649
0.5019937090134571 77.885704
0.4763940235627842 70.49864
0.45207432238464496 70.43155
0.42897060626541267 72.80504
0.407022075952142 69.681244
0.43196726038793837 66.90606
0.4851178532275112 69.848885
0.4886045847730503 72.25008
0.5022856097599504 72.667725
0.4766713292719529 74.65711
0.46934771874879083 68.687614
0.47190210568063823 77.38514
0.49934090029211264 70.08032
0.5246399197219611 81.35692
0.497907923735863 64.44492
0.47251252754906986 72.60124
0.44838690117161634 66.532074
0.44659081681255586 72.12534
0.42376127597192803 65.97455
0.40939986815272716 76.08285
0.3884298747450908 70.02253
0.3685083810078362 72.80532
0.4390738503765928 72.39887
0.41662015785776313 68.23908
0.39528914996487496 72.88258
0.37502469246663117 63.976513
0.3557734578432996 65.963104
0.3374847849511346 75.266884
0.34060957613484766 67.97372
0.407255528667013 62.918316
0.428298590923552 63.96477
0.4281750617783327 67.96111
0.4504566935390176 67.29318
0.4594680111873027 64.022255
0.45155531053086867 70.57426
0.4377516708766855 70.64602
0.44511930153033996 67.997986
0.4706694251891665 72.10222
0.5271911658857663 71.54496
0.5507467218896286 67.55223
0.5501687791099821 69.00095
0.522160340154483 76.39318
0.4955523231467588 70.923706
0.4702747069894208 75.29803
0.4610105356730434 75.73151
0.4591823002556741 73.68054
0.45704264582695536 61.454845
