0.006595315200122586 0.05693393
0.010248619023506862 1.2600328
0.019523915347391684 0.4292486
0.021570631816378895 0.72296476
0.06765917975167644 1.2359253
0.06744201353593265 2.1702533
0.09172421885086844 4.4421678
0.1331150349569563 5.119396
0.1781753641755066 3.7856164
0.24280355240777912 3.815757
0.23016337478739016 6.480083
0.23715887276129743 10.444273
0.24901418787154614 10.616029
0.2652766752814213 14.809667
0.2857239263891249 16.32774
0.3026041876117178 16.07854
0.2869739782311319 11.556095
0.31029608819628335 24.112535
0.35394901804824963 25.628893
0.33575156714583715 20.781391
0.3309731841190662 28.336155
0.3407449955412582 30.751825
0.35609218469161813 33.894497
0.3832266148875987 43.2313
0.3845149937772512 44.33599
0.3647892440883886 47.015133
0.3460497818839691 46.08027
0.35006051461749377 47.857582
0.3718731341975493 46.875607
0.37831090498402564 61.78287
0.4146449961923648 55.98462
0.43484074327280636 64.25955
0.4488696924560152 66.64634
0.4680993803894691 67.433105
0.48539083251534504 81.67453
0.5289143985016235 74.068825
0.5520444051478227 67.29986
0.5606909597574402 79.73725
0.5840363075591672 72.44698
0.5724753461032068 77.01095
0.5870264103600801 75.98964
0.5571750898420761 70.285164
0.5288163353499723 77.447815
0.5018755185824737 75.973885
0.5382847616117925 79.00839
0.5780981412327981 81.93431
0.6006454890683652 73.648506
0.6038937161433818 67.99949
0.6182390811658696 75.21397
0.6292691952881939 72.31532
0.5973057355237843 69.176704
0.5669404487475951 76.494095
0.58537531005967 76.50792
0.6020351357956882 77.02937
0.5714333790059039 74.48108
0.5423617100556087 79.54899
0.5557585635475456 76.21235
0.5274706353701684 70.25677
0.50059710360166 73.3594
0.49028534123747797 64.80972
0.5283174633335137 67.12423
0.501401590166838 73.79161
0.5128231546827211 75.76461
0.5309965635302633 70.97931
0.5125934701449775 80.82545
0.5128876240185872 75.07574
0.48674324281765785 77.51944
0.5468123896846493 79.540764
0.5189717702004168 77.80541
0.5346364486856884 76.01453
0.5474090990958742 80.12882
0.5948447618315608 78.36832
0.5646025237399828 74.634575
0.5358723975529837 74.45392
0.5392556248185281 78.608665
0.5152756975010656 69.47739
0.5171613283828048 83.94229
0.4908032619636645 73.99587
0.4814755473038144 76.00161
0.4926861886857117 80.577095
0.5035451985042185 71.31448
0.47786793857900756 68.057175
0.48926765658166704 63.723896
0.52027820371283 67.91546
0.5574445848132242 75.211
0.5478337389551846 70.61632
0.5249619698968304 65.798035
0.5277005893015068 72.462395
0.5384678209566535 80.05404
0.5110444299088208 71.99047
0.48499220841337976 64.231094
0.4810410227489632 64.977646
0.456488971611515 66.52102
0.4331645230309393 65.37349
0.441130907075804 72.49157
0.4185743617220138 72.88101
0.3971456436359131 71.26933
0.3767883614541174 73.76407
0.35744894338141153 75.06525
0.3873971049975404 69.61518
0.3675272497476633 69.30945
0.34865088726028015 71.27913
0.34585302351616026 78.880264
0.32806037234035224 69.43815
0.3111573537233346 71.06412
0.29509948603716785 71.73552
0.28335610496857583 72.64571
0.268688299720147 65.890884
0.2547538847341397 70.76088
0.24151619049743267 75.81478
0.257141779221295 77.0301
0.2806639827432697 81.5638
0.3179394209624607 84.24662
0.3190416658034664 82.814705
0.3168134602933561 82.76046
0.34693092117592905 85.157265
0.3999963330301767 83.2313
0.3794965163786678 78.83418
0.36002169055973443 77.41183
0.3614279126107903 75.370384
0.37209950505640993 79.474525
0.3529945298035894 76.32599
0.33484480331340993 66.40575
0.33226464904259045 61.124065
0.3420822987981593 66.59232
0.3515009857857733 63.655594
0.33342593649648467 70.91157
0.32435989412782695 66.46471
0.3076418994214356 72.40173
0.32053212382725915 62.942314
0.32170016523382183 73.00325
0.3606937813123987 77.49708
0.37132375556610586 79.25903
0.35225756778780054 72.70184
0.4064393979547042 81.68182
0.40909832164045196 79.991325
0.4083271346762367 84.70698
0.39885339024415495 70.67213
0.40556788981745867 79.07575
0.4069835625730078 76.50106
0.3861343844443574 69.0799
0.3663276652221395 65.66108
0.37697414380504246 77.51078
0.418845700822609 67.61369
0.4078582740438707 65.577324
0.41574312748318615 60.9865
0.4201533495922247 59.490593
0.44728518305253445 68.77488
0.4402716090090817 64.81938
0.4391904461444952 70.92742
0.4459300754077234 75.28755
0.4231335716373372 70.87391
0.4327473503136551 67.62928
0.43697066511311256 72.60315
0.43496757640834444 73.63091
0.4697366761912404 72.41794
0.4843159492750751 71.701935
0.4783367985999241 77.047745
0.4539199586699279 82.674194
0.4307239607364315 76.37751
0.4499954884004723 77.867645
0.44753003714936246 72.893616
0.46949433119579764 71.61091
0.4959493986507926 75.4302
0.515746050053129 68.214424
0.48945874755047253 72.523735
0.4644858101729489 70.92153
0.44076151966430144 64.59193
0.4182234436810863 65.79706
0.39681227149703197 74.296646
0.44062716943411034 68.94719
0.4780162036770184 66.953064
0.4536153934931675 64.19293
0.4475649166765157 69.42361
0.4827249562594521 68.89711
0.4580887084464795 74.83774
0.43468427302415547 68.290596
0.421427823531567 72.41508
0.4569921490825889 74.564804
0.43364254162845944 72.18834
0.4469262618399175 66.35009
0.4240799487479216 62.915653
0.4686724518897244 62.45494
0.44473882929523817 58.95994
0.4673360001398529 59.956375
0.45729218723326076 60.480213
0.47503084987063876 62.923336
0.4507793073771068 64.978264
0.478975954226956 61.03152
0.488909591424569 65.72251
0.5143522202279092 65.468704
0.4881346092165137 68.27116
0.49530726495184046 66.76696
0.48067254367237633 74.177376
0.484101881274483 75.71594
0.49140132548394955 74.23146
0.4782572878820751 79.0453
0.486029826720906 78.751884
0.5137914175264258 76.55797
0.5360078395761295 75.348236
0.5333925572825003 77.06008
0.5062229294183753 81.570915
0.5369305855512829 74.74887
0.5637422824152176 73.42081
0.548120085722627 76.60815
0.5739115912631142 67.61631
0.5611277971330337 72.41087
0.5609952887158891 78.72939
0.5324455242800947 63.0455
0.50532324806609 70.48559
0.47955708566278543 65.66817
0.4653489475528267 73.783646
0.47082885037018773 67.577866
0.49546687553163254 73.75032
0.4701935317550509 76.37302
0.44618385516729836 61.95445
0.4347222325932218 70.01643
0.46857483105700815 71.38095
0.44464608950415774 73.51409
0.46274689319891354 73.32896
0.4587704454466713 74.04854
0.49740889946897615 71.49535
0.5114253230227779 69.99663
0.48535405687163896 71.940636
0.460586354028057 74.103745
0.4556974552295486 71.09943
0.4561109339065611 71.59783
0.5201914391124725 71.25436
0.4936818671568488 73.333145
0.46849777379900637 76.89932
0.444572885109056 76.1362
0.513566474347489 76.63141
0.48738815063011454 71.85355
0.48328375158175374 74.39279
0.5193771636079988 68.563614
0.5423288793770829 71.24956
0.5147124354082288 75.61541
0.4998942029226787 64.83106
0.5155999362249668 70.25321
0.48931993941371843 68.408554
0.46435394244303246 60.646385
0.4406362453208808 61.40094
0.42338271555012763 67.61098
0.4147357348438413 57.696926
0.3934989481016492 61.301704
0.38253845569091605 65.26872
0.36291153290637024 53.056335
0.3442659562610517 55.9441
0.3941634220489883 49.997196
0.37395525094653886 60.29169
0.3547574883992119 59.78453
0.3365196139792513 61.41847
0.3191936332802887 66.58637
0.34322236177210796 58.51637
0.32556124368350253 68.35347
0.3087831814993274 63.200413
0.3324247275438957 62.2926
0.3356109369037241 67.138954
0.35987854559911897 67.55988
0.3636993869029227 68.39282
0.3832161405877693 66.18611
0.3635553335583808 66.40635
0.38494441496531606 66.782745
0.4412115842218689 64.43858
0.4719390586099281 65.61463
0.44784210567943167 63.39135
0.42495000039546005 68.18764
0.44135690861647625 65.14032
0.4187890631856524 70.74865
0.4071067248712295 73.35009
0.4559639933498266 82.16485
0.4547273354899363 75.808426
0.45028960046144345 87.611984
0.45753223603037424 70.9443
0.4872016090676287 66.21687
0.5068926244473468 73.66795
0.5308387431769886 68.364204
0.5623142934077932 68.10593
0.5336985787374036 69.95584
0.5310425603725187 65.50142
0.5039904323538928 62.04739
0.47829091073619817 72.83934
0.45387636519938823 63.5302
0.4306825469394188 66.30134
0.40864841959244785 70.16839
0.40324183744405456 64.0304
0.3825797455718518 65.941505
0.3629507582932592 64.05409
0.3632847973491692 64.03415
0.3446205574817107 72.76939
0.3268895296076252 66.99789
0.3466850907467432 67.34274
0.3481100890002573 70.56651
0.33020458455024443 67.357414
0.3505909013119434 70.97254
0.35154917886441517 72.842575
0.3334717199211944 74.37477
0.3436337763240151 77.87031
0.3403336920592885 80.04066
0.3487308633846778 74.19245
0.3409251202526818 78.894
0.3638153894348721 77.06092
0.3736766982307302 63.763878
0.36991610235586736 73.323074
0.3797409810826027 71.05741
0.3602539320284725 70.29425
0.3417412354270489 73.75158
0.3738237514564505 69.736
0.39208562502745303 71.6818
0.4156189261598591 70.713104
0.4197820051633633 81.72231
0.4226268530508923 75.12785
0.4009955103983477 83.034065
0.4005910739108619 71.48516
0.3800615202153188 74.44712
0.36055844420455285 74.70066
0.35181413965828473 78.346146
0.3836501096072517 73.16806
0.3639676041268891 72.70781
0.34526922392054465 72.21733
0.37921370536352034 61.1719
0.3597530200953443 68.40718
0.4129871927839077 66.76728
0.42228147287559836 68.31238
0.40066739923181843 65.86789
0.3801340292702275 69.49148
0.4391623976588763 65.42716
0.43256954049319984 73.51254
0.4243961107905684 78.714935
0.46559677844765845 70.38149
0.4418169395252755 77.149666
0.4192260925490117 78.8989
0.4229918147066774 80.752304
0.42454948220059263 79.79819
0.4161626236615305 78.26865
0.41435407394053747 72.46853
0.4339092332030058 74.0897
0.452499289416718 66.46734
0.4727219027955596 70.65354
0.462049142086511 70.96918
0.46764485818637164 68.75708
0.5021981957826152 68.66403
0.4961265817277461 70.78857
0.4708202526413588 66.37263
0.4467792400092908 69.42115
0.4421181860060124 61.1386
0.4666490283405029 62.772186
0.44281657692347776 74.36266
0.42017574807730385 61.106903
0.4213486016946406 74.844444
0.40849984353482266 78.890884
0.43436056051768895 71.35617
0.4236048399030057 78.35075
0.45295831768784156 77.57299
0.4298104018034495 73.76161
0.4827909568011993 71.4558
0.508823373526518 71.289185
0.48288220485019206 67.82109
0.49224950198353873 74.45298
0.5109668611779716 70.947
0.5029597170028981 68.195244
0.5630318284919024 70.83937
0.5596136406070085 64.093994
0.5311329585766581 64.513596
0.535194580921659 64.01597
0.5229609579313016 67.49057
0.5265303445561983 62.538364
0.5243662170045845 67.57338
0.5415434766557646 64.49202
0.5279669688169751 62.692562
0.5401357217179207 70.898735
0.5126289356320247 60.53834
0.5079784543313813 60.40447
0.48921106157564626 63.94095
0.46425050849686395 69.624435
0.44053798307202074 63.64076
0.4446612518603506 65.178505
0.447205379159379 63.014347
0.45631052801951505 67.591736
0.4745167114662421 70.95612
0.5222228517147813 64.82071
0.49561170912904223 63.80798
0.4703311236725901 66.18854
0.5004792900956734 66.86479
0.5157039292910996 60.895527
0.48941873282654463 61.36258
0.46444779618521737 68.99628
0.45149362820809025 77.28052
0.4634635952645952 69.96142
0.48005823159194516 76.98627
0.49122707281333167 72.33362
0.5120057374742235 72.40802
0.4859054506005123 83.32256
0.4611101780704867 74.90377
0.5022852618080045 69.3761
0.5366105457390824 72.28546
0.5858206110158524 65.861435
0.5668537872546694 74.75413
0.547847810471044 78.47687
0.5199554199474918 75.749374
0.49345764895011723 69.11734
0.5156913296294471 68.13324
0.4894067631479747 67.93585
0.46443642499057597 70.18025
0.44071460374104715 74.66606
0.43855364010214765 77.016624
0.4529824016348793 71.21505
0.48286635991782356 77.52169
0.45822304192193236 78.89065
0.43481188982583574 77.271126
0.41257129533454395 66.103035
0.4640104704682517 66.01722
0.4467815112967418 61.078915
0.5190936067042728 80.47868
0.5375605444191471 73.83964
0.5214150803868542 75.301155
0.5045296125764115 77.24888
0.5144855123546541 78.363304
0.5295997889081564 77.82105
0.5256127669451768 82.57259
0.5333022557810065 85.551476
0.5817703197591895 90.018616
0.5950015764114007 83.94808
0.6087512928268506 86.26264
0.6251753029615955 80.91187
0.6353288611197457 71.487305
0.6410797446406553 82.90469
0.6360075793570851 71.04814
0.6443136257505003 65.80248
0.6645917097555964 60.882206
0.6308621242678166 62.969536
0.6407779160333045 70.26763
0.618458043285451 66.199615
0.5870351411211784 69.365456
0.6043714699283244 73.240036
0.5925295029637458 75.72888
0.5924574440141739 72.0104
0.5790770964989554 77.0036
0.5944635953958683 72.786415
0.5869659284686272 75.20704
0.5571176320451958 72.73152
0.5743923654485393 76.02338
0.6078983362072387 62.710155
0.5770034193968767 65.90349
0.5476532484270329 62.787495
0.5802071766631284 64.71549
0.5946962644396996 65.51139
0.5824359170000112 70.406
0.5646269204132237 61.414616
0.5358955743925625 61.58274
0.5086007956729345 70.22589
0.49371471900667696 57.85529
0.524255077893923 73.88549
0.4975423239992268 66.7209
0.5199691238297769 84.30036
0.493470667638288 74.25379
0.5123793104583528 78.39088
0.5042995695781298 73.805695
0.4931229940661316 77.44218
0.4887317748531024 73.79696
0.566315444232935 71.99058
0.5751906128073315 66.72144
0.545931082166965 70.297165
0.5589794602045043 75.94693
0.5492639498674715 78.97834
0.521300752374098 65.288864
0.5195812766137844 68.133316
0.49310221278309513 63.96208
0.5420403369404599 65.3651
0.5630007862525194 76.83386
0.5343507469398935 65.745766
0.5071332095928989 66.85268
0.521439008271678 62.515575
0.5623837514704507 78.754486
0.5681559293214685 74.0837
0.5509885696131667 72.949135
0.5229391411325084 67.976036
0.49629218407588294 66.026985
0.5015493920011854 70.41564
0.5127947886031088 74.01562
0.5660693452363512 80.097916
0.5372658779745337 70.86711
0.5884256298741015 74.63494
0.5669516104967105 75.29829
0.538104029971875 75.30225
0.5358308197268197 63.68498
0.5375054437201731 78.08425
0.5242846707502921 71.185646
0.5092533230501606 72.41213
0.48329065689765255 69.16508
0.4586261240527699 65.12277
0.4351948178501314 74.22613
0.43940357847008543 76.56968
0.41693339954658115 67.98892
0.39558672956925206 72.10959
0.41710612730731306 71.354225
0.4105211537283636 72.308655
0.4443859221229814 75.404526
0.4216666260168323 76.70227
0.4416714973589442 71.461365
