-0.0005 -0.03134081
0.04741704809006247 0.014435589
0.04454619568555934 0.018692844
0.08369024393908814 0.033077776
0.07900573174213373 0.043278553
0.1090511776403372 0.07299058
0.10309861875832034 0.07050198
0.15897934324509289 0.11983834
0.19628230169526467 0.10215055
0.24356683067091842 0.15745425
0.294221445220171 0.15564208
0.32299496215895074 0.18317194
0.35572990934553006 0.19863993
0.33744341387825355 0.2571548
0.3512276476036489 0.27580073
0.3849860976638038 0.32422653
0.4161283896941457 0.35584494
0.3948219702094384 0.41778994
0.3745808716989664 0.44751418
0.3553518281140181 0.51170176
0.33708423670831716 0.5628135
0.3197300248729013 0.62045646
0.3032435236292562 0.648658
0.33959358865948935 0.8269281
0.3221139092265149 0.7659979
0.3506066929519691 0.910583
0.3716648318158264 0.9390772
0.40485231466137167 1.0009365
0.38410969892830304 1.183305
0.3644042139818879 1.3408103
0.3456840032827935 1.7290854
0.38035487361591547 1.7114809
0.3608371299351197 1.945342
0.3681401165392235 2.3445752
0.3492331107122623 2.8857062
0.3312714551766492 2.797688
0.3142078824178167 3.3581805
0.29799748829692585 4.1793003
0.33622431474001596 5.872256
0.3189130990030151 7.5981426
0.3470986055698179 9.767018
0.3819350372547242 10.2952385
0.362338285391988 11.063504
0.34372137112238854 11.276259
0.3747936532268185 12.288196
0.35555397056547755 12.993205
0.3372762720372037 11.154426
0.37535428152201916 10.951043
0.3560865674459182 12.083413
0.33778223907362226 11.851052
0.3513192003949208 12.288677
0.3997034212943542 11.111331
0.4283828556502301 11.138981
0.45594636211705303 11.541117
0.47003233897908314 12.220081
0.48011540854918555 12.39607
0.5096863636029172 12.575381
0.5850326960827451 13.729208
0.6067969735487744 12.146167
0.6267833921058092 14.001027
0.6470701232097743 13.117785
0.6628299977090413 13.115278
0.6291884978235892 14.0854225
0.5972290729324098 14.325023
0.6085173712680568 14.547464
0.6254122875112712 14.01639
0.6221096969445785 15.413211
0.6419748816102125 13.738973
0.6583390991867814 14.991754
0.6751167644347119 14.318512
0.6408609262129763 15.391824
0.6083178799023276 16.670696
0.6221820821214668 18.040857
0.5905729780153934 18.490656
0.6122151130207362 17.950994
0.5811043573696993 16.614927
0.6016859066511928 16.931915
0.5856694744187613 16.223501
0.6336970692714141 17.597235
0.6192258639269334 19.150583
0.5877645707305867 17.283228
0.6264062912931293 17.01175
0.5945859767284729 17.919065
0.5643566778920492 17.285547
0.5356388439974468 15.952914
0.5083569017975744 17.046585
0.521425253830941 16.922411
0.5313453866491634 17.805971
0.55515013644368 19.433775
0.573495020467248 18.919756
0.6115567163596499 19.429743
0.6206426901493758 18.56938
0.6305382467631061 18.897451
0.6800387625845716 19.978579
0.6936969827154953 21.154768
0.692611393886585 19.52395
0.6574808241922557 20.577745
0.6734889783407061 20.537401
0.6393145294236708 20.289948
0.6552945287151248 20.012014
0.7115119177344231 20.217049
0.675436321847702 20.41158
0.7075531604700176 21.592108
0.7007596043545041 21.270668
0.6940544102366488 20.268251
0.6925446042879332 20.208937
0.6981147092751844 20.631823
0.719377114790757 21.42025
0.7234889736011458 20.926132
0.7379632103362532 21.543715
0.7375732000858656 23.059153
0.7335473371921601 24.49148
0.6963699703325522 25.34296
0.6772997195826326 24.278158
0.6824520281879657 23.31207
0.6681367247670323 23.98903
0.6761645025559417 24.564493
0.662898926533746 26.149475
0.6373583483506489 25.027353
0.6182084146960097 26.107132
0.5867979939612092 24.69183
0.5569580942631488 25.045158
0.580236602481338 23.933016
0.5921494226546398 23.359953
0.6120512435244212 24.57473
0.5809486813482002 24.30496
0.5998092576153582 24.907227
0.6165307712669986 23.888382
0.6056442646433069 24.85377
0.6181382158170677 24.146069
0.6142678322187242 25.37924
0.583054440607788 24.68798
0.5772501880450546 23.046324
0.5941767358767501 23.59693
0.5865999947823951 23.087477
0.6009320009325348 23.203594
0.5703854008859082 24.616344
0.5413661308416128 23.48042
0.5137978242995321 23.621239
0.5461607075139788 24.0776
0.51835267213828 22.966745
0.5405929070709082 23.46015
0.527621477270612 22.996948
0.5657460152870335 22.394985
0.5764086163676553 22.715681
0.5904042011808884 21.786846
0.6128412629030269 22.047499
0.5816991997578755 22.001858
0.5521142397699818 21.284042
0.5240085277814827 20.488808
0.4973081013924085 20.201122
0.5063594742982791 20.00207
0.4991730629707688 19.797747
0.47371440982223034 19.827589
0.49075413156060704 19.911867
0.4918059532287895 19.383745
0.46671565556735 19.044537
0.49088464618000627 19.481262
0.5197306245683937 20.497215
0.5388855853908664 19.745037
0.5522090640003804 19.36089
0.5240986108003614 18.918968
0.49739368026034325 19.711765
0.4978181410469854 20.01813
0.5250905010428931 19.396212
0.4983359759907484 19.079565
0.47291917719121096 18.791422
0.4487732183316504 20.643776
0.443329371401789 19.451723
0.4522230466437809 18.253494
0.4813222581164779 19.606806
0.540895850128032 19.361155
0.5338601041495018 19.193604
0.5066670989420268 18.613646
0.5201242439302987 19.337997
0.5567777984364879 19.006582
0.5696249909578589 18.871065
0.5799776659998319 18.215647
0.5743980151916106 18.832884
0.5655891497033624 18.848032
0.581588807447694 18.685698
0.5520093670753093 18.966957
0.5239088987215439 19.792805
0.5473937206545646 20.165625
0.5638914619494468 18.699692
0.5817098041627236 18.143808
0.5521243139545874 18.424494
0.5240180982568581 19.192438
0.5351583504766048 19.442053
0.5079004329527745 19.203032
0.4820054113051358 19.583288
0.457405140739879 20.141468
0.47775681296343436 19.963396
0.48722924766458336 19.314077
0.4623677852813542 19.243246
0.4917620119123361 19.979527
0.5161689527776107 18.835613
0.5077079339717425 20.372122
0.4818225372731554 20.32498
0.4572314104094976 21.122501
0.4338698398890227 21.53514
0.4116763478945716 21.563023
0.390592530499843 20.865908
0.424629463474563 21.111761
0.40289799030083484 21.226267
0.4217398733264028 21.199753
0.453402955593688 20.579676
0.4703644871770229 21.870401
0.5146395274372018 20.15658
0.48840755106534167 22.3199
0.5130519903421003 21.176683
0.5313688087933857 20.281305
0.5453045642753006 20.967175
0.5175393360615356 21.62582
0.49116236925845874 22.956165
0.5048996729377266 20.126738
0.5245245743697987 21.167433
0.5329441555096476 20.26261
0.5855198881679814 20.746117
0.60452109098246 20.311502
0.625039061600059 21.55425
0.6471321756693437 20.93502
0.6437681098369835 20.021559
0.6616410023381191 19.432508
0.6411647565017148 20.375887
0.628698848520188 19.81858
0.6462931167152115 20.269627
0.6814424314789912 19.539509
0.6468703099050417 19.403423
0.6140267944097896 18.489893
0.6322281207655243 19.093264
0.623866549642046 20.106274
0.6526454721520256 21.360905
0.6749218108236424 19.332949
0.6406757202824603 20.272236
0.6595143204690948 20.6867
0.6260386044456401 20.754017
0.6315673689614215 19.58114
0.6393306550727211 20.934786
0.6068641223190852 20.743792
0.5975818640278843 20.095404
0.6125777401564431 20.902327
0.5814488531486209 20.21891
0.5885311342959698 19.70957
0.5586045775811713 19.20943
0.5623462672840431 19.891294
0.586869002503372 21.662626
0.5917122691472658 20.811525
0.6160987511580815 20.259792
0.5847938136001775 22.420218
0.5648533139218289 21.275509
0.5659191566284449 21.280268
0.5941046086613584 20.414772
0.6194791473444281 20.75008
0.6245976943786652 22.224579
0.592867809659732 20.298153
0.5899189106418582 21.59455
0.5734716992242088 21.393845
0.5578612014358358 22.986975
0.576500082678466 21.814978
0.5471750785445427 22.92309
0.5344240667810564 22.98004
0.5771608835891742 23.75558
0.5669846366306583 24.393764
0.5544667748796094 22.787464
0.5433177179828136 23.1114
0.5156518320836729 24.378672
0.48936924047948926 24.190165
0.47733926944214833 24.69967
0.49615379811078525 25.031372
0.5451989378207733 25.842222
0.5918419103505896 24.63027
0.5754992023476799 25.930492
0.6037614605619629 25.673975
0.5730733875338648 25.959269
0.5978890842017622 24.34043
0.5803710637959589 24.70372
0.550852510606161 24.67939
0.5811863704123206 23.911375
0.5662009563227535 24.19868
0.5676373550845365 23.388525
0.5508705674609953 23.07277
0.5335724248885516 23.216959
0.5460305732602896 25.390478
0.5324602631225172 22.335691
0.5053372499663913 22.351255
0.4795703874680717 23.642555
0.45509186809466806 22.36421
0.43183727468993466 21.825758
0.4097454109554379 21.764061
0.44741866251354917 22.460476
0.46771699550723744 22.127108
0.4972368099018242 22.665884
0.47187496940673296 22.245228
0.4872312981683947 21.244339
0.48424166039542393 21.622856
0.4595295773756527 22.251757
0.43605309850687 22.310186
0.4137504435815265 23.226969
0.4125963864003834 21.81026
0.3914665670803642 22.334
0.371393238726346 22.511642
0.3523235767900287 20.359915
0.38969207062777045 19.086226
0.4184440517624094 20.256573
0.3970218491742889 20.113863
0.4170334623717353 19.245844
0.3956817892531485 21.339363
0.3753976997904911 20.990215
0.4024640079791804 19.382936
0.3818408075802214 18.836756
0.3923463316546435 20.504505
0.437220144017967 19.45253
0.41485913681706865 19.267202
0.4114706222299568 20.504715
0.4178398676200361 20.408533
0.45775355745393853 19.397701
0.49102900907730673 19.949173
0.5355384312776277 18.860573
0.5683595403340347 18.838493
0.5605289316293919 18.91029
0.5320024850479224 20.434158
0.5607188965773341 18.706831
0.5321829517484674 20.41398
0.5472374526924191 19.206257
0.5265564734797948 18.864809
0.49972864980580506 19.090353
0.4742422173155148 18.478525
0.45003010644973906 17.184492
0.4819932102283464 18.122042
0.5140463128099098 18.292608
0.5204548789856817 18.165928
0.5193304183358255 17.769783
0.4928638974190342 17.703222
0.46772070254808246 17.412716
0.49471273078875166 17.336376
0.4803197111433556 16.98206
0.4969967201506201 16.550873
0.5120105786320621 17.473179
0.5321119612597288 17.15572
0.5258516306622113 17.060104
0.5493535822741891 18.225355
0.5596315619889338 18.526434
0.5842247566658713 17.776825
0.577756512843911 17.381302
0.6155557729736314 16.694674
0.6284538654980314 16.882105
0.6238568855280479 16.50841
0.6236914451472431 16.594063
0.6108993911927681 18.29289
0.6265916201394245 17.396318
0.5947620391324533 17.615683
0.5645239371758306 17.972353
0.5869917490527613 17.27709
0.5904686743866284 15.973764
0.5929431690380439 16.148937
0.5627960105861417 17.7652
0.5783404282957227 17.493101
0.5798812042374427 19.856527
0.5913622611256834 17.952469
0.5843098616123467 18.430456
0.5545943685317294 18.535805
0.5876149752147118 19.862398
0.5577342264539763 18.382874
0.5514247960806025 18.31598
0.5378782118745604 17.918842
0.5104843012808324 16.744871
0.5262526111758985 16.603777
0.49943998061710354 17.572124
0.48559156659803915 18.016653
0.4640327636113779 19.295135
0.440331125430809 18.597498
0.4555693420101726 18.797836
0.43229087490966395 19.142649
0.44975789207579364 18.770252
0.47663679604420395 17.399406
0.45230495624199374 18.346235
0.45668515243241614 17.764496
0.4916364330364692 19.053982
0.4665546113846457 19.224073
0.4427268808154134 17.554968
0.4200905367746427 19.762295
0.39858600993591053 20.184574
0.4309972757072298 18.741468
0.4089474119218683 17.971123
0.38800004132577487 17.49142
0.3961176678619255 18.793976
0.4182465998144366 18.788815
0.40798868088012324 17.98742
0.38708924683611706 17.586824
0.40005853177332956 17.795156
0.39396692637574593 18.858692
0.43327236102425126 18.18211
0.4902892304742168 18.276182
0.5351489788931786 17.467417
0.5608348647574856 16.195654
0.5959368620034556 16.876898
0.611664282404647 17.03191
0.6177705667343807 17.535707
0.6151802668189644 17.642324
0.591323729888169 19.297512
0.5839093990091894 17.59641
0.5542139290587299 19.439146
0.5260032326057934 17.14752
0.5496110408713153 18.334888
0.5662687084932767 17.500616
0.5966812231161484 18.586203
0.6054395780287557 17.154192
0.6388709921957965 17.334616
0.6334555045756415 16.284716
0.6252027732112636 16.747847
0.6350858716199731 17.082804
0.6028315780389745 17.033255
0.5987492087310513 17.017767
0.5816954775323638 17.579151
0.5875557561654585 18.129019
0.6186064082207345 17.097765
0.6402742280493751 16.881601
0.6449162484253051 16.946165
0.6617262479806529 19.395601
0.6486950832121984 17.58847
0.6282057944111948 18.4425
0.5962955046906351 19.566378
0.5659807294561033 18.35957
0.5760716996042072 18.46655
0.5625075280019562 18.4441
0.5338821516018585 18.5523
0.5418496272590049 18.556387
0.5242964901955423 17.861526
0.4975816656857651 18.11903
0.4901778063228114 17.542137
0.4964817575665976 18.00644
0.4956355358296165 18.99397
0.5231236699102374 17.38984
0.5659756025008327 18.024323
0.5682429070576903 16.409952
0.5393307617048059 18.159533
0.5118642236195656 17.701826
0.48577101243858734 18.060133
0.48620426483624773 18.426798
0.5106984051934966 18.524033
0.5189935145136058 17.381079
0.5382277337659657 16.762844
0.5617284158559117 17.725279
0.5840387616992201 18.6263
0.5862450756887705 18.221195
0.556432821904332 19.34151
0.551442550956375 17.630894
0.5555176377571335 18.48701
0.5553836851055751 17.751772
0.5271145008502964 17.719076
0.5380262044445685 18.216759
0.5343149826933694 18.32101
0.553385094505095 18.534077
0.5662654100090914 17.707298
0.5483196150245386 18.13499
0.5881017082471609 17.809404
0.5839017648096441 17.628042
0.6003800797612402 17.544874
0.6007736038195277 17.92676
0.613641064219212 17.616177
0.6289947163795772 18.473143
0.6465259964386932 18.799225
0.6136996966167586 18.163767
0.5825147117859207 17.08788
0.6017485189342232 17.352741
0.6034082770666043 18.487997
0.5727378632132741 18.242533
0.5547288084575775 17.842861
0.5264923680346987 19.21848
0.5249648683834736 18.806639
0.49821662496429986 20.592623
0.5238154638761734 19.292278
0.5489956787751419 18.923143
0.5210458948363849 19.81555
0.5267391142105067 17.762836
0.49990215849998126 18.088383
0.47440705057498217 18.09301
0.48998484585097113 17.772198
0.5420832747649271 17.383732
0.5386916457389673 17.2929
0.511257063452019 17.673223
0.5022335434368262 18.218456
0.5101103051560403 16.527945
0.5345306251935158 17.26402
0.5639037559528471 19.017254
0.5352085681552048 17.23356
0.5338378628804211 17.497765
0.5217072477782636 17.087515
0.4951218853893504 17.542746
0.5156492703528345 17.25447
0.48936680683519274 17.062576
0.48854899668583873 16.917606
0.5222483532742934 18.3789
0.4956359356105787 16.92559
0.531951038953284 16.60365
0.5048534870056198 17.459507
0.48582796989382 15.315833
0.46103657139912896 16.208673
0.4900456886972021 15.763968
