-0.0005 0.007615987
-0.000975 0.07831689
-0.00142625 0.116635814
-0.0018549375 0.03609523
-0.002262190625 2.7785736e-06
-0.0026490810937499997 0.42943007
-0.0030166270390625 -0.03515963
-0.0033657956871093746 0.8758273
-0.0036975059027539057 1.160294
-0.0040126306076162105 1.4193182
-0.0043119990772354 3.415245
0.037603974860945744 3.9285011
0.03522377611789845 5.092592
0.03296258731200353 4.15093
0.07128798243098255 9.04893
0.11088873271193508 7.4430814
0.14858559256014972 11.262036
0.14065631293214223 10.95126
0.13662631528126226 14.213763
0.18910969838562203 14.551961
0.17915421346634092 15.559201
0.2418236194313996 15.483517
0.2292324384598296 25.209536
0.2172708165368381 20.800678
0.2606843835943382 32.299713
0.27501085831127875 29.225586
0.31314510187168765 37.07878
0.3231924617409916 41.27073
0.34885232571317265 41.777283
0.330909709427514 48.0171
0.3138642239561383 49.563618
0.3494394752482996 61.91893
0.3314675014858846 54.73241
0.35070873850192463 60.317966
0.35717514953815394 64.27403
0.38759328799464954 60.344196
0.4183957640966494 67.81902
0.39697597589181693 73.24025
0.3820040843161961 67.32467
0.40135259363440323 72.32962
0.3807849639526831 71.29969
0.3973427650733994 69.10283
0.40813254486895817 65.97932
0.42099557976356644 63.518177
0.44662017256264785 67.5975
0.47423175535046697 67.15795
0.4767585660085935 65.680984
0.4713090533873381 78.59098
0.48712069808846015 77.66207
0.5060881045198534 73.4234
0.5142158162627528 74.24986
0.5145584059130086 73.346306
0.5013540006066978 74.06757
0.5121657447745656 73.07411
0.5029126217966212 71.67457
0.47726699070679013 75.55477
0.4529036411714506 69.364784
0.4851337729222871 70.5361
0.5130380169895268 66.4325
0.4868861161400504 65.158806
0.46204181033304786 66.6151
0.4560214281660082 63.434727
0.46052577430769776 66.76269
0.48791705410168734 71.6416
0.4755838888223035 66.34581
0.5046658398760967 68.240845
0.5205346932265502 71.12442
0.49400795856522267 75.43268
0.5320700144449035 60.088398
0.5049665137226584 69.00792
0.4792181880365255 62.389523
0.5054503445310159 62.72155
0.5058564646161151 60.020885
0.5186334291405178 66.20273
0.4922017576834919 60.245457
0.5009486427601096 69.20928
0.5098115027802479 63.80264
0.5279475711592794 62.437733
0.514765370037289 71.42325
0.4885271015354245 64.16345
0.46360074645865323 66.447784
0.4597091936319574 61.904633
0.5331298203610028 63.108322
0.5580865602850403 69.92156
0.585195691912207 62.694298
0.5915602849029337 68.28357
0.561482270657787 63.791725
0.5688967530632278 70.99934
0.5399519154100665 75.76604
0.5844680525385577 65.95118
0.5547446499116299 66.50964
0.5265074174160485 63.922237
0.5552046765921919 73.38875
0.5269444427625823 68.88919
0.5421454347104975 64.212875
0.561136937453493 61.396107
0.5848159164132041 63.20164
0.5550751205925439 69.34023
0.5268213645629167 71.02865
0.5548743526266353 64.99318
0.5477444497802382 68.70641
0.5680866586929019 59.432964
0.5391823257582568 62.187767
0.5620715302380052 65.28668
0.5878334894203234 63.474037
0.5644409854993017 58.73352
0.5357189362243366 69.79034
0.565848286167778 64.29527
0.5796865552427858 67.58975
0.5885589901519787 75.21196
0.5586310406443797 61.538292
0.5847259676876175 76.01651
0.5549896693032367 69.10806
0.5796578779022057 71.21571
0.5895071637140249 72.06815
0.599145719955658 69.10254
0.6108273698077223 59.408405
0.6359435363603777 54.39462
0.6185766921707023 62.576176
0.5871478575621673 66.76792
0.5963164323386773 56.83248
0.5814178741803532 68.45902
0.5754168284275232 68.431755
0.5658275068979339 66.45505
0.5911820835915083 63.66576
0.5611229794119329 71.38362
0.585260602870564 62.8264
0.5901768199454449 63.754078
0.6057257999969307 67.35609
0.6104478864939911 61.73151
0.6269823457646924 58.63048
0.6518139259041612 66.52675
0.6601181794317018 67.89659
0.6778480941582022 67.747246
0.6523139772437129 75.54281
0.6452553302856634 73.17983
0.63766275094956 73.29867
0.618055881065998 74.36339
0.6497843360638638 76.90766
0.6521096351825506 76.657555
0.6190041534234231 68.41758
0.587553945752252 70.26433
0.6104402233864008 68.9858
0.6361846263044368 73.657455
0.6404642134527598 69.72136
0.6079410027801219 76.03405
0.6260228304317914 79.09523
0.6202069066567425 74.86449
0.6021637261225106 66.77404
0.6047215205119969 70.34949
0.5739854444863971 67.75006
0.5447861722620773 78.69968
0.5170468636489735 78.14949
0.520804646403911 80.037674
0.5224400657126287 68.67556
0.5523345551880732 72.23275
0.5460261783026179 65.28112
0.518224869387487 64.40996
0.4918136259181126 64.559364
0.5192632557902482 70.55877
0.5347895674258624 77.094505
0.5391010302462355 70.26323
0.5423102537982438 66.48849
0.5595504428699747 75.039154
0.5796142121981662 70.28102
0.5501335015882579 76.16829
0.5559731876648575 67.71545
0.5276745282816147 76.07139
0.500790801867534 74.26588
0.4853835492333883 74.00633
0.4606143717717188 76.96402
0.500712076264065 79.205864
0.4751764724508617 80.45281
0.483097749856227 82.122574
0.45844286236341564 80.19327
0.46293000359917036 83.870445
0.4872541622759302 74.4909
0.4623914541621337 72.195656
0.485462743835659 73.662415
0.46068960664387604 74.12922
0.4872685965146941 69.42477
0.4700296426995567 69.90502
0.49866324345666846 66.30422
0.5129588150577697 69.66615
0.5083324434205794 65.01801
0.4824158212495504 64.4347
0.45779503018707285 63.766094
0.43440527867771916 67.61825
0.4121850147438332 70.65055
0.3910757640066415 68.84996
0.41169490000127884 66.36143
0.3906101550012149 67.4491
0.3705796472511541 70.7888
0.3515506648885964 73.16439
0.39655567620109716 75.53821
0.4202334522314175 62.98801
0.41169502818221165 65.20007
0.40058543662056706 65.616325
0.39798678195222326 67.48014
0.3775874428546121 67.68595
0.3582080707118815 67.56392
0.3397976671762874 72.70177
0.322307783817473 69.83927
0.35211276865074237 77.95903
0.36735170351263063 73.64071
0.35514809414560594 75.78442
0.35198397239801227 75.29965
0.3872538463899163 77.3084
0.388805269615534 78.92392
0.3688650061347573 73.056175
0.34992175582801943 71.10319
0.33192566803661844 79.848
0.3148293846347875 78.21281
0.35167237555607567 81.31221
0.35939521851362144 72.31176
0.37555039804518714 77.96485
0.35627287814292774 86.85611
0.38171508996667725 80.85771
0.43068358263208617 78.32405
0.44442343215142077 74.37807
0.4257329056622965 75.28719
0.40394626037918163 71.54114
0.3832489473602225 70.663124
0.3635864999922114 71.12252
0.38360536448742044 68.650955
0.39238227345178256 80.595116
0.41237053250188727 81.341934
0.3912520058767929 80.335815
0.3711894055829532 81.02918
0.3792098035079086 86.37802
0.39318597898596247 84.49075
0.37302668003666434 79.75261
0.41974137694181907 81.217064
0.43936357113039903 84.078575
0.4168953925738791 80.90367
0.4384557809819418 78.34347
0.4789200125628131 78.24683
0.47539684650027175 71.12649
0.4751192427348556 73.07787
0.4817692449405446 70.31392
0.5504343268142248 55.792656
0.5563938077293944 68.76586
0.5901475220480401 65.667274
0.5961154266249942 65.23372
0.5658096552937445 65.444336
0.5470212185345479 63.82909
0.5191701576078205 66.5397
0.5355314223676001 58.241714
0.5648498016507083 66.644875
0.5609295932892607 64.1457
0.5677788346045384 65.279945
0.553086447989152 63.12256
0.578896204691757 67.885704
0.5751300870180287 64.92595
0.5671722925888781 65.1587
0.5668569164847391 68.93119
0.5962237016596622 65.44563
0.5710800711440381 69.55272
0.5897658494583748 71.647766
0.5597775569854562 67.87279
0.5312886791361834 71.91168
0.5262358819493299 62.006123
0.5273670440574112 62.53802
0.522128757506507 59.88332
0.5352939800893548 63.888317
0.5624329558881583 66.63656
0.555641662847276 53.63619
0.5744697819530036 63.86769
0.5704224979642573 69.676796
0.5543168190690372 68.97419
0.5716548131082032 67.394905
0.5480367189531118 65.33673
0.5201348830054562 67.05044
0.5267632905253908 68.575966
0.5364611180794403 70.65882
0.5280052842664944 71.69405
0.571891869590849 68.661736
0.5623240596717581 70.259
0.5598155625451846 68.62743
0.5474829999584617 67.50711
0.532277079872458 74.48435
0.5367904332016273 66.710526
0.5321515976022897 70.40682
0.5050440177221752 73.22347
0.5553050675245793 70.095795
0.5788741893017485 69.38047
0.6014050368276377 66.33959
0.5708347849862558 65.45761
0.5535399442369741 68.05041
0.5664564323991699 67.21277
0.575926464226635 74.62701
0.5647774506018575 71.72269
0.5360385780717646 64.643745
0.5637409235474221 66.178276
0.5350538773700511 66.61851
0.5078011835015486 69.920555
0.4819111243264711 68.89905
0.4573155681101475 69.60815
0.4339497897046401 65.33225
0.46766268447725406 67.5669
0.44377955025339133 69.373405
0.4488011389345138 65.374016
0.43750617163953637 64.0056
0.4417715694292217 66.45036
0.4408384965249252 75.65928
0.4388988900721838 71.772194
0.41645394556857457 72.54391
0.43190104180818545 72.87139
0.45397421788420733 70.22267
0.4927739448208873 70.24093
0.4720966308311646 68.445145
0.4959478146700637 70.973366
0.4706504239365605 72.244934
0.44661790273973245 69.73705
0.4419327430738729 75.44275
0.4349682356581234 77.53947
0.4127198238752172 75.89588
0.39158383268145636 80.0499
0.42338499636475535 71.76964
0.4190854124226487 76.080215
0.40748459355262023 66.83317
0.45030246012823844 78.70788
0.4272873371218265 72.86557
0.40542297026573515 71.25664
0.3846518217524484 67.62008
0.3736747420276878 66.13469
0.43236401856020173 68.085304
0.4495843240836672 75.5929
0.42660510787948386 67.28423
0.40477485248550965 71.82251
0.38403610986123415 62.128296
0.3998168653529769 68.857796
0.40714167656878264 55.966427
0.3862845927403435 68.93205
0.39123748589583296 70.30251
0.3711756116010413 70.43497
0.35211683102098923 71.673584
0.38822962914739617 68.293755
0.4006438255220024 73.14022
0.4077408246488741 73.75193
0.4366345687133094 82.45823
0.4334002323345159 80.66348
0.42604669169500753 74.268105
0.44040247488020356 74.05765
0.4470876767258983 68.994255
0.4393705632996014 63.843933
0.4169020351346213 68.54894
0.4364802142855631 72.05887
0.43439369389725496 71.26357
0.4595232825843582 73.86551
0.43604711845514027 70.970566
0.47383870992571564 77.17326
0.5351233464494971 64.57344
0.5345985608061771 66.639175
0.5073686327658683 65.661
0.5448485446400833 68.6937
0.5349692135579177 61.9316
0.5077207528800218 63.32309
0.4818347152360207 65.084145
0.45724297947421966 65.49925
0.43388083050050863 63.11096
0.41168678897548316 64.05806
0.390602449526709 61.18894
0.3705723270503735 69.62764
0.39779160670847336 70.60053
0.37740202637304965 61.902508
0.4011176645300126 67.24877
0.3853994701216041 68.5582
0.41582230697668926 73.20675
0.4334099067264447 73.67776
0.41123941139012243 75.84195
0.4153091374305884 67.117325
0.394043680559059 63.830425
0.39304070295035515 62.56165
0.4154251786869813 66.14768
0.39946722356472925 70.38478
0.37899386238649274 72.4819
0.3595441692671681 69.3098
0.37786283826418793 64.51125
0.39029937537171866 72.19476
0.3857804152223238 76.050156
0.3831205853361232 73.94651
0.39025062050463344 73.15818
0.37930521640313464 79.83814
0.3868016195670011 82.58123
0.4232582268724452 74.327126
0.4711437509275051 69.62954
0.44708656338112984 82.62708
0.44138252642619463 76.95385
0.4188134001048849 80.9259
0.4365776025308627 72.70003
0.41424872240431954 71.991974
0.46094202924481414 73.685326
0.4757282314819174 69.793015
0.4847765992565036 69.07766
0.4600377692936784 67.27737
0.43653588082899447 70.538155
0.4313732789321309 78.416466
0.46534538215361787 67.96925
0.4771489129850578 76.64504
0.48225536509910033 79.84884
0.45764259684414527 64.613785
0.434260467001938 71.43347
0.44682922119468754 70.19767
0.42398776013495315 69.628265
0.49498045553960446 72.28866
0.4697314327626242 70.099434
0.4965607422738099 67.28129
0.4928264225056448 76.74702
0.5159701602805933 70.20341
0.4896716522665636 72.643845
0.5099991742190133 65.705055
0.5206328854481493 67.73729
0.5106337099262924 68.84432
0.4846020244299778 71.31907
0.500449235600209 69.7423
0.5237926417446094 63.460773
0.5105288837185684 70.9462
0.48450243953264 72.25006
0.507739520371919 71.72929
0.5098662033970898 75.57363
0.4998783605882382 69.38473
0.555923640332479 78.73142
0.5276274583158551 67.41628
0.551960173288663 67.41423
0.5484072036462111 61.73664
0.5955144734956274 68.744606
0.5680808661395244 75.10081
0.5914314414389429 72.35037
0.5613598693669958 69.96183
0.5406632779683838 71.82957
0.5131301140699646 80.319885
0.503642855254878 71.62972
0.477960712492134 68.33071
0.45356267686752727 68.65107
0.4508253331686587 67.30742
0.4561518967598117 68.53469
0.45203896939255916 70.84797
0.4289370209229312 78.45621
0.41830989462219603 81.229355
0.3968943998910862 78.41729
0.40671310517096393 77.66644
0.38587744991241574 76.82475
0.3660835774167949 80.96485
0.3472793985459552 71.17019
0.35194645550801484 69.49099
0.4274977283594899 75.302864
0.4056228419415154 71.87968
0.3848416998444396 74.8836
0.3650996148522176 62.18071
0.3745807222178928 72.27921
0.3783460660083686 73.17073
0.36742159087899606 67.18369
0.3621901095576712 65.15968
0.40209563637324985 71.83339
0.42365104046818614 78.13199
0.4019684884447768 72.28183
0.3813700640225379 68.95057
0.37687420407069055 79.11917
0.3849764454133972 77.38479
0.3932733018086163 81.61302
0.3731096367181855 70.327995
0.36029184076206866 68.3948
0.3417772487239652 74.63028
0.3481278680817366 63.84065
0.38853746080682733 66.23075
0.3686105877664859 68.38302
0.34968005837816163 63.084908
0.36844664478509187 74.546005
0.3689497556684583 69.409546
0.35000226788503536 72.84532
0.38559180695207596 64.36594
0.410469855590006 67.40271
0.4402403977991616 68.923706
0.4177283779092035 67.03704
0.3963419590137433 62.913918
0.4125125629152869 72.565674
0.39762200627949496 68.82265
0.4059928403298607 69.38466
0.42452870557225897 63.117813
0.4251607494099915 70.144905
0.4333988429781298 68.08715
0.4800738979429311 73.37554
0.49689231966801534 75.09708
0.49505787642511545 74.80982
0.46980498260385967 73.92231
0.45089755857893493 65.56108
0.44115908878910326 70.515945
0.4186011343496481 77.576744
0.4424606737112883 74.666504
0.4198376400257238 79.753525
0.3983457580244376 69.62458
0.37792847012321573 67.878
0.3585320466170549 71.313896
0.34010544428620215 75.59419
0.34702287025561485 69.501656
0.32917172674283407 62.74269
0.3533857471704086 73.07431
0.3640832251570945 71.88787
0.403797161116011 69.66269
