-0.0005 0.15278359
-0.000975 0.032774806
-0.00142625 0.06113781
0.05523767843242633 0.07822405
0.08789978657214662 0.09455887
0.08300479724353928 0.12154299
0.10746474194923268 0.15587097
0.10159150485177104 0.17994133
0.09601192960918248 0.21774836
0.09071133312872334 0.25089893
0.1585218416496098 0.27158862
0.15009574956712932 0.32497495
0.14209096208877284 0.3298066
0.18641814738937706 0.40748444
0.2088722657638175 0.4569994
0.19792865247562663 0.43045884
0.1875322198518453 0.5652543
0.25017590033130377 0.5749207
0.31325809840504043 0.5896624
0.332785381955273 0.62944514
0.37359034484944825 0.7948835
0.35441082760697584 0.80064076
0.33619028622662706 0.8078763
0.3693443068906392 0.9428351
0.3503770915461072 0.94613266
0.3323582369688018 1.1610821
0.35245157243869346 1.3132459
0.39535799743150346 1.350864
0.3750900975599283 1.4408618
0.3558355926819318 1.6558678
0.3375438130478352 1.7620437
0.3201666223954434 1.9276881
0.3546988812063012 2.5082028
0.33646393714598616 2.4220715
0.37480706157931615 2.8623483
0.41414518949603646 3.5110533
0.44069395600253825 3.5850632
0.4181592582024113 4.647425
0.3967512952922907 5.843149
0.44639911535778065 7.8489814
0.4235791595898916 9.894981
0.401900201610397 10.052007
0.4359911490132141 11.173941
0.47134548267621723 11.570789
0.5380128825717544 11.012676
0.5364793404536501 11.633861
0.5637874631008378 12.068583
0.6306483624486183 12.853486
0.5986159443261875 13.004102
0.5681851471098781 13.399265
0.5392758897543842 13.436353
0.5632528259255274 13.72728
0.5807963680754922 13.602729
0.5512565496717176 13.994539
0.5611144823130625 14.093498
0.5325587581974094 13.70381
0.5054308202875389 14.425042
0.479659279273162 14.77438
0.45517631530950386 15.54848
0.4841976897025367 15.144449
0.45948780521740984 14.78344
0.43601341495653934 15.016568
0.46891128727271614 15.418726
0.4449657229090803 15.911965
0.4222174367636263 15.743981
0.40060656492544494 17.45104
0.3800762366791727 17.282896
0.360572424845214 16.764683
0.43272129432386175 16.61302
0.41058522960766863 17.556282
0.45427197311032025 16.997234
0.4310583744548042 16.881395
0.409005455732064 19.20382
0.4483361716920073 18.857883
0.45940406948724843 18.872889
0.488376365949408 19.390656
0.46345754765193753 19.379194
0.43978467026934065 20.322996
0.4172954367558736 20.541761
0.4154512859457116 20.086344
0.39417872164842604 19.953964
0.42814431696802574 20.184443
0.4062371011196244 20.587828
0.38542524606364315 21.044016
0.4630831683395137 20.26212
0.43942900992253797 21.017948
0.47174910539176285 21.115534
0.4476616501221747 21.256763
0.4247785676160659 21.665487
0.4030396392352626 20.72425
0.38238765727349944 21.642952
0.36276827440982445 21.9166
0.39778104659529717 22.096586
0.37739199426553227 22.01138
0.35802239455225565 23.018608
0.374399844576658 22.665842
0.35517985234782506 23.104662
0.3369208597304338 22.925644
0.3195748167439121 24.20392
0.30309607590671644 23.706982
0.33967731590838623 25.087103
0.3342418971000181 26.512959
0.3170298022450172 24.057064
0.3006783121327663 23.85717
0.34558620484435165 23.609505
0.3278068946021341 24.556606
0.33042854113194264 25.144873
0.3134071140753455 25.2944
0.3728229767219228 24.461678
0.3536818278858267 24.006275
0.34338293131628556 26.758852
0.32571378475047125 25.852196
0.30892809551294764 26.152788
0.3418428398490783 25.769833
0.3457749330580966 26.440935
0.3279861864051917 26.200008
0.3704873218951792 26.63974
0.39193019553218966 25.998533
0.3747680455923677 25.370829
0.3555296433127493 24.78961
0.3372531611471118 24.998096
0.3198905030897562 25.649677
0.3316960353487663 25.11129
0.314611233581328 23.796675
0.3542556249248491 24.004377
0.3360428436786066 23.112623
0.31874070149467626 23.51721
0.30230366641994244 23.965332
0.2866884830989453 22.70085
0.271854058943998 23.83912
0.2723986097251259 23.150673
0.32572422792224864 22.455942
0.33679035828702575 22.127333
0.31945084037267446 24.010403
0.3304630659558616 22.70036
0.31343991265806853 22.646744
0.2972679170251651 21.695623
0.2819045211739068 21.652163
0.26730929511521145 22.275167
0.2899786385569406 22.745745
0.27497970662909355 22.019043
0.26073072129763886 23.272247
0.2799535939992015 21.90578
0.2654559142992414 23.413628
0.2983869629726682 22.609459
0.28296761482403476 22.639482
0.27571730683522805 20.913992
0.2681163953683667 21.096075
0.3372521082862881 22.77338
0.31988950287197365 23.043905
0.38680342937080464 22.74945
0.3669632579022644 22.043127
0.39482095031526937 21.649006
0.37457990279950587 21.569159
0.38138876954940304 21.467697
0.41342295242657623 20.600021
0.4268529094825133 20.916626
0.4253947589595687 20.99975
0.44321750816258887 20.896727
0.4205566327544594 21.88702
0.42813666496920255 21.298897
0.46483831835741724 20.1008
0.44109640243954634 22.054214
0.418541582317569 20.593061
0.3971145032016905 21.920755
0.37675877804160596 20.737635
0.3864316677772188 20.705256
0.43895565057352914 20.614178
0.4165078680448527 21.626966
0.46268937816632605 20.822493
0.4390549092580097 20.202751
0.4441918470356879 20.69446
0.4214822546839035 21.064955
0.3999081419497083 19.08884
0.3794127348522229 21.662212
0.3805253377887115 19.467707
0.39470507365339197 17.71467
0.3744698199707224 19.218943
0.405876153580248 19.400904
0.3850823459012356 19.207542
0.4206995512851433 18.50744
0.3991645737208861 19.623207
0.3787063450348418 18.935228
0.35927102778309966 17.677393
0.34080747639394465 18.937302
0.3232671025742474 19.432795
0.30660374744553504 17.561874
0.2907735600732583 16.99015
0.27573488206959534 18.042223
0.26144813796611555 17.263466
0.24787573106780975 17.092754
0.27351771256872154 16.942661
0.25934182694028546 17.940897
0.2718255493820047 17.354826
0.25773427191290443 18.173538
0.2443475583172592 17.52254
0.2753242111117016 16.808187
0.2610580005561165 16.203562
0.24750510052831065 15.646912
0.2346298455018951 18.158678
0.2725537875975089 16.734373
0.25842609821763346 17.179768
0.24500479330675176 17.604502
0.26781921708554557 17.316648
0.30173102271518953 15.985737
0.3357483993016077 16.460548
0.36146288249931596 15.900569
0.34288973837435016 16.457176
0.37448819407243017 16.093826
0.44273836169994035 16.132128
0.4607502872498968 16.126661
0.4749923118866149 16.542917
0.45074269629228414 16.461441
0.47857308597155657 15.708476
0.5057835026149351 16.500704
0.4799943274841883 17.047129
0.45549461110997885 15.38731
0.4322198805544799 16.053234
0.41010888652675587 16.245586
0.38910344220041804 15.843221
0.36914827009039713 15.6461315
0.3501908565858773 16.438316
0.3697418842238162 16.368793
0.3972473545222349 16.33455
0.37688498679612314 16.365288
0.357540737456317 15.961488
0.3391637005835011 17.94637
0.36050302110957066 16.241257
0.34197787005409214 15.366424
0.32437897655138753 15.555295
0.3727174259095275 15.815717
0.39517933704211616 15.971419
0.39464974383076523 15.844196
0.3744172566392269 14.826229
0.4092684832890279 16.126846
0.38830505912457647 15.593724
0.3871454426850685 16.644342
0.41192487539826084 15.785071
0.3908286316283478 15.780006
0.45396313107742003 16.169249
0.4687262777723861 15.85332
0.4447899638837668 16.747952
0.456356920601722 15.960668
0.4744350751006166 17.221434
0.4894398416282191 16.966932
0.5076432819689162 17.50426
0.4817611178704703 17.2988
0.4717949107665598 18.473534
0.49471130062276786 16.72642
0.5297328012820686 16.994514
0.5027461612179651 15.834121
0.47710885315706686 16.80065
0.5205937849810763 16.909311
0.4940640957320225 17.03517
0.4688608909454213 16.14569
0.4650997607180796 16.240088
0.44134477268217565 17.530315
0.41877753404806684 16.136494
0.3973386573456635 16.811611
0.40619717247259723 15.739062
0.38538731384896735 15.227817
0.365617948156519 16.019266
0.34683705074869303 15.150295
0.34685640685193814 15.865864
0.3988521771517939 17.309542
0.3784095682942042 18.107119
0.35898908987949396 18.377584
0.34053963538551923 16.878698
0.3856899349494961 17.392927
0.36590543820202126 16.515099
0.3471101662919202 18.13576
0.32925465797732417 16.431385
0.3912857490925518 17.248394
0.4490778824137048 16.447443
0.4261239882930195 17.077032
0.4275202905124273 16.397593
0.4762453658301453 17.260843
0.45193309753863803 16.328444
0.4288364426617061 15.278378
0.4068946205286208 15.904935
0.4120044530110464 15.609052
0.39090423036049404 16.21408
0.41519548462562444 18.29168
0.3939357103943432 16.487633
0.37373892487462607 17.694557
0.40397616219594945 17.236374
0.38327735408615193 16.004427
0.45102597905560854 16.944593
0.4279746801028281 16.65789
0.40607594609768666 16.444319
0.3852721487928023 15.546965
0.3655085413531622 16.705032
0.3467331142855041 16.740562
0.3438426244161386 16.485579
0.3261504931953317 17.083927
0.3862846749163319 16.555832
0.3664704411705153 16.235384
0.39574093890106815 16.955378
0.37545389195601475 17.149921
0.3831134606984365 17.07389
0.39014575390733397 17.807592
0.3701384662119673 17.970444
0.4096150434339869 17.505716
0.47211937312471725 16.163626
0.48604009166252693 16.821949
0.46123808707940056 16.92625
0.4376761827254305 16.87295
0.47670023030372916 16.812216
0.4523652187885427 16.41006
0.4739706707946534 17.080004
0.4497721372549207 16.755022
0.4770356691995602 16.6546
0.477363376432689 16.439964
0.4761268229522803 17.812393
0.5028388041901858 16.83755
0.5076664358710644 16.6452
0.4817831140775112 16.636211
0.5131185778082232 17.39357
0.49696735244567425 16.833282
0.47161898482339054 17.351128
0.518875436173659 17.508865
0.5435389949016276 17.921848
0.5158620451565462 18.143091
0.5073515278183666 17.656273
0.4814839514274482 17.69702
0.4569097538560758 17.589273
0.433564266163272 16.692434
0.4113860528551084 17.071064
0.45329595554678215 18.17446
0.430131157769443 18.284107
0.45021586348781334 18.41056
0.4744025327954529 18.495417
0.4886874598090415 19.5638
0.5150906829973882 17.113632
0.4888361488475188 17.664038
0.5093198423238348 18.460684
0.483353850207643 19.970945
0.45868615769726084 18.360435
0.4352518498123978 18.120039
0.4129892573217779 18.821041
0.39183979445568895 19.876753
0.44060938246050574 19.47467
0.47390848690034465 18.528292
0.5351247566589633 18.576984
0.5078685188260151 18.81875
0.48197509288471435 18.408392
0.45737633824047863 18.56788
0.4764290959373961 18.25559
0.4671371110670616 18.090588
0.4432802555137085 17.052284
0.420616242738023 18.930681
0.39908543060112184 18.932577
0.3786311590710657 18.091825
0.3722733413971564 17.513857
0.35315967432729856 17.088507
0.3350016906109336 17.891861
0.3177516060803869 16.877
0.3013640257763675 16.812933
0.28579582448754914 17.35933
0.2710060332631717 17.733566
0.27954617213519306 17.112669
0.28516888034159066 16.766571
0.2704104363245111 17.781637
0.27011847669123173 18.790537
0.3194590729762589 17.609695
0.33363695157071743 17.556805
0.3164551039921815 19.014883
0.3649817075011266 17.499651
0.4002834027762612 16.776567
0.4204528894819013 17.048256
0.3989302450078062 17.26571
0.37848373275741587 16.920332
0.44008982743845726 17.766262
0.41758533606653436 16.86201
0.3962060692632076 16.822182
0.43643595703295796 16.185942
0.41411415918131006 17.264547
0.4511347626441045 17.790869
0.48758182335828476 18.028135
0.4888116260321793 17.69931
0.46387104473057034 17.031027
0.4401774924940418 16.657074
0.4176686178693397 17.980095
0.39628518697587267 17.622156
0.3932851780232511 16.37624
0.4100544596005071 16.5653
0.42209163892417134 17.226263
0.4004870569779628 18.419441
0.37996270412906463 17.285545
0.36046456892261136 16.650675
0.38226722398154567 16.711708
0.36265386278246836 16.971258
0.34402116964334495 16.206255
0.3263201111611777 16.543736
0.408591704636666 15.92439
0.3876621194048327 16.30268
0.367779013434591 17.485167
0.43523716344320484 17.697065
0.4129753052710446 17.58675
0.39182654000749234 15.990528
0.3717352130071177 15.388039
0.3526484523567618 15.915057
0.3345160297389237 16.972715
0.3471458497533949 17.248127
0.37949685327083627 16.972126
0.36002201060729444 17.27955
0.38229332199078586 17.76209
0.4408475502828267 17.145948
0.4756672601024913 15.882922
0.48124526894982717 17.788195
0.47570577697050037 18.101826
0.4514204881219753 19.682634
0.42834946371587657 17.6714
0.45193066374089363 16.851828
0.4777354915085724 19.495014
0.45334871693314377 16.45033
0.4746846482378181 17.908691
0.4860947692379718 18.127733
0.49525225010112794 19.531525
0.4994521038019901 16.746893
0.5082128367331663 16.670326
0.5224623128655664 17.735691
0.4958391972222881 16.691793
0.5446794467452456 16.353415
0.5169454744079833 16.967585
0.49059820068758414 17.374317
0.46556829065320493 16.871563
0.48778123227814896 17.74041
0.5138020874071912 18.158356
0.4876119830368317 17.648533
0.4627313838849901 16.679592
0.4390948146907406 17.707844
0.44844362561912166 18.760605
0.4436221880434617 17.997616
0.4209410786412886 18.056955
0.40773086686195625 17.698013
0.4102834883306236 17.5042
0.3892693139140924 19.099459
0.42890209827037007 17.54598
0.4208924235372424 16.323126
0.4248213352830045 17.335957
0.44940800549174365 16.49909
0.42643760521715646 17.539545
0.4506825663507626 16.834723
0.46969235557661265 16.409346
0.5157552625562949 16.943018
0.4894674994284801 16.671085
0.48042370051971334 16.96151
0.4684571453309175 16.379381
0.44453428806437156 17.212675
0.4425829750710487 16.919306
0.4199538263174963 16.283094
0.41607034201475496 17.023891
0.3947668249140172 16.901136
0.3745284836683163 17.765318
0.41480900663324566 16.53579
0.40959122607660586 16.484255
0.4347304189550197 16.58799
0.41249389800726866 16.016193
0.3913692031069052 16.726898
0.40017120959052127 17.128233
0.4099967132318842 16.232958
0.461120388419343 16.19529
0.4936519450376969 16.24787
0.498495844190868 16.203283
0.4730710519813246 16.04992
0.44891749938225833 17.31266
0.4259716244131454 16.579506
0.4041730431924881 16.806139
0.43414315862010766 16.785837
0.45576404150389693 16.792152
0.4759132628007822 17.642527
0.4516175996607431 17.771376
0.42853671967770596 17.51073
0.46413714383178806 16.786825
0.4860124475675423 16.452139
0.46121182518916515 17.985966
0.4945490070502366 16.9561
0.5396650919204127 16.616537
0.512181837324392 16.717663
0.4860727454581724 15.655228
0.4612691081852638 15.413652
0.48816173733730667 16.472116
0.5001339947872347 15.146871
0.5344460589808181 16.00158
0.5296543618916739 16.737066
0.5026716437970903 17.15988
0.5228134109531506 16.414804
0.49617274040549303 16.676228
0.515213576939787 18.086191
0.4889528980927976 17.50916
0.4640052531881577 16.616732
0.44030499052874983 15.476954
0.4570170656923761 15.887393
0.43366621240775727 15.156544
0.4114829017873694 16.622597
0.44142222331661934 17.145464
0.46525121124168944 17.094627
0.48451364505593264 16.174715
0.5103874754651035 15.717669
