-0.0005 0.002704038
-0.000975 2.7694593e-09
-0.00142625 0.9583149
0.026270180272220976 0.57738155
0.024456671258609924 0.5112021
0.022733837695679427 2.5927072
0.021097145810895453 2.0538287
0.12142221539125847 3.4352775
0.11485110462169554 3.45146
0.10860854939061075 4.4423375
0.10267812192108021 2.4634838
0.10187289450278389 4.357105
0.14506546383551788 9.118385
0.13731219064374198 9.203672
0.12994658111155488 12.1196375
0.1414528628044737 14.237621
0.19439385384505312 15.372493
0.18417416115280044 11.080543
0.223984078832565 14.628714
0.21228487489093673 18.151352
0.22606025580104785 17.601137
0.21425724301099544 23.09977
0.20304438086044566 20.945272
0.242613732801098 30.045198
0.28073423389063834 39.511593
0.26619752219610643 43.518597
0.2788321944062001 32.797024
0.2643905846858901 33.90851
0.25067105545159557 43.44102
0.2376375026790158 38.283333
0.25347470169964786 55.326675
0.27345639198161553 72.579956
0.3126921283407951 60.65907
0.2965575219237553 71.1061
0.2812296458275675 70.8048
0.29579655307601005 80.09719
0.31350667593776393 72.00018
0.33984257262718476 71.22193
0.37447091492925694 72.61484
0.4047036723671182 76.61581
0.41757414824447525 82.434525
0.39619544083225144 94.70507
0.37588566879063884 83.64238
0.3906403807216285 81.948296
0.37060836168554706 82.39707
0.412951053727155 74.856415
0.47265872027334666 76.38037
0.49246736567638316 69.73291
0.467343997392564 75.283646
0.4434767975229358 79.292046
0.4784724556832708 69.65845
0.45404883289910725 62.64483
0.43084639125415186 65.36619
0.459651810455382 67.88773
0.4361692199326129 64.70811
0.42108302070004305 72.4857
0.39952886966504086 74.50571
0.4092144378074869 70.018196
0.42999783477374043 76.423515
0.45938241990993245 67.08825
0.4878327574381374 73.566635
0.5303324966971307 68.41421
0.564008398290542 70.0846
0.5353079783760148 64.12694
0.5080425794572141 66.10124
0.5170043082701082 67.99819
0.4906540928566028 65.729706
0.4804623531200053 72.39117
0.455939235464005 69.19071
0.5144290603921674 62.589462
0.488207607372559 65.529976
0.46329722700393106 73.7238
0.4396323656537345 74.4662
0.41715074737104774 71.75293
0.39579321000249534 67.179695
0.3755035495023706 68.35525
0.35622837202725205 67.92981
0.37050520446040214 73.78898
0.351479944237382 75.23301
0.3859183296978142 76.26381
0.3768535280334194 85.80865
0.38399732689913907 69.402115
0.3642974605541821 74.32203
0.37183612589445375 78.22852
0.35905908142719545 84.183105
0.36163921749933914 78.21226
0.38649232271149786 76.656425
0.36666770657592296 71.42056
0.37914970509517637 84.11222
0.3973108088539995 75.49696
0.4444414553570063 84.356575
0.421719382589156 84.00113
0.46718924334158596 87.56757
0.4510097617413377 86.28667
0.42795927365427083 91.28418
0.4234013988319415 86.77871
0.42715019446895963 81.96372
0.45350075148422125 89.52389
0.4303257139100102 90.868004
0.44155400862468897 92.12491
0.4189763081934545 80.84099
0.4203276336933062 81.0883
0.4283885899635866 81.15922
0.45362318253957656 86.131386
0.47110518730355105 80.35096
0.49279842829669973 85.010635
0.5055526820167059 76.349976
0.47977504791587056 88.35145
0.48083679501186294 82.3811
0.5066667823718993 89.47231
0.5079367198825092 81.42455
0.5184840242532756 76.37861
0.5225724982278862 78.11215
0.5978375921921633 78.792595
0.6220842846158728 70.42024
0.5904800703850792 66.63618
0.5604560668658253 68.03105
0.531933263522534 65.694756
0.533300351175495 72.233185
0.5640650095306594 68.98919
0.5640281710646138 82.48179
0.5353267625113831 68.10391
0.5516002308797008 74.14233
0.5235202193357158 71.025345
0.49684420836893 68.208916
0.5148724918304465 74.339066
0.520728888626525 66.46149
0.5347012112162634 61.31102
0.5440357498975535 70.088806
0.5492804066664422 73.185394
0.5376668274742323 70.30525
0.5619843085645336 68.87298
0.5948499040844277 68.140114
0.6127815189219554 70.28238
0.66570566947093 66.4542
0.6740480386755081 72.023476
0.6398456367417328 66.93235
0.6294069255374161 66.16683
0.5974365792605453 79.58676
0.6298120863228499 67.83536
0.6419717342405524 73.69054
0.7006160049489227 64.71852
0.6650852047014766 67.926544
0.6592695024055089 63.840702
0.662601769897455 80.63702
0.6289716814025823 73.2189
0.5970230973324532 64.49502
0.5666719424658305 65.34015
0.537838345342539 73.81597
0.5797870944773257 74.32922
0.5502977397534594 74.196106
0.5392184737459753 71.982475
0.5440712662604311 76.16458
0.5556396364587192 71.71183
0.5273576546357832 71.55546
0.5004897719039941 66.0726
0.4749652833087944 72.34115
0.45071701914335466 68.992004
0.4574779277825374 70.74199
0.43410403139341047 72.47418
0.41189882982373993 68.9864
0.43417753878598264 69.17504
0.43797725673883675 70.476074
0.44070142462354805 67.49531
0.4449271389348409 70.34397
0.4444710770296589 67.03181
0.5045644770609897 68.145424
0.5008221854718841 61.901337
0.5145817861825951 63.371765
0.5155585924491166 62.15176
0.5127019310359637 55.31927
0.523024270617894 59.011463
0.4963730570869993 57.919334
0.4710544042326493 63.563644
0.44700168402101687 60.57543
0.4723741033753335 60.76979
0.4482553982065668 64.70503
0.4550423424416766 62.967964
0.44395952062508476 61.35836
0.4212615445938305 62.057766
0.445285248346642 69.23305
0.42252098592930987 63.90954
0.40089493663284437 67.41501
0.3803501898012021 74.30436
0.45064160206027515 67.99375
0.48452848641483726 70.64381
0.48470167585913254 66.185745
0.5046275774609679 65.42305
0.5269379784336145 75.648994
0.5198790400634978 72.3459
0.5185828307043726 70.28895
0.5271391215053081 71.915436
0.5278006627716955 75.1944
0.5214904557377149 78.79361
0.556888307839252 75.161156
0.5371233614788554 78.46946
0.5363191258504729 74.38127
0.5459025942881705 72.42319
0.518107464573762 71.61358
0.5168606400912753 67.84724
0.5260878508230133 64.39905
0.49928345828186266 71.77387
0.4738192853677695 67.25582
0.449628321099381 68.212776
0.42664690504441194 72.33932
0.4831116154556899 62.074627
0.4584560346829054 70.03115
0.4838857636879568 69.60532
0.48226311527168564 75.76297
0.4999777836669271 73.705376
0.4924315555489228 68.10957
0.5168443719568026 65.98174
0.5236198397908893 65.017914
0.5519148176756915 69.969864
0.5863737599909745 69.22808
0.5565550719914258 75.44036
0.5282273183918546 67.57308
0.5444383639313077 67.323746
0.5543732838387482 66.72748
0.5585940364597497 71.07316
0.5698630468413021 69.35346
0.5895309812096589 73.54751
0.5915592064711558 71.647964
0.6002375641077383 70.370834
0.6027741129664342 70.051476
0.5721354073181125 71.108536
0.5602319370132581 73.1397
0.5748234709301356 67.392525
0.5886092553911983 70.03108
0.591203347612475 75.29124
0.5910579198916409 70.23068
0.6561229944537196 69.75369
0.7214017196241512 71.91034
0.6848316336429436 64.02408
0.6853679907247822 68.03402
0.70654584512694 68.143
0.670718552870593 69.70389
0.6619388838662484 71.608864
0.6754343915821143 61.81059
0.6411626720030086 70.60064
0.6491064208647533 73.82941
0.6679922370355349 66.37609
0.7187441825991054 61.23347
0.6823069734691501 58.078075
0.6476916247956926 65.365685
0.614807043555908 59.194565
0.5835666913781126 66.10089
0.553888356809207 64.47419
0.5256939389687467 66.26599
0.5420251415005961 64.53333
0.5347242597944604 64.32525
0.5520213551463118 66.52997
0.5239202873889962 65.37679
0.5752978231254148 67.5364
0.5672302246715436 74.59827
0.5608067691924976 71.69986
0.5696747917388822 77.56502
0.5662210120007011 70.71754
0.5537687538150983 74.457054
0.6205833004915615 66.872215
0.5890541354669835 72.00357
0.5953963596565701 69.981575
0.5879457683065806 69.08371
0.5580484798912516 61.2664
0.5296460558966891 70.81861
0.5167528225023641 69.61086
0.5164789146064531 65.28629
0.521342855797066 69.840004
0.5150111502449755 77.39898
0.5116908619334344 69.22491
0.5242220376364224 75.04817
0.5612480982055406 75.39055
0.5326856932952636 74.97941
0.5626834216169704 73.09977
0.6161346551961109 75.76246
0.6286442997741236 72.9063
0.5967120847854175 73.681984
0.6043311578769394 67.74693
0.5736145999830924 68.44581
0.5444338699839378 65.73121
0.516712176484741 76.75562
0.5101673978335869 70.01735
0.4841590279419075 74.087975
0.4594510765448121 74.07512
0.46215372773955243 78.340965
0.45159283692256424 78.58852
0.42851319507643604 80.355965
0.4065875353226142 75.52297
0.40386248297983157 75.68771
0.39884767039553126 86.64774
0.4197665367749776 81.566765
0.44531420032436236 81.297295
0.49454907461312747 81.00699
0.4693216208824711 74.816635
0.4453555398383475 71.0672
0.44035282722384717 71.66962
0.4414451063752196 76.330055
0.4188728510564586 70.82842
0.39742920850363567 66.51197
0.45172086103601494 61.337864
0.45518710331071077 69.30608
0.4555341384320709 71.92743
0.47388889679761054 69.85924
0.5013935892298104 62.295918
0.4785357951435372 69.50373
0.4986697993096829 72.788055
0.47323630934419875 72.02247
0.4896646973959986 70.1587
0.48647994150359214 76.09762
0.5126592040092675 74.84806
0.48652624380880405 79.31807
0.505326447070695 67.22809
0.4795601247171602 67.94207
0.5132275650741406 66.840195
0.5183286769678972 64.22333
0.5736663273075624 68.125145
0.5614315522113473 66.23653
0.5328599746007799 71.349396
0.5486631980340005 60.91621
0.5762418327202168 68.28962
0.5834847000145634 63.8648
0.5538104650138352 69.39556
0.5534949698750763 75.20429
0.5831581022817522 78.49962
0.5535001971676646 68.54381
0.5410904052224563 64.13461
0.5446920044881599 61.793777
0.5169574042637519 67.60436
0.4906095340505643 77.08711
0.46557905734803606 80.39259
0.45523975064495525 75.57638
0.47147459570853195 70.989105
0.48991769771221483 69.62495
0.5126295563448081 73.666985
0.5228577668731339 74.6447
0.5147263391322696 76.462265
0.5303145383128307 69.69418
0.5270356293709704 73.09821
0.5335189844268367 70.74591
0.54162591053263 71.35102
0.5253268574145966 70.51577
0.5408427251950249 73.327065
0.5359159714979124 77.77042
0.5419417559911927 70.37855
0.5312480267710107 69.776115
0.5460626888737388 70.81963
0.5182595544300519 70.58102
0.49184657670854925 63.09491
0.46675424787312175 65.91824
0.49301929471358225 67.79467
0.4678683299779031 70.06309
0.45738244696039176 64.44345
0.44979374464547295 64.85286
0.447007543873148 72.458405
0.46440194212013963 64.99008
0.44068184501413266 65.27771
0.41814775276342603 63.01818
0.41283020517035396 63.407154
0.4090596146583887 65.799866
0.4445406158693329 62.813156
0.45830966391057437 65.120705
0.4631472484048394 66.046326
0.46877449189568204 58.447872
0.47073043500307127 63.169346
0.4667359844100455 72.296616
0.486129613065276 67.554085
0.5245641154385575 73.83503
0.538244650440319 71.43419
0.5309171195099737 70.4484
0.503871263534475 70.27633
0.5559343713681426 73.98739
0.5276376527997355 70.88368
0.5430410024312929 71.124954
0.5537810583360567 72.66734
0.5522179088999706 74.8599
0.5553912809366389 69.438774
0.5386248922236667 64.792755
0.5458018383669938 75.52016
0.5531637963440189 78.42617
0.525005606526818 75.44511
0.49825532620047713 73.63222
0.47284255989045326 65.59403
0.44870043189593056 67.37668
0.425765410301134 76.41487
0.4843810697487402 70.26661
0.5296751335932148 72.269356
0.5643951559417735 67.94906
0.5786061299896758 75.618385
0.5668459862791084 75.06394
0.5839312701181762 69.71581
0.6189670735123984 71.3718
0.6380066513594549 71.623856
0.6345916787487452 80.527336
0.6656546471101807 65.03069
0.6795640938784144 73.530846
0.6450858891844937 68.30979
0.6123315947252691 77.58883
0.5812150149890056 66.679535
0.5516542642395553 72.348465
0.5730786208606866 78.41311
0.5986492618612287 85.95184
0.5682167987681673 84.415634
0.539305958829759 73.176
0.6011666082171235 77.89072
0.5706082778062674 79.19216
0.5415778639159541 72.688995
0.5579481950062963 79.32406
0.6329582974675245 80.39465
0.631624389913107 77.89146
0.6409359698283787 81.16272
0.6444922979629357 80.50885
0.6712847447833695 83.90768
0.6372205075442011 78.29852
0.604859482166991 77.168015
0.5741165080586416 70.23823
0.5640206851936793 71.91631
0.5740904045984779 76.13529
0.6124147815753431 67.88475
0.581294042496576 75.41655
0.5782947853326845 70.068756
0.5741278820955499 70.83132
0.5538207075722293 73.04929
0.575170540159 74.29053
0.5459120131510501 63.71051
0.5181164124934976 71.66969
0.5248824743357828 74.56965
0.5598670933215809 80.54218
0.5313737386555019 82.51665
0.5794685176369894 79.90955
0.5743214386305554 75.51724
0.5594807717092249 75.239525
0.5918679379005252 83.049545
0.561774541005499 75.04689
0.5703123720605797 71.43831
0.5818856205307423 83.086136
0.5522913395042053 76.18135
0.5241767725289951 72.14333
0.5527007137357517 72.804955
0.5517953614939023 79.405754
0.52847331377711 81.38185
0.5015496480882545 73.10324
0.5183825705993721 74.06518
0.49196344206940346 70.34951
0.46686526996593325 76.57778
0.44302200646763656 74.86106
0.4203709061442547 75.96561
0.43119037854316045 72.960625
0.4575409662211278 86.506134
0.4433936632041646 85.727554
0.4335798720676024 81.88659
0.4647173607273244 76.624695
0.44098149269095815 84.39578
0.45761716407654573 89.60414
0.5126280233155714 85.981865
0.5027419124795338 85.25719
0.4860535591189201 76.49145
0.5061098606360588 84.64692
0.4803043676042558 72.35866
0.49869243440874084 72.72912
0.47325781268830375 76.9686
0.4945144466270259 89.292885
0.4692887242956746 73.798836
0.5044226040851205 83.245
0.4995607773249286 75.78609
0.47408273845868215 77.21621
0.44987860153574805 74.87816
0.42688467145896064 81.3693
0.4159817850105001 68.81065
0.39468269575997506 78.68338
0.39458353438823235 71.70326
0.3743543576688207 69.20579
0.4061967139685368 66.674255
0.42657153183034036 69.20007
0.4047429552388233 81.77575
0.41439086623176513 78.01229
0.39317132292017687 73.26517
0.38630166499872065 74.75817
0.3664865817487846 74.54432
0.39198722204791114 76.312126
0.43341854670871555 80.655464
0.43953019196813153 75.57395
0.4401500206626308 82.136635
0.46248177305570215 84.940285
0.4874825521540549 81.06837
0.5035265154926253 74.95916
0.5204699420334382 79.29499
0.49394644493176626 73.69148
0.5181232558861291 70.469215
0.5180866906824515 70.792
0.4916823561483289 81.80113
0.5066951027008931 68.96536
0.4947917813115997 80.33917
0.4695521922460197 69.589935
0.4455745826337187 74.635315
0.4567826754374348 67.592
0.43344354166556304 77.449196
0.41127136458228486 79.82852
0.44015769014355605 76.85026
0.44491686465777097 77.353
0.47881213390714766 75.19951
