0.011692425063619609 -0.08691102
0.026553967327357358 0.11884064
0.03879840447479208 0.4843286
0.049110197701061266 0.77068645
0.06909096117300792 0.684978
0.07582248513024212 1.516084
0.07728771965374691 3.3373747
0.09807230881565623 3.660475
0.14130225552549092 4.6856775
0.14888734601616835 4.12963
0.15813195964927246 11.125571
0.20035318826714602 2.9645538
0.1898355288537887 5.7020926
0.25954175140486446 10.392604
0.24606466383462122 15.061932
0.23326143064289015 11.9271965
0.22109835911074563 16.186266
0.20954344115520834 22.0069
0.19856626909744793 26.2053
0.18813795564257552 20.355019
0.17823105786044674 19.450571
0.1688195049674244 29.373743
0.15987852971905317 24.242556
0.1513846032331005 37.30949
0.14331537307144546 37.780773
0.1615996715360111 54.976074
0.15301968795921053 49.170547
0.14486870356125 39.23188
0.1371252683831875 45.4331
0.12976900496402813 51.182667
0.12278055471582672 62.597157
0.14641519412306309 63.263058
0.1385944344169099 64.32135
0.13116471269606442 66.03716
0.12410647706126118 59.885883
0.16410801338015782 76.621414
0.1554026127111499 67.07779
0.1471324820755924 75.44397
0.22257500720426696 77.346306
0.2109462568440536 79.88825
0.22887593860705008 73.10615
0.2692085899831374 74.0594
0.313076490919479 64.8966
0.32433927312988986 72.3684
0.36186199677982955 78.60592
0.38884123038368235 69.98986
0.4051761012391077 77.4681
0.426055370416885 65.456566
0.40425260189604073 82.50923
0.4422720089488925 80.317604
0.41965840850144787 82.40878
0.39817548807637543 81.7019
0.4336149396164618 72.518234
0.4354427813163454 80.81941
0.44816894564562454 80.89588
0.4766476416478935 80.37882
0.480381022513131 74.22933
0.47816793629355864 73.9767
0.4537595394788807 70.16782
0.4671216547225182 73.79656
0.4715764261663704 69.913445
0.44749760485805185 73.28312
0.46160002961682406 71.38087
0.46820114234768767 83.86771
0.4817865013630651 79.59585
0.45719717629491186 71.266014
0.4712443738635374 71.75344
0.45696523650488824 79.01049
0.4784769710692899 73.92755
0.45405312251582536 71.90695
0.43085046639003405 68.00024
0.4088079430705323 74.173935
0.4157534307937143 73.211555
0.41762531065925107 74.84375
0.43118638888131333 73.455765
0.40912706943724764 80.136696
0.4525942882341003 69.08464
0.4294645738223953 70.23517
0.42685214821550754 70.78357
0.40500954080473217 71.02068
0.4218275550002763 70.41534
0.4213081052529251 74.26187
0.45415970059978183 74.9543
0.4879360250798631 66.41057
0.5064104948651349 77.54107
0.5321154653691657 76.47805
0.5050096921007075 64.65761
0.4792592074956721 70.31495
0.5141897041453104 75.96548
0.5413822480158941 71.31393
0.5138131356150994 76.23632
0.5407169138064327 79.023445
0.5705075542057634 80.55951
0.6001775021208697 75.45201
0.5696686270148262 74.30476
0.626406009342235 75.0923
0.6502809289078735 72.27209
0.6547876037540666 72.98624
0.6684895352481368 75.17214
0.6669930334791795 78.774605
0.6848202482187148 78.159325
0.650079235807779 72.91545
0.6564978465644997 73.46389
0.6231729542362747 70.12354
0.6336051724021651 73.07332
0.6155081717700253 74.569374
0.6064125140670991 76.39645
0.6243150330610817 78.27337
0.6121172802887277 82.95722
0.6336984384912789 77.69161
0.6418299273484441 80.53992
0.6678602796016024 85.9675
0.6477555416818003 89.83137
0.669694545609897 74.56472
0.6760700977181521 79.89982
0.6899625781697488 81.63066
0.6549644492612614 90.86696
0.6706397458548863 76.31254
0.636607758562142 88.12156
0.6261350568129563 74.05048
0.5943283039723085 74.858215
0.5825868282372748 81.929825
0.5529574868254111 80.82842
0.5248096124841406 71.907814
0.5055794726071685 76.23412
0.4940452580929793 70.79605
0.5010745832412158 84.71459
0.5336170887776439 80.64929
0.5064362343387617 77.56175
0.48061442262182363 77.163345
0.4560837014907324 77.07982
0.4327795164161958 77.352776
0.41064054059538596 76.04052
0.38960851356561665 79.07154
0.42609292657223724 77.90261
0.40428828024362534 89.87272
0.38357386623144407 81.37549
0.36389517291987183 71.12849
0.3838926646457511 75.17017
0.39431130184603225 77.43813
0.3740957367537306 82.41228
0.35489094991604403 80.946724
0.3366464024202418 74.68944
0.3193140822992297 74.10217
0.3028483781842682 69.90661
0.28720595927505477 68.77549
0.272345661311302 72.36515
0.2582283782457369 75.700035
0.28051245698464633 63.930454
0.2967990465937749 66.597984
0.3027857500553814 66.42704
0.2871464625526123 68.25941
0.3527402670242962 74.87693
0.33460325367308136 67.74943
0.3724846026784536 89.40508
0.36929534213646975 67.9158
0.39948787142592235 72.7538
0.3790134778546262 79.01387
0.42504457408848484 76.777115
0.4493838252335147 76.62629
0.4793395058176884 77.4445
0.454872530526804 68.60969
0.4531141087614228 73.84464
0.44356024833411006 79.280846
0.42088223591740453 67.72784
0.3993381241215343 69.63562
0.3925682841687115 71.36985
0.3724398699602759 71.57776
0.3533178764622621 86.21141
0.3852595693219297 71.20741
0.3654965908558332 75.19178
0.41924005038772433 85.54977
0.41944064491537064 89.61533
0.3979686126696021 88.28301
0.37757018203612197 82.65269
0.40012212051251383 76.4398
0.4213505426172248 72.48355
0.3997830154863636 79.03236
0.3792938647120454 73.35769
0.41406630987237353 80.01931
0.3928629943787548 83.42164
0.42697653961529414 85.4557
0.4051277126345294 85.88184
0.3843713270028029 68.1241
0.3791676876209303 79.26832
0.3796620851785093 74.69614
0.3719559541140247 81.96494
0.35285815640832346 75.422646
0.3527319614746168 73.54661
0.3345953634008859 70.11853
0.3777383340987371 70.32429
0.37691331213592366 72.48522
0.4074451889299341 71.658455
0.4249868548487983 66.445076
0.40323751210635833 73.62822
0.3825756365010404 72.874825
0.36294685467598836 80.9453
0.34429951194218894 82.60142
0.36984377188306916 87.644966
0.3508515832889157 79.786674
0.34569683512584826 80.844765
0.36104535416893446 78.30565
0.36689800811786166 80.158516
0.34805310771196857 81.87512
0.33015045232637014 78.76561
0.3131429297100516 82.6096
0.296985783224549 76.71597
0.28163649406332153 68.666374
0.26705466936015543 67.63165
0.2532019358921476 69.540375
0.24004183909754023 70.906204
0.2275397471426632 71.96161
0.21566275978553004 67.16997
0.2908662362817335 81.79864
0.34883391282875864 74.17007
0.3308922171873207 80.87683
0.31384760632795466 74.19632
0.2976552260115569 71.068924
0.30647073159841093 72.86575
0.305436736551432 65.64392
0.3030146588566084 70.37751
0.3282509392854893 79.53769
0.3140878360030292 82.59894
0.2978834442028777 87.03083
0.2824892719927338 85.99192
0.2678648083930971 76.75525
0.2539715679734422 69.623436
0.2407729895747701 79.18865
0.2282343400960316 72.34965
0.21632262309123002 76.28911
0.2050064919366685 74.7598
0.22225653854989993 74.23112
0.2664056942630207 73.30458
0.25258540954986963 77.52044
0.2907974332786584 76.70424
0.2757575616147255 85.45311
0.2614696835339892 82.85709
0.265702715694669 79.382256
0.2752216858740586 77.699265
0.28578189598712694 82.69234
0.2838511711055675 82.85578
0.3079096118311093 76.84824
0.29201413123955383 85.164825
0.3016215515817632 73.16043
0.286040474002675 74.75765
0.2837727166303003 75.00304
0.26908408079878526 77.353294
0.27681464458654376 71.3901
0.26247391235721657 75.783035
0.29244802585803154 83.76728
0.27732562456512994 80.37712
0.2956254434654189 78.134125
0.298411016205208 78.24276
0.3702157414840324 84.04688
0.36734629831818477 70.4372
0.3484789834022755 76.36933
0.3305550342321617 71.962814
0.36050942712964335 71.4518
0.34198395577316115 74.37868
0.32438475798450306 75.92661
0.3450673714847628 72.9732
0.3717178834287214 65.779175
0.3849092141424003 72.620224
0.4108167678591567 75.45212
0.4077385447515168 71.33249
0.3868516175139409 64.30249
0.36700903663824386 69.183846
0.34815858480633166 68.432274
0.3655088967654212 67.833374
0.3467334519271501 68.044266
0.3288967793307926 70.70793
0.3941405000581813 69.63899
0.42343674288893085 76.23187
0.4328377651615663 72.54278
0.41069587690348797 73.40999
0.38966108305831354 64.06835
0.4125701266188458 69.40482
0.39144162028790347 72.223724
0.44148417737565043 72.76488
0.44663263187231605 65.66552
0.4238010002787002 64.85261
0.4021109502647652 71.29192
0.3815054027515269 65.69493
0.4035684542063781 75.49257
0.4277476122921171 70.379196
0.4169858432113817 69.203316
0.46618729766967215 74.54255
0.4484208335852773 72.02586
0.514705681298633 83.30646
0.48847039723370134 78.52395
0.5353784359490599 74.63218
0.5364774975125846 73.11076
0.5274161082721401 75.26399
0.5493507242452975 62.865665
0.5665990279710927 71.29968
0.6181984931217697 79.11417
0.6240243182160307 76.88745
0.5923231023052291 82.80498
0.5962943046518148 78.78243
0.5659795894192241 78.21749
0.5840766950527287 73.57583
0.6134291128831569 76.280106
0.643151645241943 72.24715
0.6617020573003957 76.39263
0.6281169544353759 78.58426
0.5962111067136071 72.67709
0.5659005513779268 77.99793
0.5826778172762224 80.1871
0.5530439264124113 83.62492
0.5473254674532846 76.8265
0.5612586144730959 73.14736
0.5326956837494411 80.677536
0.505560899561969 79.20297
0.47978285458387054 77.53435
0.5367859778687583 76.16496
0.5143656880206718 78.59308
0.4881474036196382 74.1325
0.47819839637613115 76.5155
0.4699452261256325 78.984856
0.4536632679280448 81.65482
0.4512314810264171 82.017845
0.4525996485930532 90.05589
0.4294696661634005 83.22864
0.4469738419328357 78.85226
0.45753101492651227 73.71554
0.4822209646607351 73.12695
0.5166220440394451 72.07715
0.49029094183747285 72.246635
0.5505761310607563 72.09135
0.5547878431652671 69.53233
0.5749478980674275 74.19475
0.5845215163389651 63.34898
0.5547954405220169 83.661896
0.5482426520031284 71.08731
0.520330519402972 73.99681
0.4938139934328234 73.52195
0.5275264140393853 78.43139
0.5006500933374161 75.89875
0.4751175886705452 69.721146
0.4508617092370179 77.314095
0.4675761009081566 70.89923
0.5130917144890847 77.119705
0.5421701253127037 76.853874
0.57602498361351 75.3907
0.6245973774314879 73.795395
0.5928675085599135 69.76205
0.5627241331319179 71.23014
0.5462330610189454 60.67234
0.5491807979376558 70.53849
0.5212217580407731 78.52111
0.5247227696968716 66.55848
0.6024508317695836 82.522896
0.6425839020601092 78.419075
0.6286367920188314 87.29628
0.6824687809698983 95.164696
0.6917724197204369 94.02708
0.6885715148863873 82.47969
0.6635982737531536 80.4948
0.629918360065496 77.70551
0.6300749456686271 79.49346
0.6454293641526779 76.89386
0.6533862185068859 78.20213
0.648843371478225 85.5365
0.6159012029043138 85.849
0.5846061427590982 83.5885
0.5548758356211433 83.49161
0.5420420102205097 92.49241
0.5957931379760342 104.96475
0.6424022006839467 88.112755
0.621137346407113 86.45258
0.6515394201102698 89.960365
0.6979103735627277 92.45941
0.6625148548845913 87.442635
0.6288891121403617 84.32804
0.649112153776516 81.40536
0.6498053178590874 81.306755
0.6984618162693709 81.09863
0.6630387254559024 80.98682
0.6448871753614149 81.1068
0.6605297952768606 81.19314
0.6270033055130176 77.07682
0.6259731714203584 83.06897
0.6554188272827272 85.036514
0.6641790239825368 87.041084
0.6304700727834099 89.30998
0.6093826106983751 77.4557
0.6097810266491254 85.81791
0.5994799568874828 82.09735
0.5897830856384705 72.744896
0.5816381208938073 81.7786
0.5697647888165185 76.62435
0.5738553274422415 78.44953
0.5817018842505608 84.94028
0.5521167900380328 84.184494
0.5240109505361312 81.47703
0.49731040300932466 80.288925
0.48125475077835833 79.90826
0.48016231606558585 76.20675
0.46347529659563125 77.94205
0.46450456408548724 70.44775
0.4407793358812129 82.38625
0.460917521839394 81.17271
0.43737164574742426 80.931145
0.4633415728360558 80.166145
0.43967449419425303 77.79481
0.45087821212159085 80.20541
0.5015964118731159 76.96172
0.48967864583508375 77.38898
0.4809965404386293 78.961494
0.4961134249081941 76.66257
0.5289637938296278 78.48759
0.5692367205833766 74.088715
0.5603984417337259 68.63493
0.5318785196470396 73.47464
0.5047845936646876 82.021286
0.5707861706331995 76.37775
0.5417468621015396 83.53114
0.5141595189964626 84.16132
0.48795154304663946 73.53098
0.4630539658943075 72.092926
0.4394012675995921 78.01696
0.41693120421961244 72.85362
0.41594675694826944 86.906334
0.39464941910085594 74.505104
0.41834945312166993 72.728966
0.4738392971437358 71.594795
0.44964733228654896 74.37864
0.4266649656722215 73.55287
0.49081947267391224 73.72855
0.4815914839907753 77.82922
0.508607313597466 77.90994
0.4826769479175927 81.88916
0.5216167723182321 80.15463
0.5153742194809569 72.175255
0.489105508506909 78.43628
0.48985881183105506 86.43941
0.5084428905452099 84.790794
0.48252074601794936 83.22212
0.49654844213182664 88.220474
0.5195989445923951 85.67517
0.5297019902843039 87.78096
0.5027168907700887 83.726036
0.47708104623158426 92.37614
0.45272699392000504 87.364494
0.4696364622190164 82.05306
0.46007459159617436 86.9881
0.43657086201636564 92.447334
0.4546061333422369 83.92758
0.43137582667512503 84.840576
0.4475845735755868 86.15603
0.42470534489680745 78.78182
0.46498673345635055 80.58486
0.4949538705874427 82.11643
0.46970617705807055 83.004
0.4749855308134801 77.80455
0.5022052473380045 77.37867
0.5142261685344732 67.72924
0.5542657229412725 80.17344
0.5462011606656096 71.6527
0.5568691005175406 73.05081
0.5857542301312416 72.20343
0.5559665186246796 81.01847
0.5276681926934457 70.856285
0.5299671433035227 61.304176
0.5174858406524573 69.727394
0.4911115486198344 77.230606
0.5619575617237539 69.834206
0.5333596836375663 75.45317
0.5375622942553939 75.943665
0.5298680021002095 75.35312
0.5028746019951991 73.05102
0.4772308718954391 73.727036
0.4528693283006671 80.06579
0.45938670861391767 71.47325
0.45345174840891744 70.689606
0.461869673145077 68.87108
0.4720323056014867 74.22031
0.4479306903214123 77.17835
0.4532302768944045 64.453674
0.4616687160224448 72.635475
0.44868117840493726 76.25198
0.4257471194846904 78.277626
0.4502838295738124 74.010155
0.46093439523046714 74.18314
0.4595281674235974 73.87953
0.43605175905241755 74.85486
0.459083017402574 75.04872
0.46047661748474106 70.00404
0.43695278661050396 78.28251
0.41460514727997877 73.9758
0.3933748899159798 71.236465
0.37320614542018077 78.37422
0.35404583814917173 75.46215
0.33584354624171314 73.794014
0.3571803672206527 70.18623
0.3809332705307811 68.60946
0.3982406074382942 71.01888
0.39621109410879674 71.72077
0.39083433690182756 71.710434
0.42083510028627946 76.04851
