0.014450027189274756 -0.044093467
0.04651247222562373 0.035392903
0.12191081276661582 -0.30769283
0.1312146328900126 -0.20803322
0.1663083010066213 -0.42907566
0.17851801248115984 0.5142625
0.16909211185710185 1.4297643
0.21832256185961071 0.8543553
0.20690643376663018 2.5318968
0.20404673339322651 1.3596131
0.23577983052226517 1.2068807
0.2234908389961519 2.7292905
0.24780210588908547 2.3754337
0.3023778877551748 4.7262764
0.3192611477496007 4.645188
0.32398633349028744 8.323277
0.30728701681577303 8.816882
0.3229919629278433 8.373071
0.30634236478145116 17.685795
0.2905252465423786 20.815771
0.3174158152694298 16.33352
0.31012294940901153 25.724691
0.29411680193856093 23.163137
0.322545589368083 30.777725
0.30591830989967883 38.141968
0.337418402786358 25.620758
0.3200474826470401 34.44712
0.3535562222272913 38.633682
0.3353784111159267 42.61348
0.3181094905601303 40.88982
0.3146623268158554 42.68279
0.33864289723831537 46.77044
0.3645501651174355 48.69157
0.3622741925258376 55.199432
0.3436604828995457 58.732597
0.374072623678622 56.21259
0.3548689924946909 67.36482
0.33662554286995633 56.797203
0.3754356186419009 68.34741
0.4270948689572578 66.60499
0.40524012550939487 66.60919
0.3844781192339251 66.687035
0.4042247399995888 73.92481
0.4137503950062325 73.12462
0.42592547516310836 73.20317
0.41493059618138795 60.946674
0.4368533655425346 66.82829
0.42386480676805344 64.56744
0.4614582869712089 64.72696
0.4717416902115249 65.86905
0.49630475286406855 61.612377
0.5010677519952339 65.86086
0.4755143643954722 62.512962
0.5071944193183755 65.74972
0.4813346983524567 67.6059
0.45676796343483383 57.474537
0.4902952564102913 62.976353
0.5017799912258112 54.08683
0.5419087880103985 67.921394
0.5143133486098787 59.581802
0.4880976811793847 75.5437
0.46319279712041544 70.04126
0.4395331572643946 71.13312
0.4170564994011749 62.719097
0.39570367443111615 69.078735
0.37541849070956035 62.087418
0.38997018401065603 65.74221
0.3831928376841353 69.47965
0.4184656018027404 64.80211
0.4354552450341953 73.70732
0.44897374602676987 79.15136
0.44589875902248144 64.64791
0.42310382107135736 74.26894
0.4368659796450089 70.93845
0.4218399698958143 76.11266
0.4002479714010236 69.45514
0.407719690916026 72.3801
0.43444548333335486 70.758995
0.4122232091666871 71.484436
0.4457428439067005 69.87179
0.42295570171136543 66.19396
0.47062688490833143 75.47025
0.44659554066291485 62.27961
0.4237657636297691 58.215965
0.4020774754482806 67.71005
0.3814736016758665 66.39766
0.3618999215920732 63.992153
0.37419447646958354 69.36596
0.3896309948320925 64.5127
0.44456533808217613 66.02669
0.4218370711780673 72.371666
0.40024521761916393 74.72914
0.37973295673820573 64.54868
0.38512565619797035 62.868927
0.38237303060911565 61.598465
0.4166151043778942 59.51177
0.4202787321153763 55.87289
0.3987647955096075 56.14978
0.4022150153671286 63.783493
0.44990886687023546 58.68955
0.4533089241490525 64.26662
0.43014347794159985 61.578518
0.40813630404451984 58.096523
0.41042316954713887 55.934475
0.43311940776292196 57.83133
0.41096343737477586 58.626633
0.4381880187698233 60.145447
0.47235483255063737 59.607986
0.4763744099358779 61.426685
0.452055689439084 59.226437
0.42895290496712973 56.539677
0.49709604520573253 58.528458
0.4717412429454459 61.461426
0.4476541807981736 62.817173
0.4666839079136364 64.52027
0.46063727662419873 66.34977
0.4711745281351036 62.515434
0.44711580172834836 67.79605
0.45363488515784606 66.25345
0.4579713057162845 60.241947
0.4345727404304703 66.148895
0.4123441034089467 64.28936
0.43559519137201375 64.84682
0.413315431803413 65.472336
0.4281459082704107 65.62444
0.40623861285689017 71.13274
0.43667882652377854 75.76603
0.4143448851975896 69.52626
0.39312764093771013 69.672455
0.41008657002752524 65.12643
0.38908224152614895 65.01655
0.4001580028757829 65.17883
0.42747717422714293 65.13042
0.40560331551578577 65.580124
0.4404778992325762 63.141624
0.41795400427094737 65.319565
0.4467660033463487 59.990963
0.4239277031790312 63.59014
0.44465109355218313 68.51399
0.4607901511520724 64.1226
0.5027640163620745 63.502857
0.5229385846889208 68.60279
0.5398534059509442 73.83151
0.5227616466213374 65.16066
0.5459803471787542 62.258263
0.52902049438832 64.34122
0.502069469668904 68.99875
0.47646599618545876 67.07385
0.5056229979492085 67.38539
0.5525194309691751 67.14549
0.5243934594207164 72.28512
0.4976737864496805 69.726944
0.4722900971271965 64.5889
0.4934614245086474 74.91796
0.468288353283215 72.285736
0.44437393561905425 71.87381
0.4717644704995025 61.47762
0.44767624697452735 68.405205
0.4589036371276891 70.88823
0.4677091169864345 72.42317
0.49824836065436606 74.456726
0.5405571961419174 75.27673
0.5338063648900746 69.2308
0.5066160466455709 79.19176
0.5608326859384215 69.10859
0.5322910516415005 64.292534
0.5293553183350643 72.10538
0.5585813645859631 70.28968
0.5806437443828533 73.12318
0.6119283038613568 66.74263
0.5808318886682889 70.26476
0.5960648722885612 73.745056
0.6182988403568597 76.76675
0.5868838983390167 68.038086
0.5570397034220659 76.96336
0.5735393497626967 74.912926
0.5761485530125263 66.74594
0.591374631399756 72.456726
0.5613058998297682 69.37388
0.5730036427671052 63.98207
0.5638198036349107 64.37034
0.5351288134531652 61.410275
0.5201322213880584 68.71023
0.49362561031865543 70.89204
0.46844432980272266 69.69631
0.4445221133125865 71.289116
0.43000543335503744 70.91636
0.4334020248150392 60.347794
0.41123192357428723 67.01304
0.39017032739557284 65.92263
0.37016181102579415 63.891487
0.35115372047450444 59.350563
0.3330960344507792 64.924866
0.385280708217574 69.03215
0.4288061472320227 69.83362
0.4068658398704216 66.05646
0.3860225478769005 65.40972
0.41152961216035244 61.67148
0.45517842543360765 64.851456
0.43191950416192726 62.504505
0.4098235289538309 61.409195
0.38883235250613934 60.897785
0.4065724014018492 56.515194
0.4520465303015784 61.56528
0.46650445759722564 52.204517
0.48241620721929035 57.712337
0.4577953968583258 58.201347
0.49935899130567063 56.20806
0.4738910417403871 59.99593
0.483226348140343 55.04699
0.45856503073332583 57.817513
0.4351367791966595 60.26159
0.4128799402368265 64.35174
0.42442839233281876 64.46207
0.5042475897395633 64.56535
0.5169068833324256 65.37676
0.5274028761567965 61.88924
0.5240753613580179 69.782745
0.497371593290117 60.960854
0.4928155358731222 63.92276
0.4676747590794661 65.887314
0.4783198275425663 63.274815
0.4720758526347518 69.14591
0.4479720600030142 58.41092
0.44151557471762587 60.522915
0.44288138262471055 70.25259
0.420237313493475 70.91705
0.4340085623883085 67.59066
0.46231313688614817 79.24804
0.5039118841919945 65.95787
0.47821628998239474 71.36221
0.47209823816796526 72.72222
0.44799332625956695 71.81466
0.4904312862807202 77.76392
0.5198358347561123 76.257286
0.49334404301830664 61.438232
0.4982439721779304 71.95409
0.5270199094446535 73.97308
0.5001689139724208 70.09581
0.5125268800976733 73.6451
0.48640053609278966 69.43009
0.46158050928815014 73.059204
0.4380014838237426 75.27591
0.41560140963255543 66.42484
0.43050174058956403 69.771866
0.4900535976676979 68.03943
0.5133039182483231 66.8065
0.5603290805502067 65.56201
0.5600990348434075 65.37545
0.5530699810919567 67.09827
0.5571696242728871 62.68114
0.549024556539452 69.20047
0.5717957478159413 68.081604
0.5712048493064067 67.88362
0.5421446068410863 62.011906
0.5145373764990321 65.883766
0.48831050767408046 73.491264
0.4633949822903764 65.21248
0.43972523317585754 72.760124
0.478035154265265 68.361786
0.5221581662185784 79.682175
0.5221096105934716 74.79246
0.5143469761762085 70.2987
0.5135276743466846 79.488914
0.5110767187156031 65.789474
0.4850228827798229 67.17781
0.46027173864083176 62.91342
0.4367581517087902 63.566372
0.41442024412335066 72.768936
0.3931992319171831 69.64573
0.3730392703213239 72.6202
0.3647625852183475 67.88088
0.37662485948490443 72.1044
0.35729361651065916 62.63707
0.3500362052774706 70.604866
0.39079424248639094 79.35996
0.3887178247390928 73.291985
0.41470582015252333 77.53974
0.39347052914489716 72.277824
0.3732970026876523 67.33382
0.3541321525532697 70.29984
0.4016429923107057 63.280514
0.38106084269517043 70.43436
0.4178938477433079 81.37283
0.3964991553561425 77.90006
0.4594635699462971 76.33433
0.47312618331302253 64.36017
0.4489698741473714 61.814247
0.4260213804400028 61.834267
0.40422031141800263 63.037186
0.4031525254324369 58.07204
0.382494899160815 58.69684
0.36287015420277424 64.52112
0.3442266464926355 60.729115
0.3265153141680037 60.049965
0.34423567207367756 63.94235
0.32652388846999364 63.98292
0.3586454354037354 68.59954
0.3615517929415018 72.14309
0.38581275394601744 65.335
0.36602211624871656 67.9699
0.3865094687808696 64.16452
0.38830447724397155 66.437546
0.368389253381773 66.322716
0.3494697907126843 61.54193
0.3314963011770501 61.353233
0.365459173846297 65.99352
0.3466862151539821 69.002396
0.328851904396283 63.10395
0.3563534837935341 67.40172
0.35847922212596484 63.75052
0.3400552610196666 67.32609
0.3680076060905426 65.88535
0.380767193779918 67.77842
0.3612288340909221 64.16516
0.342667392386376 61.632145
0.35680600006802043 64.18471
0.3586347134476538 68.744446
0.3402029777752711 73.08758
0.3647157257507154 70.04005
0.3459799394631796 68.14941
0.37463481575665575 67.79946
0.3743095685185062 70.403534
0.40199063008021596 64.64499
0.3813910985762051 68.14646
0.3618215436473948 65.69836
0.3675260943351466 72.175735
0.40233603455166195 65.117256
0.4115596196446116 64.78465
0.390481638662381 65.24196
0.38458972215208265 62.332138
0.37430050810461624 62.969692
0.40624357183466736 63.913776
0.42951163694816497 72.53467
0.44098859606170054 71.59167
0.5230199647505834 71.57435
0.5309245182865128 70.4772
0.5316065776551254 70.759415
0.5045262487723692 73.93016
0.5063821144620058 75.99535
0.5784133842836469 71.64794
0.566453251289509 70.09309
0.5376305887250336 64.84162
0.5284930300031961 65.85168
0.5321071920121204 61.3567
0.5050018324115144 71.78655
0.5460062374065479 69.56685
0.5182059255362205 70.84058
0.4917956292594094 65.57631
0.4667058477964389 70.32363
0.489794004612889 65.7046
0.5730353323354619 68.35929
0.5970801973002133 72.472496
0.6596836739058975 64.101265
0.6569618330304025 62.777508
0.6549923813177522 74.62116
0.6672568149323045 64.317345
0.6333939741856893 65.92643
0.6572690307013078 66.87975
0.6239055791662425 67.655785
0.6329740601106986 65.38076
0.6193557248540902 60.24875
0.6326660280296825 64.00868
0.6005327266281985 69.50415
0.599291740695822 70.585075
0.5914610106298758 69.55584
0.5829352981247069 66.5704
0.5532885332184716 67.49455
0.5572754239985069 70.82061
0.5719324869473381 71.56381
0.5428358625999712 66.782906
0.5151940694699727 62.650745
0.48893436599647405 62.5052
0.46398764769665035 72.70063
0.51845620315505 66.144485
0.4920333929972975 65.10494
0.4669317233474326 72.67186
0.4655588221272066 72.3855
0.49546341445964126 65.73285
0.5102331553114398 63.54634
0.48422149754586774 71.05348
0.4946050086007194 71.282425
0.5493064675197308 67.64103
0.5579487672539731 73.519356
0.5735325550146182 66.070984
0.5873189641744091 70.38438
0.599669180675616 66.02221
0.6020482653379324 59.69854
0.578045528141329 70.64492
0.5810980632432449 64.38815
0.5926614418027684 67.17011
0.6368599530021969 66.638084
0.6160337044133947 58.342857
0.6143712589224783 62.901917
0.6282013558042197 57.438725
0.5962912880140087 59.616932
0.5659767236133083 65.63058
0.5371778874326429 64.76744
0.5098189930610109 58.944614
0.4838280434079603 58.550087
0.5075503200734596 58.403904
0.5401717888498876 58.805912
0.6038769216149067 61.666798
0.5731830755341614 63.820942
0.5440239217574533 60.19747
0.5529891016859325 59.764774
0.5320156514284626 63.538406
0.5596092663121912 59.210373
0.5716866790287032 62.391346
0.5734625675761679 63.75385
0.569540410224774 63.70669
0.5793374503106569 57.540436
0.549870577795124 59.907204
0.6187994491330451 61.954273
0.5873594766763929 65.346146
0.605348632312664 64.57335
0.6185196572490255 64.852646
0.6205884605630777 77.185646
0.5995604953916548 62.844955
0.5879285355818472 62.763874
0.6238511303434128 64.52637
0.6215526312828318 62.640408
0.625648709794501 58.072495
0.6208308801107981 60.26502
0.6271085126354828 60.46546
0.5952530870037087 65.98201
0.6100760393395912 62.86297
0.625735480064226 58.449863
0.6160471449485879 56.015137
0.6648206046554499 62.180344
0.7206284780675664 65.60829
0.7305206840417684 65.95538
0.7283837455855623 62.88978
0.7472635553190569 62.1015
0.7235759931795196 66.517105
0.7216825375406949 65.68441
0.721898107476112 59.552883
0.6853032021023064 64.07003
0.6505380419971911 69.18806
0.6175111398973316 67.55975
0.6244119927900176 67.366585
0.6152483099325129 62.762367
0.5935681015598208 64.734695
0.5943570671595865 63.67955
0.5641392138016071 66.87497
0.5687686525868448 62.677822
0.5954750383177497 63.41514
0.5652012864018623 60.232376
0.5763847185659515 64.515144
0.547065482637654 64.14626
0.5192122085057713 62.08816
0.5131722915759866 64.54384
0.4870136769971873 60.157497
0.4621629931473279 68.90119
0.4385548434899615 61.218666
0.42727145271874845 65.42379
0.44199856735758464 71.48051
0.5144608223388726 70.39035
0.4882377812219289 64.88994
0.4633258921608324 65.217896
0.43965959755279077 64.580696
0.4545371617256279 62.887222
0.44562141273678346 65.49405
0.42284034209994426 64.74131
0.4755279027257264 72.06091
0.5108633921027679 64.8469
0.48482022249762946 63.689545
0.460079211372748 68.68624
0.47096053805642 67.51033
0.49564410011141025 66.0298
0.4703618951058397 71.56047
0.5312014236458588 74.49443
0.5041413524635658 73.89308
0.5049019323351095 77.35895
0.5738192022032187 73.6066
0.5446282420930578 79.04221
0.5318911647592229 70.57698
0.5523518651143475 65.08664
0.5993542951363733 76.09439
0.5688865803795546 69.468124
0.5399422513605769 70.259415
0.5473097341580591 67.50024
0.5194442474501562 64.02234
0.5246726058882011 62.653088
0.5200011421890038 73.42774
0.577757112896701 71.376205
0.5803434394759357 68.60634
0.572672247491788 62.259293
0.5599622573289633 72.70393
0.5561513914597376 67.65432
0.5444623685102635 64.736824
0.5303314328249441 56.91424
0.5607288075470064 62.58258
0.5954382815450171 59.239758
0.5939852317455045 61.731026
0.5995320227446973 61.86595
0.6208876655026431 66.784904
0.6149910835729008 63.100777
0.629614504360675 66.60738
0.5976337791426413 67.82868
