0.045371938474995745 4.3004317
0.07129346134854367 4.8793077
0.11141066017394255 4.956496
0.10534012716524542 5.0843205
0.09957312080698315 5.8419867
0.09409446476663398 5.9916887
0.1443089833863372 6.3121734
0.17209527117956128 6.5989428
0.1629905076205832 6.38165
0.15434098223955403 6.006594
0.19889463860701576 6.179564
0.24073269131403663 6.6079116
0.2281960567483348 6.979702
0.21628625391091805 7.039713
0.2307079181812497 7.23865
0.26528136389874685 7.534481
0.2515172957038095 7.812476
0.238441430918619 7.3492327
0.2457181736244201 7.506445
0.24403691622297044 7.4459405
0.2313350704118219 7.399138
0.27100022597612006 7.329977
0.2981884813217039 7.2704964
0.3176581330354828 7.590055
0.3249413552716402 7.7932086
0.30819428750805816 7.8034654
0.29228457313265527 8.44408
0.321496934018615 9.081109
0.32404209874494616 9.97171
0.34226829036405665 9.048023
0.3246548758458538 9.285804
0.3375828247703746 9.39215
0.32020368353185585 8.9018955
0.3532167105383141 8.758228
0.3350558750113984 9.271883
0.3620871546330333 9.293667
0.39758831160339647 9.194751
0.40135344093234915 9.810287
0.4553800788127993 9.81602
0.4793769854132222 9.0024185
0.5016925932071631 9.136408
0.4761079635468049 9.533785
0.491615970134626 9.936994
0.521917233520754 9.45376
0.4953213718447163 9.081504
0.47005530325248046 8.428875
0.4460525380898564 8.0189295
0.45340422235181777 8.22037
0.45065280633730437 8.357449
0.47563287115887215 9.075981
0.4513512276009285 10.351203
0.442879487602601 10.625208
0.45023894626703864 10.5715065
0.4272269989536867 10.635425
0.4473597281208185 10.230507
0.42449174171477755 10.441666
0.40276715462903867 9.821513
0.41661832293628465 9.560437
0.3952874067894704 9.221855
0.37502303644999685 8.796993
0.426476494925552 8.7025
0.4504258491276079 8.175857
0.4752107757281661 8.316252
0.4891982777067778 8.315952
0.4882885947905253 8.461507
0.463374165050999 7.586244
0.439705456798449 7.2776146
0.4659248269298485 7.8713293
0.4565097351718751 8.672308
0.48304257240735704 8.71727
0.5043896129050112 7.8788843
0.5248330647869366 7.980769
0.49809141154758974 7.7524247
0.487288137056697 7.5973244
0.5093325994192565 7.632688
0.48336596944829363 8.1416235
0.45869767097587894 7.5728364
0.490793019005902 7.9419103
0.4997320196851199 8.231301
0.5253233954402113 8.258415
0.5471580613758504 8.01626
0.5434280411646105 8.584705
0.5328159318868438 9.329811
0.5298292156110885 8.50035
0.5492882307412726 7.9791036
0.521323819204209 7.382828
0.49475762824399855 7.2797112
0.4695197468317986 6.8532476
0.44554375949020864 7.0611196
0.4738591199974867 6.7177544
0.44966616399761233 7.3032227
0.47476501130187754 7.720797
0.4930354662500667 7.7321687
0.48163216573740325 7.4335113
0.4570505574505331 7.991906
0.4858781358803568 8.772001
0.4610842290863389 8.97529
0.4587634107256688 9.382807
0.49725016050775017 9.329855
0.5031999399743624 9.803177
0.5122398326994977 10.021026
0.4861278410645228 9.499695
0.5002261616177369 8.762901
0.517055746732351 8.556637
0.5341491805851959 8.093113
0.5508636079650271 7.5561323
0.5374944173487357 6.9561644
0.5869050454160697 6.5854063
0.6085373756537283 6.102218
0.5934590366529484 5.9507294
0.5632860848203011 5.6740227
0.5688467148346918 5.7985134
0.607417089519352 6.1087036
0.6072436258637666 6.305056
0.5763814445705783 6.78545
0.5470623723420494 6.7961173
0.552416633096942 6.9459233
0.5761685176292283 7.112019
0.5723687547441006 6.6898494
0.5432503170068956 7.206029
0.5155878011565509 6.955854
0.5389242042739358 6.6014557
0.5114779940602391 6.7246175
0.4854040943572271 6.1786757
0.5097753121561504 6.1684046
0.4837865465483428 6.411088
0.4590972192209256 6.6795344
0.4356423582598793 6.7335486
0.44123366449135415 6.4788265
0.4186719812667864 6.521211
0.39723838220344704 5.838984
0.4229206834336326 5.6737623
0.40127464926195094 5.277802
0.3807109167988534 5.0062513
0.36117537095891067 5.3301086
0.38899435024371676 5.350379
0.3690446327315309 5.388447
0.39703920709092827 5.6142683
0.3766872467363818 5.667838
0.3573528843995627 6.085537
0.33898524017958453 6.163395
0.3215359781706053 5.9882593
0.30495917926207505 5.931048
0.2892112202989713 5.747944
0.2742506592840227 5.4786053
0.26003812631982154 5.870236
0.24653622000383044 6.136439
0.2337094090036389 6.0994062
0.22152393855345695 5.754734
0.26867267351686297 5.734024
0.2547390398410198 6.0431376
0.24150208784896882 6.0724335
0.2548597917601575 5.9712176
0.27196131460758466 6.049236
0.2578632488772054 6.660709
0.3143840970306869 7.3448772
0.29816489217915254 7.688008
0.3143148244814475 7.455307
0.31812595226825857 7.5500026
0.3017196546548456 7.495281
0.3361948806737988 7.4951463
0.31888513664010887 7.3385167
0.3538001052884793 7.365766
0.3714055747879412 6.999306
0.3523352960485441 7.2560806
0.33421853124611683 7.0263004
0.31700760468381095 6.5674677
0.3006572244496204 6.466667
0.3266459613057574 5.9858646
0.3098136632404695 6.569004
0.3261553090567299 6.368158
0.3093475436038934 5.999891
0.2933801664236987 5.65422
0.3464431902775035 5.9999633
0.3668208650550945 5.950958
0.3479798218023397 5.6172876
0.3300808307122227 5.6733108
0.3130767891766116 5.8003707
0.3313510280626092 5.7992554
0.3142834766594787 5.887044
0.29806930282650473 6.107116
0.3329537036445194 5.973759
0.31580601846229345 5.862069
0.29951571753917877 5.800579
0.3223705445160384 5.7850246
0.3057520172902365 5.696007
0.3159732883065065 5.4637775
0.29967462389118116 5.125129
0.3279131676392829 4.762739
0.31101750925731875 4.7891626
0.2949666337944528 4.6710305
0.29285640982253724 4.5525346
0.3182731994160095 4.385989
0.30185953944520905 4.171759
0.28626656247294857 4.063115
0.2928023907462427 4.18708
0.27766227120893056 4.0752344
0.2734006745473481 4.271533
0.33215266464249693 4.012895
0.38482987019221604 3.5712883
0.36508837668260524 3.395744
0.346333957848475 3.3457096
0.32851725995605124 3.3021188
0.31159139695824867 3.648291
0.29551182711033624 4.10253
0.3147624223174382 4.023671
0.29852430120156626 4.0749006
0.2830980861414879 3.9655464
0.2684431818344135 3.7876747
0.25452102274269284 3.6588652
0.24129497160555818 4.079585
0.22873022302528026 4.1642156
0.21679371187401625 4.1530757
0.20545402628031542 4.1319246
0.22483472264682816 4.0650587
0.28589076246546796 4.2209816
0.34732395654409887 4.1950393
0.3294577587168939 4.4259324
0.3687336664428845 4.6084595
0.4051135849806266 4.6645446
0.3843579057315953 4.4737787
0.3646400104450155 4.6429095
0.3958153658167514 4.5344677
0.37552459752591383 4.717236
0.3974796218177842 4.979278
0.37710564072689495 4.9209385
0.35775035869055016 5.0558257
0.33936284075602263 5.1692367
0.36485959534642337 5.0331836
0.43917133323256063 4.6675377
0.4167127665709326 4.5453787
0.39537712824238597 4.5506783
0.43604381658662184 4.517436
0.41374162575729073 4.424732
0.39255454446942617 4.3330564
0.4312183394411704 4.476
0.43911242453271226 4.1020536
0.45112270433980545 3.6609583
0.42806656912281515 3.765293
0.4493911498996417 3.868384
0.5029360010119371 3.913968
0.47728920096134025 3.8790228
0.4529247409132732 3.5816596
0.4297785038676095 3.3807812
0.40778957867422905 3.5030596
0.41310007845836105 3.7169797
0.39194507453544297 3.8083801
0.3718478208086708 3.7082145
0.39948761095249447 3.5842469
0.3790132304048697 3.5409935
0.4450833436604935 3.6613696
0.4223291764774688 3.687452
0.40071271765359534 3.6110632
0.48244186045039006 3.4098477
0.45781976742787056 3.5228238
0.5256091984157852 3.5598352
0.5268968211705054 3.4352448
0.5226169037903984 3.5499449
0.5355705048405632 3.3076158
0.5082919795985351 3.208147
0.5109161017515292 3.1459732
0.48487029666395276 3.1525583
0.4601267818307551 3.2822723
0.47625615931829623 3.3899984
0.4519433513523814 3.516736
0.4288461837847623 3.6897824
0.4069038745955242 3.4428263
0.38605868086574796 3.4453516
0.36625574682246054 3.7099977
0.3474429594813375 3.7153556
0.32957081150727063 3.6013062
0.3636943817740621 3.4559371
0.345009662685359 3.3976338
0.3394525936839298 3.5948434
0.3362364692329347 3.535512
0.318924645771288 3.381966
0.3024784134827236 2.8995686
0.2868544928085874 2.6581218
0.2963992831544616 2.5875306
0.28107931899673855 2.5333722
0.2866199035638 2.486161
0.27178890838561 2.6485116
0.25769946296632945 2.6369557
0.24431448981801296 2.414334
0.28757145080590285 2.4254005
0.36325330037939335 2.4970903
0.34459063536042367 2.382352
0.4331011192251205 2.4544177
0.4853173680867077 2.6198719
0.5108693311365174 2.7798629
0.5439118066325124 2.9611938
0.5622415073115418 3.008873
0.5593456389280402 2.9369645
0.5308783569816382 2.7279904
0.5839628401438682 2.7749996
0.5542646981366749 2.913894
0.5260514632298412 2.9778564
0.4992488900683491 2.9355814
0.5324352797902148 2.8931217
0.558492999391188 2.8759975
0.5473341957385554 2.7530832
0.5587732748523755 2.7836165
0.6014807821447384 2.729151
0.6767466741279595 2.8050666
0.6424093404215616 2.8510654
0.6558672641485896 2.942821
0.6564077867514351 3.0146692
0.6551016640492837 2.9454997
0.6368124949823954 2.9231443
0.6044718702332758 2.7240496
0.573748276721612 2.5465746
0.5484749015973527 2.5191293
0.5205511565174851 2.837964
0.5648364224294558 3.0810406
0.581126922105331 3.2526429
0.5624797075681608 3.2254493
0.5834598219311529 3.1086996
0.5537868308345952 3.1750307
0.5255974892928655 3.1093957
0.49881761482822223 3.2462618
0.4733767340868111 3.2807534
0.5006765566684812 3.0566626
0.47514272883505715 3.0648904
0.517770101878296 2.8151336
0.5421553381722054 2.6828287
0.5754600581899142 2.6827908
0.5461870552804186 2.848075
0.5183777025163977 2.861313
0.5211618694483425 2.7864294
0.5036765364708938 2.6397052
0.47799270964734913 2.7138348
0.4535930741649817 2.8820722
0.4304134204567326 2.899728
0.42648152558443203 2.802452
0.4046574493052104 3.05308
0.38392457683994985 3.0480204
0.3890291918095124 2.8493545
0.3690777322190368 2.9222987
0.3501238456080849 3.1873858
0.3321176533276806 3.1735733
0.3150117706612966 3.189752
0.2987611821282318 3.1465425
0.28332312302182017 2.9921134
0.2775860730822944 2.782497
0.2968887389644089 2.6090374
0.28154430201618846 2.6351604
0.278497130431852 2.706819
0.2640722739102594 2.5709853
0.30198007795971604 2.5749621
0.28638107406173025 2.788022
0.3181877247587695 2.9111154
0.301778338520831 2.7453837
0.33350122464637844 2.7626977
0.3163261634140595 2.8487527
0.30517683428881826 2.7228248
0.33572257065535005 2.6629457
0.3473931699721197 2.6048496
0.3640277742943249 2.6610024
0.3831130692692219 2.7465937
0.46195230839521173 2.7812316
0.4789200449651527 2.7436175
0.4621780126986831 2.7808065
0.43856911206374893 2.6937327
0.4858387764080784 2.63136
0.46104683758767445 2.5655735
0.5065306977684143 2.4407353
0.5057064220776815 2.4299514
0.49437031502683854 2.5441732
0.4691517992754966 2.5860105
0.44519420931172177 2.7386756
0.4364379256067549 2.9037538
0.4141160293264171 2.941829
0.3929102278600962 2.842076
0.42129152073677745 2.9299712
0.45182714953960706 3.1092887
0.513117584832508 3.274786
0.4869617055908826 3.3677235
0.46211362031133846 3.4893985
0.43850793929577153 3.7878215
0.4160825423309829 4.054506
0.42329897996315685 4.1570683
0.4352830323939495 4.218039
0.4649119036308382 3.864837
0.5189061865551867 3.511888
0.4924608772274274 3.390416
0.5029880197437032 3.2984931
0.5063149878073689 3.1871328
0.4964056213321413 2.9623508
0.5044188692162784 2.8185165
0.4786979257554645 2.8967016
0.45426302946769126 2.8367007
0.43104987799430666 2.8699582
0.43031475774071015 3.0490322
0.4082990198536746 3.2191522
0.38738406886099086 3.2637532
0.37637669347254143 2.9643872
0.35705785879891433 2.910149
0.3387049658589686 3.0088081
0.33217645225884707 2.982942
0.3150676296459047 3.0571837
0.2988142481636094 3.0147095
0.3008583676733275 2.830617
0.2958914574169014 2.615001
0.28833957618732076 2.5577874
0.3654687191674796 2.6664345
0.3466952832091056 2.7587416
0.35219345603700863 3.0206277
0.3340837832351582 3.208832
0.3168795940734003 3.2086537
0.30053561436973025 3.2208667
0.28500883365124374 3.2260044
0.2920709863948433 3.1400626
0.27696743707510113 3.3396127
0.26261906522134604 3.3937988
0.28132453381003364 2.9228966
0.31737774224949544 2.7435856
0.3076514065594672 2.8075438
0.29176883623149386 2.9032757
0.27668039441991915 2.7439146
0.2623463746989232 2.68822
0.2803674822859527 2.7305372
0.2658491081716551 2.6498597
0.29395374768348137 2.6443217
0.3165014836003815 2.481256
0.3001764094203624 2.4092338
0.2897321312970746 2.4605973
0.28180911563069566 2.4075093
0.2672186598491609 2.4894204
0.2533577268567028 2.601263
0.25233905213059665 2.6875722
0.29297459564837613 2.5886564
0.34495469838955817 2.7327216
0.33572397351342337 2.6959307
0.3184377748377522 2.8077924
0.3138473427473292 2.8553953
0.32551655002158075 2.7629135
0.3087407225205017 2.6844022
0.2928036863944766 2.7332456
0.27766350207475277 2.770132
0.2632803269710151 2.7468584
0.24961631062246437 2.7317312
0.29029335958 2.6951032
0.3281902869241169 2.6811335
0.31128077257791104 2.6348052
0.30491160417077556 2.6801674
0.2891660239622368 2.7325537
0.3248008012252213 2.8245935
0.30806076116396025 2.7768905
0.2921577231057622 2.659442
0.2770498369504741 2.7680905
0.26269734510295034 2.861818
0.2490624778478028 2.9640784
0.2822229329815386 3.1128483
0.2676117863324617 3.0690727
0.2964452141206775 2.7295434
0.2811229534146436 2.465285
0.32028954211754584 2.3517582
0.3037750650116685 2.2832253
0.29960961601831 2.321904
0.28412913521739447 2.4742563
0.26942267845652473 2.4504228
0.2554515445336985 2.448511
0.24217896730701358 2.4123347
0.22957001894166287 2.3260367
0.2175915179945797 2.2906897
0.20621194209485072 2.296714
0.19540134499010817 2.180631
0.24092967937851428 1.978432
0.22838319540958857 2.0167873
0.21646403563910913 2.0652683
0.20514083385715365 2.0475879
0.19438379216429597 2.038419
0.18416460255608116 2.1217384
0.1744563724282771 2.0835106
0.17468536197046422 1.9858357
0.165451093871941 2.017736
0.21122060433888187 2.0034785
0.2388487142490555 2.037092
0.2264062785366027 2.1573777
0.21458596460977256 2.2959957
0.26391250712546177 2.3105595
0.25021688176918866 2.2296476
0.2747632045312105 2.0699148
0.2838989411870189 1.8382447
0.2857748423235014 1.7166378
0.3053013736631255 1.7414395
0.34004005745025645 1.8146863
0.3225380545777436 1.768953
0.3059111518488564 1.806612
0.30037908469619834 1.8062433
0.29037096919841554 1.7148643
0.29815374995507593 1.7507073
0.36315681183125204 1.8674124
0.35243781151174547 1.8041129
0.3343159209361582 1.8383865
0.40134488323258755 1.9161037
0.44827965003729403 1.8447794
0.4385174328416121 1.7705952
0.491410601790594 1.844909
0.5555030188803443 1.8197131
