36.19649737302977
43.181786339754815
42.546760070052535
46.99194395796847
44.45183887915937
40.64168126094571
40.00665499124344
39.37162872154116
48.261996497373026
45.72189141856392
43.816812609457095
44.45183887915937
40.64168126094571
43.816812609457095
50.16707530647986
47.62697022767075
40.00665499124344
43.816812609457095
38.101576182136604
36.83152364273205
47.62697022767075
39.37162872154116
45.08686514886164
37.466549912434324
38.101576182136604
40.00665499124344
34.29141856392294
49.53204903677758
40.00665499124344
42.546760070052535
42.546760070052535
41.91173380035026
40.00665499124344
35.56147110332749
41.91173380035026
30.48126094570928
43.816812609457095
43.181786339754815
41.27670753064798
41.91173380035026
38.101576182136604
31.751313485113833
40.64168126094571
49.53204903677758
48.89702276707531
40.00665499124344
40.64168126094571
48.89702276707531
38.73660245183888
37.466549912434324
41.91173380035026
42.546760070052535
48.89702276707531
36.83152364273205
39.37162872154116
43.181786339754815
43.816812609457095
48.261996497373026
40.00665499124344
42.546760070052535
39.37162872154116
40.64168126094571
45.08686514886164
38.73660245183888
46.35691768826619
43.816812609457095
44.45183887915937
34.29141856392294
41.27670753064798
49.53204903677758
43.181786339754815
38.101576182136604
39.37162872154116
37.466549912434324
41.91173380035026
40.64168126094571
36.83152364273205
38.101576182136604
40.00665499124344
46.99194395796847
44.45183887915937
44.45183887915937
43.816812609457095
49.53204903677758
43.181786339754815
45.72189141856392
45.72189141856392
47.62697022767075
43.816812609457095
46.99194395796847
39.37162872154116
46.99194395796847
45.72189141856392
34.92644483362522
43.816812609457095
44.45183887915937
40.00665499124344
41.27670753064798
43.181786339754815
46.99194395796847
