20.143685350948534 493.21640088990586
17.96669838538275 485.56672377023426
21.499464325438794 586.0812176671004
20.156100349908517 501.25048924855554
19.240178777739672 560.1184655479562
18.95529215530329 506.82692763900724
20.914082633091454 456.96193101075016
19.442810965511935 415.2114876428475
22.564129367386933 472.61706001658877
24.87882233265953 520.6015800741768
16.63289263360966 482.2792473069165
20.188105042871427 481.6812293547779
22.815501186833462 548.7886817506005
17.301013400245473 485.54839162162375
16.019945995958366 402.09859252758764
16.513943967907903 466.35801651029686
21.63171373600753 527.1267809918853
21.92342689621165 508.09016571833524
19.64505630906257 471.3215073449891
21.59868089641394 476.21095632145216
19.230543892824087 579.5102076754579
17.6610725486663 484.1995095136855
19.2788874062155 531.7194419483723
20.83385603788285 424.2669843225099
20.97752011232442 520.909128180248
23.587199198953414 510.4588272827796
20.82394776645033 457.7364401630015
23.955387070346546 497.000236257475
17.50564491474539 506.46376713756183
20.113562553716175 502.7539677056522
18.15107225120544 456.2383249321565
20.26305898148853 478.1868904222548
18.443646861058543 454.15890403111007
17.03507447181735 440.84957323700274
13.446280435964725 481.28423224831573
19.73905153324284 519.4555919621305
22.725760346007007 544.3236971417434
13.502511859030767 422.6230526969355
22.012473399245174 528.7342619340167
19.78845831712316 518.5428722413909
22.41303444794461 479.59769698455125
22.062651796122065 523.4071474244101
20.14129048196257 516.655009372543
20.310285298216765 455.0334295195394
19.295661610361307 483.84114819811623
20.5846774169604 478.24469486922357
18.384303856073902 446.7706589078637
19.914918449720734 522.5389771711319
21.026275877371926 527.856456818578
21.255697639299623 568.6529210392174
20.252343780562086 563.329005120739
19.805331483099575 502.5857306394489
19.061092079016426 546.9276474668836
16.321153550122645 511.87119702136806
17.21189682067942 473.54055688497994
22.493215620197887 499.49197927241215
18.21141098726163 483.8434179060422
23.90679546761093 550.5548404990269
19.112787549496243 470.5591407629324
19.799841215532812 574.9333561650409
22.87106642052734 462.1814291007039
20.15621265046537 495.00293313215934
17.18346838968576 529.8106430316443
18.935438772189762 440.31373653758556
21.088952878299825 466.09713088822417
20.477022557593006 498.5643989849952
21.733424755041018 581.3192858569071
20.649817396921748 515.4439494090482
21.081727583878436 508.6362979243215
20.088784676255017 543.0116677283312
16.921578718369673 462.0260998788174
19.510866424497156 525.0112812458253
17.487547428282856 531.6450404570301
19.3268934789354 569.8390469491935
19.921786536266367 517.974452574323
18.908250242889498 466.37663888968456
22.69595776277461 489.0229119792125
22.97045741366837 490.09444501383234
21.227522806359353 572.8591379048847
18.51885457882603 480.42750906122234
24.715924019505096 557.3224926986884
16.569061952497236 484.058200696479
23.20783766570591 579.019245231047
21.36031128973703 521.2221491814635
20.51060689623133 455.8552967380254
17.797294714371976 501.1360953657577
14.614122143794024 420.42904824283335
25.155638023858913 529.7503729312192
18.80972123601497 529.4037173859508
16.090668578084642 486.77974844557815
17.297213381719693 478.80643564355717
19.164170281112458 556.865990931645
21.004628633458918 535.9233937488905
18.90152020281523 409.5376744927467
17.31877577121173 542.9759409877804
19.835645809435917 554.9447263223161
16.985986539138853 447.4309240671574
17.20339104264668 481.2283666808428
20.551879592157363 544.7284524170484
22.87980161228532 495.82916393251617
