46.340443417719 407.8879686169625
48.926258712045865 406.75399831382884
51.651225044676266 454.51869994575964
44.0696541323986 380.69736512608415
49.34167072113004 422.3590573720487
41.877614407855916 406.9360594308658
41.86994183735341 363.5200517053277
41.70883059875069 353.4564884457192
45.9654912447461 364.06676013884794
50.1906567312654 389.65071080527963
44.58338515041731 399.95011744913364
49.212301989042736 377.3206738451688
49.18968999065743 450.33222630632446
40.08574755306301 388.07059208031995
36.10900751956942 325.3924930979062
38.14336866931187 382.5340713714833
52.906482671136644 431.4975289128179
51.81647012545169 420.32614014688136
53.15922746157394 388.42442714935044
41.21337570841869 348.8709454017642
48.2208395761056 439.8579878973534
41.97928713325407 385.7645502255678
43.90222126915229 443.2951817983638
53.13106651052696 378.7672167855108
47.220955581669955 398.0638822637625
42.707234037862754 391.44917355953544
45.39517700063189 353.53037371145217
51.70493439004571 372.77339405880093
40.82063470362182 387.7195048090648
43.60790184432054 375.86270342851566
42.920049029254955 369.50102496744364
47.46613469753824 401.2339719393831
43.70958075788527 405.7346123671067
43.784227484506665 394.5011468037049
35.1192335260069 382.1777337400429
47.65506598236669 393.96499243324394
52.991904855577054 430.6587532587414
34.04181398754557 342.0631027082268
44.23365955864065 421.32180276767764
42.310283045654685 409.5561366895025
51.3280958314555 382.31417165434544
49.433713048408016 437.187015372336
46.77517352929407 385.6187330010816
44.40572678477874 363.7445602044891
46.26033791458067 385.43863106459975
48.2634429885461 371.0481705649721
41.87600346565772 371.5463233298832
46.19725285783972 412.4144928653258
49.74199316617654 446.5961748268961
45.917915560732524 452.13521940886983
43.222172094958545 422.25821831434894
45.3658751876426 411.6997076548638
41.802688239021364 418.6193247564718
39.30574155744215 420.78742574318056
37.64403499365315 395.5232025168866
43.511715776128945 412.5171589881738
41.65289541264707 403.3512052454763
48.79991844731654 447.49147187194677
49.801356145608395 377.0032397424509
42.811233874539155 435.9413211245982
51.991969095361625 367.5818396830127
41.72000648009194 385.79761847669437
41.03573408908747 438.23068461037275
42.84142059225665 367.584467878445
52.32748549497529 393.43738170042036
45.10521800871022 375.11239076604625
51.806522385425055 450.5711308309544
49.47726313321882 426.40506502908005
45.92952650774713 402.1027207361403
41.404916208016346 398.5498187086699
38.32573212443147 371.8939711321982
39.426287324802054 410.12459741944656
43.613843008970576 454.5011758432076
43.80386047887509 437.25128183362773
38.7019079043475 378.4983569262806
41.63704710889121 363.96434659798945
50.577321129748185 375.00006499781875
48.56369073361422 380.2195146432881
49.967026157913 440.52565064701577
40.99348591700339 383.5746113205907
48.30376205919331 427.17890084585713
34.93262472602774 404.6842297557008
48.391323948360316 438.63828775749846
41.53309057431989 375.4687487344858
51.081972694043046 383.5296635649478
42.05365762441294 386.702620959467
35.17852386606634 330.2734306799331
48.96457712948761 402.95855344140966
46.72377625228589 424.12878305748114
42.32688915681945 407.2385963609473
41.56736165261752 398.44103663646996
49.07697990557308 432.6137764579995
49.5638068797926 403.23572721043263
41.18151333545108 365.78101986547705
39.58655297104761 422.6217763281527
44.58620436992316 425.77314198635656
42.757934579332755 383.2425916030316
39.2115088589445 373.18302816723127
47.49659066541252 426.0045665045415
48.213585875855514 399.4434007782388
