16.203152364273205
16.203152364273205
16.74325744308231
14.312784588441332
15.392994746059546
14.042732049036777
14.312784588441332
14.042732049036777
16.47320490367776
17.013309982486867
14.312784588441332
15.6630472854641
16.74325744308231
13.772679509632226
13.502626970227672
13.232574430823117
16.74325744308231
16.74325744308231
16.74325744308231
14.582837127845885
15.392994746059546
14.042732049036777
15.392994746059546
16.47320490367776
14.852889667250437
14.852889667250437
16.203152364273205
16.47320490367776
14.042732049036777
16.47320490367776
14.312784588441332
16.74325744308231
14.852889667250437
13.772679509632226
11.342206654991244
15.933099824868652
16.47320490367776
11.342206654991244
16.47320490367776
14.312784588441332
16.74325744308231
17.013309982486867
14.582837127845885
15.122942206654994
15.122942206654994
16.203152364273205
14.312784588441332
14.582837127845885
16.74325744308231
16.74325744308231
14.852889667250437
16.203152364273205
14.312784588441332
13.502626970227672
13.772679509632226
17.013309982486867
13.772679509632226
16.203152364273205
16.203152364273205
14.312784588441332
16.74325744308231
13.772679509632226
13.232574430823117
14.312784588441332
16.74325744308231
16.203152364273205
16.74325744308231
16.74325744308231
14.312784588441332
14.312784588441332
12.692469352014012
14.042732049036777
14.852889667250437
15.392994746059546
13.232574430823117
14.582837127845885
17.013309982486867
17.013309982486867
16.74325744308231
14.312784588441332
16.203152364273205
12.422416812609457
16.74325744308231
14.312784588441332
16.203152364273205
14.042732049036777
11.612259194395797
17.013309982486867
15.933099824868652
14.312784588441332
13.502626970227672
14.852889667250437
17.013309982486867
14.042732049036777
14.042732049036777
14.582837127845885
14.312784588441332
12.962521891418563
16.47320490367776
16.74325744308231
