31.94180958501346 446.4081525940278
33.431183017962844 454.7817950597348
31.429171776846033 566.9963101413886
26.44594791239123 474.2965801973757
30.320543604610158 488.4234160759882
25.37093863578932 486.5729974045949
25.901248580426728 412.35176717062103
27.078914844234053 376.85229008607087
31.526988829809824 426.6174055401998
31.21160981696114 437.4167565264595
31.51281647246454 453.1493711918736
29.03827135945225 425.6583808304332
30.556435223230316 484.1250522616495
27.228056760991436 446.09302744596465
24.671371524653892 375.31473693142806
25.010730710206097 443.64123068954166
32.4246701223036 444.9350939220277
34.059194886877506 477.1710729012202
31.069829080125867 426.45754336333897
27.146211323308563 387.34668651900955
28.314658401482937 507.56763809255216
29.15584036254888 430.2843735589329
27.89328234145535 448.57618401369376
32.32233938711437 404.5059606823642
28.96447673643762 452.6391509937905
28.030785739531694 455.8253678522486
30.71802171996175 390.9529098692573
30.689568622182566 434.181478798177
29.607247468288623 453.3377494057492
30.19317641894529 411.56847515381287
31.07489490000613 417.88781693829253
30.21640970366101 455.50273853348466
27.232976807989186 439.29764134487664
27.59409600566239 431.1434912870208
24.384103507677793 434.8955267363378
30.329890092143746 431.8061988296753
30.89182156437157 512.0543625523044
20.963498935165717 384.25975453195775
30.771733233858292 458.40715777638815
27.952892162390818 476.38426965182964
34.19918363396023 432.2476618447689
32.425117845521875 487.5050599183548
26.136295451143653 459.14887310407323
30.740648964940483 401.0214548813616
28.729113018353978 415.8808372298802
30.856214388826633 421.34366181459797
30.552134585978216 397.7338805058617
28.85478641232967 465.1916908551968
32.53525824418033 504.4400776919191
33.26504946010308 507.1446081815411
29.293992581250606 479.48279776612554
31.145012095307752 456.9857813981649
27.009064842927415 498.22451191279
25.517432656561787 478.4706585631292
26.716850690337804 472.474629021055
30.71449739992737 455.01204652587035
26.239941233422854 473.25124978643424
31.453846316623256 513.0919643232044
33.06044584836325 430.7868200059956
28.44641692119243 512.1444002200285
30.01762828640121 429.689422581849
27.145759046373723 447.06781935887335
24.205401050758063 478.893266251876
26.755540952243223 403.8908175715287
30.77285203240904 416.6236846121056
31.054528942420948 439.67961298511324
32.299331397670336 502.72422462623456
31.156734865222997 469.37411368949586
26.546317983965356 440.4889224797674
28.932136110452106 514.4475791876947
23.440019320072896 426.9134462457671
26.911548632465852 457.4191154729646
27.692427225996223 520.1124991722255
28.273796076492903 503.6791514143623
24.518375963037858 451.3992486987898
26.501483515334936 415.9446774881373
31.393315935580326 439.1879665401624
30.40860695780337 420.4699273576523
35.23342316492928 477.7822606691146
29.420196619959004 436.4409859070776
32.176394944087896 497.4179249331745
24.378688677167077 454.8086298063205
32.00589996423667 485.7888651474801
26.301858899178267 444.8878316428083
31.734183586858947 437.52813406969887
30.910072874287664 403.76548886987274
21.13407918083729 365.8291718160539
33.27560805499314 474.2105190053631
31.87264262941224 512.4571742558093
28.86014750323643 486.8927811931077
24.75874765979859 460.50817236008277
29.2168692386812 496.7214017755856
31.86120075414507 477.941507741498
28.461873424389378 412.84730180893524
28.83846158235612 498.73684901265676
28.0208809956588 490.47010545685106
26.623745220034415 402.29765927828254
28.425645790837976 422.0179713330115
31.3692354421334 479.53094569464156
30.43085993236235 436.86625860929826
