27.748111776873877 432.0088076796625
25.20075425338066 452.80119015529607
53.85328048250284 495.3644215591086
24.8984910265276 393.3160296862506
23.652127832331605 448.5435672132796
48.77246680906362 448.8552499465082
22.866550902104617 391.2037058754095
22.16888863037673 357.2401142839383
28.357601927164776 381.5641683760925
29.34338522100798 428.26570857920956
24.210420216804884 419.9884607458445
26.10907685082186 399.15383942251117
28.973007092641314 474.72994608423966
21.001156501614847 405.8825657966346
22.58294346845495 355.32165252261035
46.72909792930481 429.3639049123696
26.56019153599752 437.23064487380253
28.5657411826571 454.9556717748422
27.638369576913774 416.4437027180726
25.06026228578162 377.66369193139235
25.007921040527116 460.966962568447
24.632940112184837 406.6777517567688
24.952072489182164 445.08837679965956
25.461767872679296 383.3824357149606
23.533756470781466 417.620104607933
25.130165169913443 411.3599342871824
24.641590678100737 374.8389531001476
28.543029498606526 389.7816236874238
26.112746917889105 417.9467306154277
27.29573009342029 414.5949104518372
25.40559406469632 405.603993878976
29.986739208885147 406.29187011844306
24.68533966060188 407.1145470441436
24.08270279899894 424.01303345817735
18.7869694723837 396.90544254694777
26.25564030396856 409.6389952409578
26.619471767895213 454.94229098041336
19.152735177568992 363.3112152028654
26.9755361612665 435.5337393047398
24.026412825014486 436.0964946336825
29.067542016988252 397.8807941625793
29.881707569216733 446.33839298597076
25.247432571284275 422.24683471598587
25.71692658198457 389.03702346093434
26.942995272331853 424.127075580059
29.043974103177128 415.6140777408681
24.775614344737082 388.5280778004045
23.034782011085344 432.5330124371162
29.884138335108982 483.8179940404169
28.93406118662841 477.65503573242205
24.643977363190093 452.13044714685793
26.97948122898936 444.5757441750664
25.14881641217096 466.5692241541709
22.115993815174942 445.8804772696205
21.69699779511907 408.6373018598563
28.99568942105018 451.2949451635589
21.403953338604595 406.5903777129788
25.691484033825592 464.908566807748
27.379516181030628 405.5801149989939
24.072759342394736 474.1713291670276
27.493144531885207 390.5748967467104
23.39481452789935 408.18187131951487
44.325705762188406 477.3026637283361
24.738864319466582 382.32953316137207
28.037008222364268 404.87349215438735
29.88379227562232 397.85712634998896
60.52013723781513 496.52190109578225
26.551544166078045 432.03292755904334
24.720281157723015 423.9946404072037
20.986733502070322 442.38314555200293
21.17069488258485 401.6594582840445
38.82836019785797 442.5479856779034
24.97728850527134 478.18002296887926
25.26622497303432 465.5618615579626
22.2056464525651 406.685664235552
25.33767674906857 396.7608937410819
27.781726140282395 413.2407776494132
28.767621000258835 413.2328114809493
61.95004894367872 457.03385965471625
50.06440131001651 402.77038091043954
28.423230707099073 476.32699762630114
21.675252160032645 429.5712743109774
28.22656391261646 479.2274842591486
25.500146563438804 435.24455886863876
26.332761604117472 393.617304021406
23.32291874388019 405.65278563843435
19.11600908353884 342.4089635673326
27.826862232216875 441.12341577923587
27.25074630413879 470.59785149567574
24.940879798627375 430.80330486632323
45.40014941241819 403.43652968028766
25.327865738415266 457.9396707916981
29.765758310422058 443.4668877129217
22.53867965955667 384.5410104900035
25.40550776221906 446.82619708155244
25.328901655935685 427.30935053488207
25.05600390998812 381.82778412630046
21.682565656387567 414.179382048134
28.425796935024906 447.32687612496204
30.290997562966506 418.0830881462146
