26.69982486865149
25.79474605954466
27.152364273204906
26.69982486865149
28.962521891418568
26.69982486865149
31.677758318739055
28.057443082311732
32.582837127845885
30.32014010507881
31.22521891418564
33.48791593695272
26.247285464098074
31.22521891418564
27.152364273204906
31.677758318739055
28.962521891418568
29.867600700525394
30.772679509632226
33.0353765323993
33.48791593695272
33.48791593695272
29.867600700525394
34.84553415061296
29.867600700525394
26.247285464098074
27.152364273204906
29.41506129597198
30.32014010507881
27.152364273204906
30.772679509632226
31.677758318739055
34.39299474605954
24.889667250437828
29.867600700525394
32.130297723292465
29.41506129597198
28.50998248686515
28.962521891418568
27.604903677758323
31.22521891418564
24.43712784588441
24.889667250437828
31.677758318739055
33.94045534150613
28.962521891418568
31.677758318739055
35.75061295971979
33.48791593695272
31.677758318739055
25.342206654991248
31.22521891418564
28.057443082311732
33.94045534150613
29.41506129597198
31.22521891418564
27.604903677758323
36.2031523642732
26.247285464098074
32.130297723292465
31.22521891418564
28.50998248686515
27.152364273204906
31.22521891418564
35.75061295971979
31.22521891418564
30.772679509632226
27.152364273204906
35.298073555166376
33.94045534150613
34.39299474605954
35.75061295971979
31.677758318739055
33.94045534150613
31.677758318739055
32.130297723292465
29.41506129597198
34.84553415061296
31.677758318739055
33.0353765323993
30.32014010507881
34.84553415061296
30.32014010507881
33.94045534150613
30.772679509632226
34.39299474605954
26.247285464098074
26.69982486865149
27.152364273204906
31.22521891418564
28.057443082311732
23.07950963222417
34.39299474605954
31.677758318739055
29.41506129597198
26.69982486865149
29.867600700525394
28.962521891418568
29.867600700525394
27.152364273204906
