27.700000000000124 529.8000000000246
20.40000000000002 547.9000000000038
17.999999999999986 622.6000000000024
22.700000000000053 484.6000000000058
26.80000000000011 535.4000000000026
22.50000000000005 527.6000000000139
27.800000000000125 467.4000000000019
25.000000000000085 437.0000000000048
26.600000000000108 469.69999999999953
24.100000000000072 506.80000000001485
22.60000000000005 493.90000000000725
22.40000000000005 463.3999999999997
23.800000000000068 569.3000000000098
16.89999999999997 498.60000000000355
17.69999999999998 438.50000000000415
20.900000000000027 514.6000000000081
24.60000000000008 530.7000000000095
18.29999999999999 558.0999999999993
22.200000000000045 507.90000000001174
24.300000000000075 460.3000000000067
24.300000000000075 558.9000000000036
22.700000000000053 487.20000000000715
22.000000000000043 533.1000000000205
23.30000000000006 497.7000000000106
25.100000000000087 498.200000000008
16.399999999999963 507.79999999999757
31.900000000000183 439.10000000000434
25.40000000000009 482.00000000000637
20.30000000000002 504.50000000000637
20.800000000000026 504.5000000000135
20.100000000000016 475.30000000001087
26.500000000000107 519.3000000000133
17.59999999999998 489.2000000000018
20.000000000000014 507.4000000000063
20.900000000000027 491.9000000000019
18.599999999999994 511.29999999999797
29.50000000000015 530.7000000000115
18.799999999999997 441.9000000000009
26.300000000000104 532.0000000000066
20.200000000000017 520.7000000000139
26.1000000000001 475.4000000000042
23.500000000000064 557.9000000000103
23.800000000000068 505.1000000000098
22.700000000000053 498.0000000000088
23.90000000000007 512.1000000000115
18.799999999999997 487.60000000001617
21.70000000000004 457.8000000000101
15.299999999999962 526.899999999999
23.500000000000064 587.6000000000001
23.20000000000006 571.800000000012
22.300000000000047 540.3000000000065
22.50000000000005 540.6000000000085
20.50000000000002 536.400000000008
23.500000000000064 531.6000000000035
22.40000000000005 491.70000000001403
21.80000000000004 545.7000000000037
20.800000000000026 507.90000000000435
18.599999999999994 572.0000000000034
24.400000000000077 491.50000000001614
21.00000000000003 563.6000000000055
21.70000000000004 485.80000000000985
23.800000000000068 479.3000000000042
22.200000000000045 546.5999999999997
28.000000000000128 479.10000000000247
22.000000000000043 471.7000000000054
16.399999999999963 469.7000000000092
23.700000000000067 594.200000000014
21.70000000000004 538.5000000000015
21.70000000000004 507.1000000000084
21.20000000000003 536.000000000002
24.200000000000074 477.4000000000098
17.999999999999986 519.5000000000001
16.599999999999966 558.2999999999981
24.500000000000078 544.1000000000196
24.900000000000084 488.20000000001295
23.90000000000007 473.6000000000115
26.0000000000001 501.70000000001636
15.89999999999996 512.9000000000069
21.90000000000004 576.6000000000095
26.500000000000107 480.8000000000047
20.900000000000027 558.9000000000001
14.299999999999965 520.5999999999958
26.1000000000001 556.0000000000113
24.70000000000008 501.80000000000666
28.90000000000014 484.9000000000152
21.20000000000003 487.69999999999953
11.499999999999975 448.100000000001
21.00000000000003 545.50000000001
22.200000000000045 562.000000000007
14.699999999999964 529.7999999999955
23.20000000000006 480.700000000009
18.099999999999987 543.2999999999979
22.300000000000047 546.4000000000035
20.700000000000024 478.8000000000038
24.300000000000075 537.8000000000061
24.60000000000008 536.1000000000095
16.699999999999967 466.89999999999776
19.900000000000013 470.30000000000734
24.900000000000084 528.3000000000268
27.300000000000118 490.4000000000082
