38.125992772587814 407.20661574044874
39.139439131229054 423.39680363022575
37.72251493488434 489.47154210291063
33.894930921079705 387.0431426312671
33.95372088904622 423.66654060998445
33.51698570080589 420.83804791451564
35.44967015218905 365.06348082363627
30.83750958708238 352.96627898792065
39.98957347825806 381.30183257044996
42.710595076897654 417.7739463058289
35.484935884527665 399.58506810075664
37.82121860095731 387.27747170645506
39.38679833687907 460.1905784379057
30.941274351518736 390.7651479109388
31.28055523483849 343.1415900229081
30.015350587149282 401.7489025064416
41.98655427847052 447.26467258218685
38.42021385807466 442.4740404135818
38.843512462733315 397.4831829293787
33.70139455218633 355.5401102425992
35.731911530752924 454.97754353277514
35.408125553368976 395.76878437800974
34.84213436465773 429.8097952892141
37.597000963289624 380.5665557260663
38.052651238329304 400.3149767613776
32.829194555624255 395.05900434599164
37.639646058680896 358.3591970181751
37.64937259803213 383.61099769005267
33.97905985380252 391.77037936454485
38.80859706678744 394.46305112692966
36.57705290293616 396.24059820170515
38.19783118657549 416.9098677429311
37.662902772444276 394.19515341464677
33.17796026118405 392.34622971798814
27.05104426551806 399.7417358837158
35.71996477642873 418.0911832033437
38.60980415602904 423.4096674275452
28.765777846288724 348.3962322719493
35.26489928215362 416.92138850797517
32.90602067501376 416.76749544986797
38.40245012773163 396.805515666241
40.29417583414801 450.2887236672357
36.57350162500089 397.6074403193312
37.00657666686425 384.4255408004998
35.206024766868026 399.9404543562553
37.948117861165386 378.779771379207
32.53445370654241 356.2736929907772
35.71597108059963 422.58044449706324
39.04677378493038 478.0106351915242
39.373637615669956 457.0476719865941
35.60923312061699 441.99184524759323
35.9722302012394 417.99943322174926
33.54890977776828 425.72255686005303
32.12246562439419 440.2410570341186
32.83005574866255 402.8351583909057
39.569086027315464 423.8352100761871
34.09211301569906 405.9837691414469
38.93084630216398 454.90612366871443
38.86424394069223 396.46868395159436
34.8964317715284 453.94928309341856
40.47613900375349 386.75334232782564
32.29373958788642 390.50917618781955
33.34411650400027 448.95019714950445
34.60528885383185 373.4690097369159
37.616063087150245 383.52114656165634
39.06509599705405 388.4426000924492
40.27923098747163 464.9600444105443
38.965692264322655 434.2888434309626
35.691151268961434 413.72764992575645
34.60851811163301 414.89653676719564
30.07147958007154 379.728530577719
37.83163224919915 411.2033047061015
33.67772895653086 463.5251095022672
38.89599467856974 445.45646974338086
34.1005607579718 412.2347653632171
30.099811173447605 372.8331449961353
41.57672553985568 395.63393454004427
36.81459883886476 394.41870224398104
40.057648756949796 454.14993594361056
33.977693504318154 381.9641141509071
39.44042023364215 433.7435851640862
28.708570779309042 414.5707898156316
41.12453519769028 455.89539076440195
34.87359869177574 407.1848713817597
36.85427630232169 388.2193377529087
30.704319065452726 388.8051870720103
27.237249539002306 340.1135993861921
42.34728396881454 419.5255162495937
37.52219204830122 456.0766377360576
35.18912031603367 426.6074758681634
32.89814084180761 401.6321137968739
33.659003412297444 423.0265770704951
42.63849531603068 414.97503660043833
31.407707325471076 357.74092804461503
33.217181165005044 433.88157627750815
32.27282394095717 405.832501213902
31.88917744190401 370.6457903303488
31.354469811498085 392.00148670090994
39.60404640458995 446.0120679331998
40.35724815299069 390.99744208599503
