32.703367370026605 363.10143995478114
36.156118655316874 430.4032982773166
40.0126776272885 393.65610895535804
44.30830250395278 415.21360087851866
42.589600018548765 463.25725105794453
39.56465102237878 397.92311919748965
37.02939317755195 409.5034260475013
37.6331650074531 391.9794766168685
46.82951407452555 456.6119629380872
41.85417818406201 449.6173437247727
41.554779708327494 427.46552936630565
38.008349853768934 401.716756687663
37.211961469531815 375.0471943637556
33.928562539247984 378.11873855478365
35.44391007447759 512.5902071937135
39.234566816592306 408.7191794660978
40.514165152110735 395.54791741463026
33.96434353202146 477.86970516201427
37.04098544252965 402.1054304268406
32.51306652300923 430.4220718641003
37.22072997509547 485.2522854280665
38.77438055731016 413.6163133724441
40.1765680445934 437.15716033483227
37.103365803082205 388.68110468914716
37.5309382499625 421.6312429363901
38.981162379742884 356.8167258368463
33.93891409803567 384.2435046403088
35.907427181842365 425.87049428203
38.41381830386493 423.8521409338121
36.355536677538964 415.8870613246464
38.21623815270938 444.23520176453866
37.50000558941701 402.6948409414976
39.55910180995641 399.3524259172518
33.2995833223989 414.5127597877185
38.199052468937694 428.1401692744486
30.105476194841582 399.58499626513094
38.37735486771631 417.40088239689004
40.85719648183399 405.3032642377791
40.65329961239311 405.5839508181602
41.370386368437806 409.2299207357013
35.92588534501801 409.853244854534
29.944192969862147 335.18086722804685
38.153314895476036 427.2211831342564
43.281816558042635 457.4914808811616
46.310061417551076 390.8432043233478
36.31706676460774 367.0789941507396
38.035766685720674 465.80230480828436
48.48132112216689 449.8671715557877
36.87174843606832 406.23232450401343
36.873809231821916 401.63526809032953
39.64598906176671 421.33932420422383
42.73578910719098 433.86028131897126
46.53364517935628 442.9532895056211
35.28014027633531 396.2768991229645
40.25018499746492 405.7017013307935
40.47589161763988 403.3124565339566
41.93692808079325 417.54792886944233
37.336545324858626 420.39579370783116
40.09071128053332 439.75670736484267
40.39397492899618 374.7750973984519
36.61952507550197 391.2169612361905
41.39683378092099 431.0089915121446
39.287247099146256 374.27247120232477
36.68849785713687 389.50732643030267
45.56779119105772 418.31420929395745
35.04728183254065 477.4751982253126
42.110130709383384 457.3243630263554
34.92293249002955 426.51729839856574
39.81643957912091 462.29156044045806
48.06338380458199 471.47328374264515
39.88425563167138 433.7513745621036
36.505910764348435 396.86398451430654
35.68143012700209 422.3787698196235
35.072933152017775 386.3829299046758
39.394938780934424 453.3136402620771
37.98326434884179 423.7559484888277
35.30461485273644 398.6357941607887
39.812385138314575 406.6689332894887
35.98036399831417 414.25943278600096
39.60376585424297 414.50838267584845
39.756130964196515 412.7580794709651
40.14438034122576 422.8837036230498
34.67295388144726 422.1816723820164
34.983678086179744 456.5679178365075
45.93283298093759 447.169175249153
39.86149882749574 411.1473905962253
42.64086013967042 381.2612110463312
42.30338212757273 384.5127634504855
39.85108710383597 410.2904232931222
47.98513300547903 423.5096217120025
39.02297590103601 478.5266558753954
44.160593235000405 420.2059082564921
40.07639035652342 402.0578690491649
32.09840779987124 410.31131249948044
40.84945148178965 431.0623108656011
40.67458093969009 391.0389142477364
37.286884916450674 408.0637800747558
35.05975538861935 435.73977818131607
38.09108788708406 460.53950196863826
41.97221573699929 374.2661964365846
