32.40000000000019 502.400000000012
30.100000000000158 526.3000000000005
31.900000000000183 583.6000000000029
32.50000000000019 494.100000000002
27.100000000000115 511.90000000000737
22.100000000000044 508.8000000000109
26.300000000000104 442.80000000001274
27.300000000000118 446.4000000000092
35.20000000000023 467.9000000000058
39.000000000000284 496.90000000000623
30.20000000000016 484.30000000001024
34.00000000000021 474.5000000000024
34.900000000000226 549.1000000000085
26.900000000000112 484.0000000000015
33.1000000000002 432.1000000000018
25.000000000000085 501.9000000000051
27.50000000000012 513.3000000000122
27.50000000000012 543.4000000000195
37.40000000000026 495.90000000000254
28.400000000000134 435.90000000000896
40.0000000000003 551.0000000000047
31.100000000000172 485.600000000005
33.2000000000002 528.9000000000142
38.50000000000028 465.90000000000265
31.200000000000173 470.400000000008
29.200000000000145 499.00000000000296
28.90000000000014 440.10000000000997
30.90000000000017 462.9000000000037
26.900000000000112 487.800000000012
35.00000000000023 491.60000000000855
33.400000000000205 468.600000000007
33.90000000000021 496.4000000000033
20.800000000000026 499.79999999999944
31.00000000000017 502.20000000000323
26.400000000000105 479.90000000000987
27.900000000000126 508.4999999999978
27.200000000000117 507.9000000000151
23.800000000000068 418.3000000000044
32.20000000000019 517.0000000000146
31.70000000000018 505.3000000000077
34.00000000000021 473.10000000000684
35.70000000000024 546.4000000000109
31.200000000000173 483.6000000000124
36.10000000000024 450.5000000000026
33.1000000000002 510.30000000000376
36.00000000000024 471.30000000000666
34.30000000000022 442.6000000000042
25.500000000000092 481.0999999999976
29.900000000000155 572.499999999999
33.70000000000021 556.9000000000121
29.200000000000145 532.1000000000067
38.70000000000028 520.2000000000082
27.700000000000124 525.3000000000084
23.90000000000007 529.9000000000148
30.30000000000016 500.1000000000058
31.100000000000172 533.0000000000033
21.500000000000036 509.9000000000068
34.40000000000022 551.2000000000066
35.70000000000024 492.60000000000207
26.200000000000102 551.0000000000069
36.300000000000246 470.60000000000565
25.700000000000095 476.9000000000113
26.80000000000011 527.3000000000033
28.400000000000134 475.6000000000043
34.900000000000226 470.8000000000014
30.30000000000016 501.900000000009
32.9000000000002 542.9000000000148
29.800000000000153 537.6000000000083
30.400000000000162 491.8000000000111
30.000000000000156 519.2000000000038
33.0000000000002 457.80000000000194
21.600000000000037 507.30000000000956
27.600000000000122 562.799999999999
36.10000000000024 552.1000000000139
23.400000000000063 477.99999999999847
22.200000000000045 468.3000000000033
37.10000000000026 476.30000000000575
39.000000000000284 474.20000000000135
39.100000000000286 549.900000000016
30.600000000000165 475.6000000000042
26.70000000000011 526.8999999999976
24.100000000000072 509.80000000000405
34.50000000000022 545.5000000000117
30.100000000000158 485.5000000000073
27.600000000000122 473.80000000000535
28.10000000000013 457.60000000000196
27.000000000000114 407.10000000000247
38.80000000000028 514.0000000000044
31.300000000000175 560.9000000000046
24.60000000000008 523.7000000000095
30.600000000000165 469.10000000000804
32.30000000000019 534.6000000000095
32.30000000000019 516.9999999999987
26.70000000000011 466.8999999999994
24.500000000000078 533.600000000006
23.500000000000064 506.5000000000009
27.100000000000115 465.70000000001005
31.70000000000018 479.80000000001394
34.50000000000022 525.7000000000165
30.20000000000016 481.30000000001104
