18.086534148494486 417.367645663349
20.060983781742056 380.19278749817397
19.942523052850355 446.2006891482898
19.0210625395303 513.4430260774772
20.907868653900376 364.3942212036906
18.265387009565025 430.18639620294124
23.652600176398185 398.85442444449745
20.006861071807432 414.76873294892636
24.107281208670827 452.01859293670384
22.785053792769126 409.66552898628
22.264141498556526 424.9612245944498
23.868119056820966 450.9957303328353
20.19397493448792 427.3658411407316
23.810850582233574 449.6535481253032
19.606512291495797 441.61682261551204
24.6592521984737 472.1069808013517
19.691608258373684 383.3749712612341
21.254383507926125 459.29425007023207
22.249010826429807 454.37116168508584
23.82887045886194 460.07974492414155
25.85983696768694 473.332672882286
25.35887344758749 463.4254952129594
20.652304415676078 436.06661489479177
26.243588035709955 419.15486968529706
23.286776262546624 452.80476398966493
19.365560099963293 427.78909631113027
19.75219289089547 397.70816878510146
19.641240813245542 451.43995777200587
22.292004303840407 494.1481648712389
23.29273688587152 398.33871000948653
22.39010609929034 456.7222081596374
23.36263769254824 442.0142674865635
25.355958294833304 437.8993988124129
17.570225036635023 464.98481211758286
20.525952576683938 464.4464108003494
25.15391933859442 462.9631297500225
21.87806551186847 437.6151326756048
20.52872805547389 440.2385934577449
23.035717654984218 412.19418552486275
24.133386735007296 485.6647932829955
23.71439049367955 505.1133635359756
20.633009544666113 456.7327479903402
18.760082979532175 388.13291981718663
23.530902942153677 438.00348191108554
25.464493018447993 477.29324942006554
21.714200873155917 452.22311511319657
23.60225025893072 463.2502606226361
26.381708860151427 475.98632540523136
24.309116815114233 428.07599372969275
23.879039611518383 462.8453621162562
21.624449919025317 423.40688508721587
22.844149804095085 477.3203463729712
20.564600013048143 412.8770227616147
25.739589367189986 480.6940999386161
24.964568181194657 440.62617325544346
22.203030644423492 479.45706589595227
19.537234730392687 477.18242335274374
27.609663072723862 530.902086447833
18.56581256404158 380.35958947743103
23.268446276506964 467.57305717372816
24.056376827574567 496.6740337799939
20.805051458758914 427.9434438562926
21.78845268219725 470.5496594964781
22.707243993415194 449.22808005498916
25.79755487009177 459.08752087214015
23.676079308657602 434.38976921348194
21.91742105640077 446.79522101491597
18.67863466054542 401.3545701482442
24.886891189258165 496.78267822462806
25.841445890756592 485.8218477402879
26.060941721276986 462.7934411206923
28.504744567825746 470.8298894534915
21.098515658282235 461.2227713082891
26.479207283689398 471.29015241599865
25.421774851808838 481.17015701565157
22.869709859004814 438.41015069042743
23.312921947512145 451.4621303316873
27.086853510220536 483.36423155485573
23.356792903529303 440.79738894394535
24.682880881982307 449.79880232430975
22.863454646831798 430.4848397225437
25.45028895595154 401.5613618955128
22.614375493636476 432.3325736778815
25.874711202364665 448.2139483222186
23.33170076437066 471.5174740362261
26.23372481985744 444.1872475195301
18.91172143970779 416.8581974307184
19.11125935866783 476.1346720887465
19.458071325103113 476.57384066992734
26.021354306307565 436.3825437086987
23.040431129041444 437.7734745546471
25.175339459297888 402.0067987907255
25.716282297151075 467.5426697259461
23.101173224688328 431.3518459752347
21.39728688027168 448.8450785547132
23.034911192205445 427.6726152724515
20.97506858271194 450.98792478357774
21.741262395791054 439.90534254982055
22.33715496495803 468.79881570855514
21.308760711041263 427.69703468839464
