49.486864829436996 398.3132989102056
50.304426335565054 430.3805774108431
56.045122723098494 474.83646424447045
45.64421602494669 381.4383693947574
48.30514757924837 405.6648629490527
45.310021372904124 394.73390039575895
43.23875815461055 341.8061405899861
42.097261361185325 346.42547074518944
55.82667484168611 361.9418484561161
54.924862216252244 386.02068089745904
45.802474927676755 391.05332763360025
52.02398675894184 366.95783328771813
51.86722529249024 421.3698292658285
43.93834292383292 392.80996221257277
40.45779183461503 328.8637174853803
43.93711974304402 397.2749149346825
52.36510147106263 420.21125170707234
54.203848094177815 415.98177680012884
50.91433050212324 381.6949090622443
45.20845808404167 345.0556296508634
51.25360150534701 442.8254586940581
43.57158375605485 367.5913111517895
47.337350358845214 423.626101335208
51.11274361307989 367.6735028465355
51.17613279032927 390.5544142536836
47.32451024704551 386.82127588143004
49.868038263791775 349.3131770898284
53.58122298072392 378.7680852343261
47.27458932385147 384.50797496202506
51.39671268024396 373.95609166867087
44.87524125636541 376.5846836403212
50.48794783357923 392.7579647171118
44.91266896017837 385.750282285731
43.06549387507324 378.4021717673674
33.99946962803757 393.0660449230311
48.71856421457128 388.9714552224998
50.60437088691256 421.56765031407895
35.311015798971425 340.6675866117314
53.33903443355199 397.6468373018616
46.03625093998269 398.802077526444
51.18264903480118 382.5902365347729
55.07385381017417 429.9023093279473
48.14211286090224 388.68026488012487
45.246204652268474 347.8601536337557
46.04739062170182 386.0862706994452
53.31838528748832 367.6746223774818
44.10214265209541 352.1292247922082
44.12218170108628 393.621528498963
52.30381087616904 453.97261277602126
53.95426775205846 431.28650990368
45.24778046142046 419.33606657660664
49.23901733980999 418.2577287225926
46.37110818087659 415.2455894215208
43.94263231918295 424.42624001495875
43.68328233044932 396.94581299122717
50.96843062826737 401.67124485030774
44.82966228776455 391.9926264284423
51.91639157895743 428.59441010492674
50.54141197931846 380.1773551576979
45.40736309240753 442.05364356173897
50.75199165634106 372.4666510363869
41.6582409123594 399.4919226180544
44.42640654264959 430.5067269284048
43.11104871863272 363.93685050507827
49.78189109728362 372.37077211645214
53.51965695752794 391.79442894542296
55.1850552588001 443.8578420630127
48.71661376710559 423.0094587923471
47.59977161082708 391.2159656076722
45.46630078557242 408.8411536509741
40.61081954328338 366.5614997089744
46.78638020413202 394.56473054928006
44.864539621519725 442.93937498900283
46.5015663301551 417.6533142413834
41.66057875756688 393.9220669562242
44.9301620669248 360.4960572920548
53.192114081889876 371.98455131046126
52.06156177365311 382.75746678167536
53.48971604682922 432.7111168112093
42.823381594446495 383.5846327046134
53.77584443873417 434.1364421587294
41.27470906142086 402.1421284894838
52.55606424228394 441.96748189356873
44.87518984795692 408.62432473042037
48.58672435846442 367.2454997940657
46.55176740311148 389.2187257348622
36.670301626930616 334.604770909674
53.07815413029153 410.26229893487454
50.78061757801042 425.41538978066365
44.285552107201106 407.57087838555105
41.365388800630505 380.6157969670092
48.16359601329985 419.2041473410102
54.99396796416767 424.0210461670399
43.264839391124546 370.1226573730942
44.96689513473073 414.03504916603606
45.40929625964072 406.15995559128856
42.1732656301443 368.45115424548857
42.53648446382921 384.93693985804
53.0105346038873 415.82950906238943
49.8571201422039 384.0103063690498
