42.4000548121748 428.9399132226042
22.86697189373504 430.96430029547275
42.14886484814721 438.7280625148875
39.01451420449251 370.71905863853124
49.01046608618064 403.9208405100353
40.54548044881361 386.9344293386033
45.42514108011675 374.07615898192654
35.793820622688116 396.5980271705474
37.80667241858602 425.40441648173754
24.461778444913655 473.2867337746877
41.331807406773336 449.7773964318336
27.520584539970187 495.25051626119836
44.93005750676294 416.46279488416144
46.6265519496602 494.3845098108543
40.75746233806275 473.9359935225081
36.363708956696335 492.396616433351
39.66483995931846 408.92116057226474
24.37879068019121 515.7037247675104
26.70306521855332 466.2871349545159
43.05280174607088 417.8097810089334
47.472716667044594 441.62440242124376
34.750212538089315 453.5987747911405
37.739624833235055 380.37245444846536
34.18513490921637 497.1075761744695
38.63070255236582 465.9849535416509
41.52970498362976 397.7976872814445
41.47341962967076 420.8792957891423
36.999511009117455 466.0010436902425
45.91478017324019 458.7462146336394
45.7463802846066 458.45252713623825
41.33513593777101 452.82049715849945
41.36181462723403 465.26216285796187
45.023344605362105 418.1176147869935
38.18805941065334 403.66205133121093
45.1930136881005 463.7274699732698
47.24629463620347 426.42452067194193
43.11844577897266 427.03953174010866
37.902697019957095 376.3824046788044
22.79108794342106 494.29442987805317
27.322935305186554 501.35819194276576
25.770598318815217 459.25976610841667
34.33415803127774 431.39452367537416
33.20092061975779 446.6859991433895
45.16951317427473 461.23441216932406
44.062979314271885 405.8739431164428
46.231163007985096 403.6834186296951
44.25024733496106 482.4843611683052
41.896660123674415 392.6890077836326
40.25713533159547 403.4131480970044
36.900548958652195 502.50861222650434
38.77911927366047 441.03787193282614
45.54006811114817 459.46530762852245
45.272962088035605 457.69378785403205
49.04435267350654 441.5391822686634
46.771383713858754 433.9518230767544
37.37473351935474 360.7118990694539
40.963934724094045 435.7862591930979
41.07156396573565 398.5559569516316
35.07338288317064 440.5494050852974
46.901742615405375 394.6403542872372
36.21568598069924 441.76453551193646
42.311209320229246 385.3229683564015
21.309146931499832 427.220957451666
26.510140408375968 499.3835248122698
24.271204334418634 462.7601585814739
39.36478149993737 449.5386008405919
22.63953442453178 421.2206766369414
40.10372404540984 439.6061800149631
42.18744200321644 427.8963894162633
33.22404780133156 438.3113434659267
43.90120935160947 407.6760094051253
43.85733247577362 468.3435326601457
42.75776008383252 344.89385321276245
42.07355392743649 445.69626466592547
42.8696774982329 386.44067215008357
44.02381308434542 453.2719537606961
47.051971614270265 364.8214105341729
38.26647830984836 485.6562266901964
36.767271183028015 508.1948325214726
40.52559904526159 450.517881261342
41.21802108425591 430.0287391800545
32.46911626647236 454.51458573561587
45.982603023623604 412.87654959131714
39.87331978228302 462.6362733254253
41.85928617369828 436.86667222281267
47.339575404068185 449.4934000922777
34.83835695234758 448.9561371194533
33.63060729083945 451.8566454824996
43.85851452201039 384.00427678116614
35.41190627182172 483.91445554065314
35.07341538790731 373.3147346877713
47.04944921186474 460.57404210112173
40.80219968511244 373.0328157001539
41.03956459704943 418.6615354764657
46.271223227723475 427.8040439246831
24.75350389126868 487.431668043208
40.23790072699663 461.88458328622283
25.005136642496392 461.6633834691551
45.53859481156304 396.9606950117728
43.69276623254241 439.6124158935303
