19.900000000000013 531.6000000000016
13.499999999999968 575.9999999999998
14.499999999999964 641.400000000008
23.30000000000006 519.5000000000063
11.099999999999977 547.1999999999998
19.60000000000001 539.5000000000047
12.599999999999971 508.70000000000283
18.099999999999987 437.3000000000074
13.799999999999967 496.9999999999972
20.200000000000017 518.9000000000062
20.100000000000016 511.300000000004
14.499999999999964 484.5999999999956
16.89999999999997 587.1000000000073
12.399999999999972 523.4000000000044
19.0 428.9000000000014
18.799999999999997 528.9000000000025
13.499999999999968 562.0000000000053
22.100000000000044 562.7000000000036
13.699999999999967 517.1999999999975
22.200000000000045 454.20000000000834
12.399999999999972 580.6000000000039
12.79999999999997 505.9999999999989
21.70000000000004 558.8000000000008
20.100000000000016 491.5000000000094
11.999999999999973 519.5999999999988
8.999999999999984 517.1999999999978
15.69999999999996 469.5999999999981
8.699999999999985 518.800000000001
24.900000000000084 504.8000000000052
21.10000000000003 504.5000000000025
12.099999999999973 506.0999999999995
22.000000000000043 536.1000000000026
14.999999999999963 518.100000000004
11.599999999999975 523.1000000000014
11.699999999999974 488.3999999999974
21.400000000000034 529.1000000000017
21.400000000000034 566.700000000007
19.200000000000003 450.7000000000011
13.699999999999967 568.5000000000017
22.000000000000043 539.400000000004
21.400000000000034 482.90000000000924
14.499999999999964 550.9999999999998
19.400000000000006 513.4000000000046
21.600000000000037 518.5000000000051
19.300000000000004 530.8000000000078
22.40000000000005 499.20000000000374
12.299999999999972 480.20000000000124
8.199999999999987 551.6000000000029
14.899999999999963 618.0000000000074
24.900000000000084 586.0000000000098
13.09999999999997 545.6000000000035
19.80000000000001 562.000000000004
11.799999999999974 549.3000000000042
19.80000000000001 565.1000000000096
12.499999999999972 525.5999999999976
12.89999999999997 549.6000000000006
19.60000000000001 566.1000000000078
21.500000000000036 578.0000000000045
19.300000000000004 517.6000000000013
13.299999999999969 589.0000000000025
13.199999999999969 513.8000000000008
12.299999999999972 505.0
12.199999999999973 592.6000000000071
11.999999999999973 510.4000000000005
22.000000000000043 504.100000000008
24.400000000000077 497.6000000000065
22.100000000000044 584.1000000000088
19.200000000000003 574.4000000000018
12.69999999999997 531.9999999999966
20.100000000000016 546.3000000000038
13.999999999999966 472.19999999999936
19.70000000000001 514.0000000000052
12.199999999999973 595.0000000000084
13.299999999999969 569.7999999999973
21.10000000000003 492.50000000000443
10.799999999999978 493.90000000000026
14.599999999999964 498.9000000000006
14.599999999999964 553.0000000000038
15.099999999999962 592.200000000007
10.499999999999979 483.7999999999998
12.69999999999997 586.0000000000043
8.699999999999985 556.0000000000001
11.899999999999974 594.8000000000064
19.0 525.1000000000053
22.40000000000005 478.40000000000987
13.399999999999968 531.7999999999989
7.39999999999999 446.0999999999994
20.40000000000002 556.6000000000063
21.20000000000003 574.8000000000028
13.899999999999967 534.5999999999995
12.599999999999971 513.5999999999988
11.699999999999974 572.4000000000028
13.299999999999969 557.4000000000037
9.99999999999998 495.50000000000176
13.799999999999967 562.3000000000084
12.099999999999973 549.2000000000005
14.799999999999963 500.0000000000032
16.699999999999967 496.80000000000143
20.800000000000026 554.1000000000045
19.60000000000001 510.0
