45.989909843175965 416.9114507024367
41.96735235360513 414.88877187927665
42.28318331988645 473.68986057845507
37.285277766200515 411.8708691744429
38.5100635378047 452.99111309159923
38.6226577012626 445.56733826479234
40.938209373741756 390.98133520650055
35.80573560184143 348.4082193826656
41.774566379031434 371.69675284981645
44.09478121341422 422.1824559403366
36.740083827250224 394.3388502548524
42.98986444224924 397.90655743533904
45.13142821566968 449.3905959774723
36.154747520225364 407.3909476094236
32.63766641936378 352.611248038681
33.28075293920074 413.83611332182
42.92376052259878 426.8330179673021
41.36547704036844 443.6702257716067
39.8141759655244 412.24309976042343
36.70555833303874 374.4362408438234
38.826005981299794 449.60028670331246
37.0099588948953 383.38539731428676
45.0095241247323 447.2469443279559
39.358776139036 396.773556518301
38.37009645175846 416.3302165459437
38.059743073594426 411.94604601365876
42.39281160072943 370.9075728298328
44.25984038052694 378.7984702002957
34.55089079992277 376.4355719216566
41.098002988168105 389.3494858804505
34.986621362934194 394.04176243279625
42.787869458236436 430.3220943863547
36.807299962905546 401.95477037260815
36.50240687296598 401.04000561691373
29.462522305637393 393.98111592593887
41.063709464261386 409.97700647408834
43.72218402162971 427.5017574676204
29.097620823519684 362.22671119444874
40.706189296673315 409.5559786765519
37.63280753128912 447.0062663255331
41.27862497881017 391.9154472165259
43.40513792820743 422.3999750205999
37.213734204246926 405.9192908430683
37.86052363050512 376.54688453232654
36.291657913912346 400.52005451600536
42.79122903740685 373.9870948065432
35.65118998534371 367.7833499957764
38.13510503540735 426.0637752286347
41.76817940575387 487.8047025585996
43.25380212445315 477.59413666181314
38.342119403165064 437.3541530580682
39.75148842426166 438.02058640557243
38.76114852604795 446.1179618605747
37.14609999680244 465.46497972190764
34.41953420978837 425.60016814703556
43.37551053991785 443.18232069120734
34.15890000350203 401.07158479399976
42.142212933352646 460.16970812876514
40.17889327399832 387.4515470597437
38.52011768134596 487.8296020656618
39.627105322752925 403.64218105405655
34.32111550606643 410.42998579619376
32.47290892070448 435.94890318068224
36.09576496988175 375.22059888270013
44.29863537003761 393.15062339033943
41.30857812040326 373.5635447824934
42.110764605130704 469.24324204684604
44.65455286675315 429.1541957045656
37.175245566327526 435.7558405983141
40.15847248499763 453.6873369010797
33.111691244149405 383.2556245898877
38.50382398706964 438.2106188937562
37.62893723497569 449.3655223438163
39.48835548794372 461.91069303295563
33.65644429273929 409.18238944065837
38.2758305577721 393.98839843915056
43.502818523957416 411.2033694143649
43.26236269538836 387.3151263969193
41.79592852456181 470.7893571452252
37.354943400848995 399.02647331457024
41.08904386900229 457.1335388448947
30.127425969753652 418.3669305295242
43.41186474573981 470.198652258907
39.254927272063824 427.0932999555687
39.158468609043666 380.6780810401433
37.61355486651483 402.23423375385966
28.218019049557462 343.3280260117159
42.53282151485048 409.78667215804677
38.97095284983424 450.5205485976252
38.57193319343727 436.16475198521806
33.917884171669364 409.86645598602126
37.80255717042263 462.058327870361
43.98712538402255 426.0057621617293
36.876911007375675 364.1825061328704
37.68602163649039 436.71932802304514
39.300782382600566 448.47824741433556
33.73241785579158 359.3738088940982
33.47554582433452 379.75081467414077
45.16630259862773 443.2246949964292
44.4326276770708 407.0121220734492
