6.491503786597468 560.1839547210554
6.178084102880433 588.5079650557312
6.563374451135484 651.4517248908747
5.174887847856134 523.266894622349
5.814311876182399 557.6776467091862
5.1309633833693615 567.6595762528056
5.891948197259956 497.91256924695995
4.962054673350023 475.99071692408774
6.1180829511997805 515.0828640694374
6.255524427372599 538.284210367531
5.178329625292173 525.6360869449499
5.890573419881608 512.9843665328181
5.7871976998759 592.7398472601569
5.4208255816302 545.6542323311571
4.92241242733796 466.1912920764872
4.744760098988145 546.5207154343286
6.249981536976704 557.1638642043138
6.099993865864837 581.8543828361193
6.23740838754354 535.8516638598321
5.156140680402964 472.6364303486299
5.890060159243998 602.2500320686003
5.77721058755133 517.8451651429833
6.238149442372969 593.7980137088161
7.375686552089368 527.4753512929298
5.695713925121995 531.0450492942127
5.293019224784581 539.3288265902668
6.005643782655239 498.55868135044267
7.146234385600039 502.9715959636149
5.780407802691147 534.361980261574
5.920400583820753 523.790890551531
5.475110774717997 519.3377843575574
7.194520000088767 559.1512906158497
5.270768193011804 523.104371779976
5.943225256735246 543.002965998113
5.118177516963785 521.7237003413952
6.414994713654223 551.5925945744274
5.998336403530332 579.9563497623468
4.6967393489183 472.4415826060254
6.584815740454508 588.0766341035479
5.554205529080622 548.6615659262019
6.437606718717764 519.8341676033737
6.203862695571782 577.9011647260804
5.67544615282775 530.7397650951788
5.729864304527047 521.1535764036992
5.85402517861296 545.9332410206397
6.160213766276135 515.6977680135118
5.258611799993652 501.4717831455248
5.4487948172736065 536.2038838812849
6.237997777027375 595.0771027230637
5.967135057945252 610.2032370635349
5.785770091881633 599.061324444686
6.895927163999334 557.5874776658087
5.7590379576759 584.3958922263154
6.839763113914437 547.9340873022164
6.878278301361755 540.6059692062022
6.583865360808451 572.4705605378234
5.133042450804385 548.9324544201606
6.789831674423105 600.1114486603135
6.4057433751380675 522.8683436155568
5.495944689973359 582.8330404372225
6.134934060902717 525.3444272139333
7.064831705674907 524.4933753822827
5.001392705614375 569.4600736758437
5.074986153387255 504.69554528389995
6.45311854718271 523.9702986648056
6.27641408802133 530.597749878393
6.393551528008782 617.7119448679665
6.077055278167224 593.0867891904102
5.306458637665431 541.653258048867
5.317325687944227 569.2637181082783
7.62468187441018 514.4711207693315
5.035874473409553 534.28758037048
5.896617963051336 624.4947217438594
5.686253723352888 571.4402234335311
8.421936120085554 528.0063184181661
5.140550194704444 495.87511113084355
6.440409594930704 526.2512723340031
6.155005143253079 530.7715623451708
6.086255388084383 608.0306509856738
5.886136330422502 520.155692442555
6.062640231498142 597.0264316746933
4.619558951144681 549.3675147063668
6.212956885129606 601.255919066693
5.70571383903779 550.4791749537004
5.785215706346805 510.95184808538534
5.48938197278652 535.9984680578315
4.136911767477503 448.2067170226228
6.366758400826754 570.512175715052
5.848306227125088 595.5281214337804
5.653103328515066 566.7429320238881
5.314466005450896 519.5255272120841
5.322574860889882 593.5954966572324
6.290187789156285 563.4803682921787
5.433516177533526 505.64692097738197
6.761086663203686 563.3796358667711
5.496289944366279 566.9433085563321
5.414732286053786 505.7200988763578
4.702649650249021 523.857160844734
6.167806008480911 573.2434957441218
6.289974775138032 541.019607363377
