34.100000000000215 487.80000000001036
37.50000000000026 515.9000000000124
38.20000000000027 563.2000000000247
31.70000000000018 481.60000000000935
33.1000000000002 523.6000000000123
34.800000000000225 506.9000000000124
33.3000000000002 438.80000000001183
28.90000000000014 437.9000000000089
37.80000000000027 464.80000000000695
39.800000000000296 483.2000000000131
28.10000000000013 480.3000000000099
34.800000000000225 465.00000000000375
34.40000000000022 556.1000000000162
30.500000000000163 461.70000000000897
33.400000000000205 432.2000000000039
31.70000000000018 494.50000000001063
26.600000000000108 519.8000000000137
28.500000000000135 523.4000000000199
37.10000000000026 493.900000000006
32.30000000000019 436.00000000000836
34.40000000000022 535.600000000016
37.10000000000026 489.1000000000059
33.3000000000002 513.3000000000122
35.70000000000024 440.80000000000507
36.80000000000025 501.00000000001523
29.900000000000155 504.0000000000086
44.30000000000036 447.1000000000147
41.900000000000325 463.90000000001027
24.100000000000072 486.0000000000118
36.40000000000025 483.90000000000975
34.50000000000022 468.1000000000086
36.80000000000025 473.3000000000073
34.200000000000216 482.50000000000307
31.100000000000172 477.600000000009
29.000000000000142 471.90000000000936
30.500000000000163 522.0000000000122
34.00000000000021 524.9000000000117
27.800000000000125 426.90000000001254
30.90000000000017 516.500000000012
31.100000000000172 505.9000000000117
34.100000000000215 472.7000000000133
39.800000000000296 533.9000000000203
32.700000000000195 487.4000000000093
33.90000000000021 459.3000000000089
33.90000000000021 483.90000000001055
32.50000000000019 457.40000000000754
35.00000000000023 437.7000000000092
34.50000000000022 493.40000000000504
40.400000000000304 564.0000000000199
37.700000000000266 559.9000000000207
40.70000000000031 537.3000000000117
35.00000000000023 479.70000000001454
29.200000000000145 531.0000000000197
30.000000000000156 518.1000000000141
30.000000000000156 486.20000000000897
38.00000000000027 516.2000000000138
29.300000000000146 514.5000000000101
38.60000000000028 549.2000000000244
35.80000000000024 479.8000000000096
31.300000000000175 558.2000000000154
41.00000000000031 486.9000000000129
29.100000000000144 484.60000000001014
26.900000000000112 532.9000000000157
32.100000000000186 462.30000000000456
45.20000000000037 482.60000000000736
27.700000000000124 471.300000000008
38.20000000000027 544.1000000000206
41.50000000000032 529.3000000000147
29.50000000000015 503.1000000000152
33.2000000000002 508.5000000000138
36.00000000000024 456.8000000000053
32.40000000000019 499.5000000000116
31.300000000000175 547.1000000000133
37.40000000000026 528.2000000000197
30.800000000000168 493.4000000000125
28.90000000000014 466.9000000000074
36.80000000000025 484.80000000000564
42.30000000000033 481.2000000000064
37.50000000000026 534.200000000018
27.700000000000124 462.9000000000063
34.40000000000022 523.7000000000116
27.100000000000115 504.6000000000083
38.300000000000274 549.7000000000235
27.800000000000125 476.50000000001046
39.30000000000029 487.000000000011
34.00000000000021 471.3000000000063
27.000000000000114 407.6000000000053
39.100000000000286 519.7000000000162
39.40000000000029 539.1000000000193
25.900000000000098 529.8000000000173
29.400000000000148 456.0000000000064
28.400000000000134 539.3000000000197
34.40000000000022 506.8000000000091
37.700000000000266 470.30000000000933
29.400000000000148 528.4000000000184
30.800000000000168 505.00000000000847
29.60000000000015 453.90000000000634
29.000000000000142 468.2000000000092
40.0000000000003 547.7000000000223
37.80000000000027 488.4000000000157
