49.050788091068306
57.22591943957969
49.050788091068306
47.415761821366026
57.22591943957969
44.14570928196147
52.32084063047286
49.050788091068306
55.59089316987741
62.13099824868652
48.233274956217166
62.13099824868652
50.68581436077058
54.77338003502627
53.138353765324
54.77338003502627
49.050788091068306
58.860945709281964
62.948511383537664
44.14570928196147
55.59089316987741
61.313485113835384
48.233274956217166
59.6784588441331
62.948511383537664
43.32819614711033
57.22591943957969
62.13099824868652
53.95586690017513
54.77338003502627
55.59089316987741
58.04343257443082
57.22591943957969
53.95586690017513
59.6784588441331
54.77338003502627
53.95586690017513
49.050788091068306
56.40840630472855
63.76602451838879
62.948511383537664
49.050788091068306
60.495971978984244
56.40840630472855
49.050788091068306
54.77338003502627
57.22591943957969
51.50332749562172
54.77338003502627
61.313485113835384
62.13099824868652
55.59089316987741
55.59089316987741
56.40840630472855
54.77338003502627
40.05814360770578
51.50332749562172
44.14570928196147
62.13099824868652
53.138353765324
58.860945709281964
51.50332749562172
55.59089316987741
61.313485113835384
58.860945709281964
49.050788091068306
58.04343257443082
48.233274956217166
54.77338003502627
59.6784588441331
53.95586690017513
53.138353765324
44.14570928196147
46.598248686514886
44.14570928196147
53.138353765324
52.32084063047286
62.13099824868652
61.313485113835384
49.050788091068306
46.598248686514886
56.40840630472855
54.77338003502627
50.68581436077058
58.04343257443082
55.59089316987741
39.24063047285463
60.495971978984244
51.50332749562172
54.77338003502627
38.42311733800351
55.59089316987741
44.96322241681261
54.77338003502627
54.77338003502627
64.58353765323993
57.22591943957969
63.76602451838879
54.77338003502627
52.32084063047286
