43.05284869708643 441.3503607193412
52.15397355199851 460.0205878607905
34.88353638578193 530.4700305575752
40.016276096114495 425.80403026580416
50.93478703921072 470.7073094893914
38.393628648969695 445.3859236526262
46.177735061395175 392.6626438026463
41.87267177637123 370.3284398399431
39.73809726387652 410.8910723919686
50.322260125139124 431.3134076065962
36.49876382830255 441.4086499265334
49.432284682756226 406.0547326425961
64.07282601120252 495.559214381449
45.74110219440659 423.7971008601205
36.42818087305965 365.14173382156923
36.286966309869 451.1210684507573
51.521513305544225 440.8112322221533
39.35221436142058 482.0064098428569
33.1376047168916 421.14566680128996
31.394981716804303 395.6034330771128
28.29837057379731 513.3303640379061
26.692694199865237 434.48180572911576
36.340395940097835 482.95340663785186
54.84902899857177 420.30667690759594
33.05196926343726 447.17096889667727
39.04352901433322 416.20097666573344
31.000849009576463 406.41059162855123
44.346978640715264 420.366039171932
33.66681931863178 432.58936420207567
44.50323645992688 414.8403958489942
36.13311694403655 431.41096941399564
32.40700561820397 446.6354023557364
27.29938961074975 448.99951909473293
31.90696904714514 441.22697704475183
32.192443180229866 423.0499367375858
32.38089510029308 426.6125365880442
32.91624171349291 465.4444315355965
25.74298268858173 384.3560225147524
58.09631422449188 462.7115967375946
42.929925542962415 453.9524615340979
43.101131806829066 407.4244071025312
41.69991159630214 486.30872873485987
35.834484813994365 463.03714954097916
34.95825118723424 435.2190770148753
29.04490631729982 437.23211890653033
49.01710060303721 434.50773187258096
39.467508878447205 378.549334652104
37.878600633135896 457.53134921556085
41.93206886854255 499.06242766654805
38.851895666914785 480.5982060931185
34.59651231084162 481.4043253967618
52.49385953577798 446.5451612317096
41.030058533713856 464.85091163404724
32.1642148257148 481.2270724777966
35.446494706189085 442.98480263648855
56.81578366280933 449.6556786270216
34.63991886608996 436.7926744865513
41.1324106753546 490.85400059970726
48.43655541698668 414.938450254462
46.04498842980596 509.7197546114903
56.552423101928674 388.39357263366657
35.345904973296875 428.1004594640403
31.22704256232314 466.3054960607828
34.125006690063785 403.5332389680524
41.31861738658375 435.6243279525508
40.319925861429496 438.36167901251474
30.86568555627727 514.2728197846445
59.241223646605995 495.309898146255
34.30772968727945 436.1315793153461
34.10897676283148 452.23219345272014
33.19678783958457 412.1653423237185
37.48033493633861 443.6098907698508
45.837430985051554 495.7678076104217
36.48070255059432 479.70437961486385
35.91418866996442 437.9599889323017
35.598348444622985 412.86311388420756
38.84179700395877 451.15751842124837
49.3810124014746 431.0471615937668
47.26571734757469 482.66050564013767
51.84392280035022 425.2976182807861
36.8415333533591 471.8982029249441
39.46568343899576 448.7203819506716
41.124037944057804 513.1511431269945
34.48297969904144 450.8525469185483
55.04114191224631 439.6730946193342
34.336933444261454 404.0156248702843
33.50315519367369 366.7064425304734
48.59896207879276 427.6329629471529
57.16936846397901 475.5969291336107
40.32628423095281 459.80596713711896
52.74168437898465 421.61113136341805
32.31104581479087 477.91471959278016
29.59899653636896 466.7432993510323
34.76612661199249 408.9447461143078
37.154338374256604 470.0788948075423
44.64415741255608 457.7202623282225
59.12203817211124 391.9397186099498
33.65970356623283 402.8390161252272
55.46658799404199 477.75270942482695
33.20135352620571 447.86295667178285
