38.01330998248687
43.44378283712784
45.25394045534151
46.15901926444834
49.779334500875656
41.18108581436078
41.18108581436078
42.538704028021016
43.89632224168126
43.89632224168126
39.823467600700525
39.823467600700525
53.8521891418564
45.25394045534151
41.18108581436078
45.70647985989493
50.231873905429076
42.99124343257443
40.72854640980736
48.87425569176882
38.9183887915937
47.516637478108585
45.70647985989493
41.18108581436078
56.114886164623464
39.37092819614711
47.969176882662
53.8521891418564
48.87425569176882
52.042031523642734
52.49457092819615
45.70647985989493
48.87425569176882
52.49457092819615
42.99124343257443
51.13695271453591
43.44378283712784
49.779334500875656
46.15901926444834
42.538704028021016
43.89632224168126
52.94711033274956
46.15901926444834
38.46584938704028
49.32679509632224
49.32679509632224
46.15901926444834
55.209807355516645
41.18108581436078
52.042031523642734
42.538704028021016
43.44378283712784
47.516637478108585
50.231873905429076
37.560770577933454
49.779334500875656
42.08616462346761
49.779334500875656
40.27600700525394
44.801401050788094
45.70647985989493
48.87425569176882
53.8521891418564
35.298073555166376
43.44378283712784
56.114886164623464
46.61155866900175
42.538704028021016
48.42171628721542
39.823467600700525
38.9183887915937
51.58949211908932
38.9183887915937
48.42171628721542
51.58949211908932
49.779334500875656
46.61155866900175
53.8521891418564
41.63362521891419
52.49457092819615
40.72854640980736
46.15901926444834
51.58949211908932
46.15901926444834
49.779334500875656
49.32679509632224
42.08616462346761
41.18108581436078
45.25394045534151
38.9183887915937
44.34886164623468
46.15901926444834
42.538704028021016
45.25394045534151
54.75726795096323
41.18108581436078
39.823467600700525
48.42171628721542
45.25394045534151
43.89632224168126
