38.43248362009127 305.9046068275697
43.64961705117118 327.14044586916776
46.660686812154125 384.5863441924039
46.37541400009602 364.85118025103696
50.563092796291976 378.6885193425852
41.42349916863911 294.66405542953123
41.8022197311331 331.4629471263402
43.28885063254776 335.2838437564617
45.54528528765072 396.57723936007864
44.03997791195933 365.7895671967529
40.415477173829345 364.4182820900482
40.904145404056386 324.1810070675058
55.33541824164968 400.72092736737574
46.417554923269776 387.9537370591758
43.32313727262269 363.7058634788416
46.545153860284515 350.0769103871945
52.930502261779004 351.92218996573513
43.96255180509122 389.07888041249697
41.62443151614065 303.4647817073601
49.71567151493467 360.30418167228413
38.816690011266054 346.8020738321558
48.15458396440351 364.2700983479531
46.61582044925907 389.8995556006731
42.39527943080287 310.58966065984725
57.29968014521661 391.09150993106914
39.68813072782351 283.9792110246374
48.94113377721942 414.14911182932946
58.31330635310511 418.8196416909828
50.97744261385915 365.2616786229731
54.641408660181284 397.29492520558983
54.18850965854049 395.0752618751141
46.18234053669689 378.24513712000527
49.367567899857384 362.7245119870339
54.03402755139601 406.4462064763768
43.77740367994124 369.10533202937626
54.01158081480297 348.4723066481786
44.15365223314254 378.5748001447208
55.12221686623828 403.28001853940617
47.7330716865974 347.7811239325506
44.274920991457805 332.41641680060894
44.556061213451756 385.4274359922841
53.793478064074954 412.20784296903884
46.555483396578985 398.7681970192349
39.24158162486253 391.43135321112675
52.802723704565985 343.1512290148334
51.22529875260336 336.6227078925057
47.14299017303776 429.21141948077184
55.15144391928333 400.8062063772821
42.090432491746554 309.02740171200224
53.39629655010255 341.2838713504347
45.083899371055736 315.4437136291847
44.214196565195614 312.4584121771163
49.65478113806658 394.9939366152704
52.540517986138326 370.968779992817
38.79461745781816 329.02230283403424
51.10662080425158 365.37518270454876
42.78309652493522 303.3086908733279
49.72744519737489 386.8022662656003
41.61300403409703 318.1849777849648
45.752214399931844 339.1509692764016
47.98757424414245 395.29576966512553
49.57702118305283 359.2255857309569
54.2130530108193 377.44143881068555
36.39394560439391 352.387721694327
44.81109533722389 386.36477866094947
57.07306157957658 377.53848730848966
47.55487982421508 389.1895035067296
43.26538334169814 332.44988266245014
52.43959102769266 372.5148267969465
42.01263544933486 360.0692035431307
39.052711375214514 335.29237042072384
52.365225062832494 373.83328394912604
39.04915546909606 317.88752443696956
51.60748407335256 365.7238094422066
52.20751137714041 412.9229086091453
49.71108833215791 381.23267906945864
49.00784784477392 325.06232293467053
55.50788073077979 403.36160147914245
42.471193603846686 334.3255012069465
53.671767093513445 404.0767406768626
44.168283713087824 366.9475853535334
47.63089774391397 371.3750772399394
53.273510469384256 417.93310399626756
48.21475851983355 376.12637815559486
51.19706070730579 388.8415787612276
52.89035272318315 341.9600817515769
42.17377684949373 290.54750861983973
41.8030153216535 335.74413310654046
46.67003156868555 325.957412984596
40.12056683525481 356.6716986692038
47.02927015810863 355.59673763271974
47.145363234782884 368.57505267353974
42.89863597451114 330.3085523936502
47.56705951204463 337.67385260743384
56.84271701525699 425.7260073774172
41.49637717686541 342.9996681958353
41.08789799405779 313.23430431133164
50.13725993335518 364.149955368629
46.89444851974077 371.5939074529679
44.370605963991615 340.0508777714825
