53.85022007636934 283.46551009618696
57.65910298663219 296.63555523450464
65.6982391209312 342.0511749322831
64.58450044155937 334.3269276548121
70.27733951470398 319.79922846355555
58.21237774588178 286.2117683718788
59.99856546225108 310.9455262554469
60.3597522236927 307.7651074514025
62.533663649957425 340.79316669461775
64.6143255683188 350.57278600584624
57.05207589864145 338.0072737142535
54.35714271007468 288.3363788613786
73.5569590337463 359.86789563713165
57.671983423942415 346.5195844461541
58.116369455645525 329.49885125735216
63.64624188977834 331.5224062105878
70.22659479319748 324.68535596275126
59.653288793051516 329.1884603864697
59.652711313208734 288.1085127689528
67.5028504111467 325.27555340703634
52.856749786746974 314.19233645258237
69.46482821145716 340.7699637088769
65.25649670694017 356.3192437823656
57.50947489170863 284.4290471527333
81.36683442566338 361.67117208467295
52.58990196447273 272.7486310522131
69.68486918781605 361.8841101459105
75.11864082801232 387.0457092509381
69.15888085690301 320.4644849077788
72.55943625423271 351.9653213517845
71.72583706208633 361.61676622293754
63.130909397651074 339.0792324891356
68.59042080138335 341.10840560598206
69.82456954611453 348.7844731463925
62.67988649632788 327.021694087414
72.88485265991348 328.6494860415268
63.12691895661272 345.33232493941296
70.66723722501672 352.9654135206255
63.13614099914859 295.72832659979383
62.688596411245236 315.3483414180262
63.39020386308963 353.0855354465706
74.13141766103013 361.27023175236775
64.09179377167114 349.15731879301353
55.44080055381917 346.983188071991
67.727454248637 311.22792890071213
65.97184660218635 315.6031631783113
64.68727223161342 366.1943263405773
78.36061563356228 369.207741699171
60.10612501788789 294.18262030297683
74.42937745449345 333.43361961347205
63.799266516897504 284.1647552462109
63.040853187746265 296.39021303908476
68.07079114098063 366.3119840938933
73.17878747963128 341.1809056230055
53.680892095702035 285.61458601815895
69.96736326653827 340.61427194791094
59.71261273900011 278.2685071336104
69.30795968641416 342.45501020103325
59.065830373127355 289.95204887599226
62.23650008208683 297.3785487452261
65.15580500442148 366.66777245160216
71.01783992467924 325.22896517432
75.72194004363885 348.51460130921214
49.11648762827373 310.57237795973805
57.45802170318751 324.78884694783835
76.9434894755505 337.2920154974867
64.73376237758846 360.55224526843006
62.416348073702785 306.75980756424747
69.23954362096153 332.2469457671566
56.34931014503671 303.4136506792256
53.04377317567523 303.20475013524
71.15802710171181 325.0767080071273
55.885584402063905 297.6415145007759
65.15184055893961 319.0814104938667
69.19649144108018 372.1225629185829
69.4439232638498 346.78193293238974
59.624520612851484 286.56614682246527
73.88866518593791 358.71789501893784
56.085037687627725 313.86683222567063
71.77489945578971 358.96641237642865
59.07667713036577 301.0809800684491
61.217216194424125 320.6965869972458
73.2599433754175 366.06803275107166
65.42421376571166 354.11462959234393
70.03034076593423 332.9866474922017
63.89096160346344 292.9725716657321
58.032729929198204 277.2130854497307
57.93459604996669 309.24996764944467
61.278329189896226 290.15173050650264
55.66936848628197 319.4398705547502
63.6479983417257 315.4782346215557
66.35178351495053 326.9983843492738
63.27713521613306 311.430227802366
59.63536191355914 307.6610848388312
74.59509234206486 380.52526657357015
58.17194697848443 323.81464729978444
54.41583907484301 277.00955639068906
69.10288892049107 324.3297879724092
64.95572617861139 319.81527730407
64.24240745581022 297.43362916147885
