67.70000000000043 279.6999999999925
66.00000000000053 314.3999999999925
60.800000000000594 338.9999999999893
67.80000000000042 332.5999999999891
69.50000000000033 338.8999999999913
68.00000000000041 275.5999999999911
57.80000000000055 314.2999999999903
69.60000000000032 304.89999999999395
57.20000000000054 350.79999999998864
64.8000000000006 340.59999999999457
53.100000000000485 319.7999999999904
69.20000000000034 287.49999999999
76.19999999999995 353.59999999998894
71.7000000000002 341.7999999999896
54.3000000000005 326.59999999999
60.900000000000595 307.79999999999194
69.00000000000036 320.09999999999104
58.50000000000056 333.59999999998973
68.1000000000004 282.79999999999166
73.80000000000008 331.8999999999889
53.70000000000049 321.7999999999903
59.90000000000058 322.59999999999025
65.30000000000057 359.09999999999116
58.50000000000056 280.29999999999137
79.49999999999976 358.29999999999296
65.50000000000055 275.2999999999906
65.50000000000055 354.19999999998845
77.99999999999984 397.19999999999015
71.00000000000024 316.39999999999014
70.0000000000003 361.799999999988
73.70000000000009 374.99999999999045
62.00000000000061 360.7999999999881
66.5000000000005 357.39999999998827
70.40000000000028 363.9999999999879
55.80000000000052 329.19999999998987
87.39999999999931 332.1999999999887
58.90000000000057 353.99999999998846
69.10000000000035 363.3999999999879
63.50000000000063 309.799999999991
65.30000000000057 326.89999999999077
62.00000000000061 361.19999999998805
93.19999999999898 362.40000000000003
60.60000000000059 371.99999999998744
51.800000000000466 356.7999999999883
75.3 323.39999999998923
79.39999999999976 311.39999999998935
59.500000000000576 370.5999999999875
93.09999999999899 379.39999999999355
59.90000000000058 291.99999999999113
80.79999999999968 325.2999999999923
68.1000000000004 280.4999999999912
60.00000000000058 311.3999999999909
63.20000000000063 358.5999999999882
78.19999999999983 320.79999999999245
63.80000000000064 294.5999999999912
63.50000000000063 324.59999999999013
74.10000000000007 285.89999999999037
68.2000000000004 347.69999999998885
54.600000000000506 285.7999999999916
75.79999999999997 314.0999999999952
62.70000000000062 361.59999999998803
81.69999999999963 328.39999999999606
84.59999999999947 337.6999999999899
48.900000000000425 304.99999999999125
73.20000000000012 346.6999999999942
95.39999999999885 339.4999999999896
59.90000000000058 359.59999999998814
68.40000000000039 305.4999999999938
64.10000000000063 341.59999999998917
52.500000000000476 313.59999999999076
57.00000000000054 314.5999999999929
78.59999999999981 323.7999999999894
58.60000000000056 295.6999999999912
75.3 326.699999999993
73.90000000000008 371.79999999999137
70.90000000000025 343.59999999999894
74.60000000000004 298.49999999999034
78.29999999999983 350.7999999999924
56.20000000000053 316.8999999999903
78.89999999999979 382.09999999999025
58.100000000000556 303.5999999999913
70.60000000000026 340.29999999998876
73.00000000000013 360.39999999998906
62.80000000000062 345.2999999999897
77.69999999999986 349.59999999999184
73.70000000000009 305.7999999999907
60.200000000000585 277.4999999999922
54.600000000000506 307.3999999999911
63.000000000000625 305.49999999999056
51.40000000000046 315.19999999999067
59.80000000000058 330.5999999999898
61.3000000000006 328.1999999999899
66.70000000000049 312.89999999999253
71.90000000000019 298.9999999999902
71.50000000000021 389.19999999998646
52.400000000000475 343.39999999998906
55.900000000000524 286.0999999999918
75.49999999999999 323.2999999999941
67.50000000000044 321.49999999999255
67.20000000000046 304.69999999999135
