34.52330103578683 305.5913927905422
32.10911339756986 347.1248905660322
31.457273982120803 363.7417699877933
30.844066459203297 361.46974519777245
39.14648760822603 385.0296532838539
36.58436584853271 308.28923903138855
27.775553428881786 326.88539155480464
30.03475228699186 339.87467119683225
31.53746241278851 391.5410790872715
31.392420780671994 367.60599373533165
29.17045344862424 359.1435512045881
28.575086448562697 320.6510377510383
39.68174603926926 406.2251291026432
33.8420616302055 384.0970809837942
29.160605626813847 351.1447338787351
32.95947223712605 355.32118323268196
37.680337286136464 355.1723613454066
31.378889714045336 360.2691927092999
37.95604525595825 311.23423962548225
34.5948203396739 360.72985994607933
28.024439260316488 344.70778821023873
35.441534674033036 366.3765732799454
31.962556141790643 378.33806528266547
30.62555401106744 313.90279623507763
40.57831707811093 400.91801236702963
36.15531922196368 297.5321737128311
38.233421387875744 409.52615681981143
37.74267905093816 422.40418648917563
35.64224073948724 354.48802831199436
39.65723910053784 409.7613780559672
35.068928552456555 391.31400160769226
34.058624926498 371.64931334984817
37.48092994765394 402.0184080165757
38.18411123608521 399.0657488913986
31.570587035813315 353.41578809070006
38.35444369142715 353.1027089715619
29.916882128662344 378.2492441239155
35.523429503254775 379.4532611278362
32.892024682756784 326.8195135334239
31.077574728608795 346.16302673858354
32.653774559906545 393.8818563801919
38.56297653987875 414.596093721872
32.616409164537494 393.5019849465604
26.993121093575592 379.48179233006715
34.76055546695142 346.46244452124154
35.55588471070567 358.40463938392884
32.466522065818495 399.84584694282074
39.60766264514737 395.7462143452392
29.715618243619947 320.6758886681324
36.72829415102723 367.4105340341542
29.28698093153372 309.95532198502985
31.125262264283066 323.1596269104775
34.59690179419346 398.6881962182623
36.95096112870132 367.15546572301656
27.882295076291733 303.1719664822075
37.05291003553468 379.3497108544394
30.663397356826824 313.40944588532255
35.64330297612995 389.77344676774084
27.294372847450095 311.3566216577074
34.36733734442299 345.5299696182597
33.134281975387026 386.90664586100064
35.03434443124738 356.3656559108814
38.59636673918457 383.84397790447446
25.924065589185794 338.8443686667749
33.19957283447657 373.5612562220886
40.01502730122244 373.9735412404319
33.20284027076951 404.55807497293324
31.227042492531055 331.29557412145283
37.74817038211009 373.4973297434604
28.252943717470313 335.1873112013545
26.623719130380735 337.4486173916032
38.27385977490339 368.1162985223475
27.388955003963023 334.0189446436758
36.77718493613261 366.85440643891616
48.97304445340123 424.70955263875584
35.6789310922101 388.20412147079736
33.64970026069376 330.3242522285468
39.61258565536083 386.52414004512036
29.690394474450443 344.31431044353974
37.09488280839738 401.7993956205909
28.109766752552456 315.13273314664275
32.461837999065004 368.2973005086802
38.93281151561271 413.52548189468865
32.9148256040066 371.5084128449303
36.50023069938219 367.3355800249907
35.464069805210784 338.36363738285723
31.198004957613524 313.1097429301895
30.792954470882275 346.55986289518916
33.33894462278079 340.70187189186674
26.734654662495583 336.68287243549986
42.541424888704945 364.7518573530319
32.93166699018221 344.73408666111436
30.991857853350297 339.59024113221125
30.836860199167667 327.4220341563697
39.99106115133809 429.8732553488626
29.847774808937924 367.92516883041253
27.91240935398085 309.77170381698096
33.49125804833701 347.37578053340724
33.51983271383531 361.18790984909225
33.45298605091162 337.3243323339552
