25.000000000000085 373.99999999999534
13.199999999999969 405.59999999999997
16.19999999999996 451.1999999999997
15.199999999999962 435.9999999999994
24.70000000000008 445.1999999999983
27.300000000000118 336.9999999999958
15.69999999999996 389.1999999999984
17.999999999999986 393.5999999999987
15.69999999999996 457.1999999999999
16.699999999999967 457.19999999999936
11.099999999999977 447.20000000000266
18.39999999999999 372.19999999999965
26.400000000000105 498.1999999999983
18.699999999999996 451.3999999999981
8.499999999999986 433.60000000000184
20.000000000000014 414.99999999999966
21.20000000000003 424.79999999999905
13.199999999999969 442.40000000000083
18.29999999999999 376.79999999999967
17.999999999999986 421.5999999999996
8.799999999999985 424.0000000000017
15.59999999999996 426.40000000000146
9.89999999999998 481.6000000000025
11.299999999999976 379.20000000000175
27.200000000000117 477.59999999999854
24.60000000000008 340.3999999999981
11.999999999999973 484.0000000000031
16.19999999999996 527.2000000000025
19.900000000000013 406.3999999999988
15.89999999999996 469.60000000000093
18.9 464.79999999999933
15.59999999999996 454.40000000000066
12.99999999999997 458.4000000000032
17.49999999999998 478.40000000000157
15.59999999999996 422.39999999999986
23.000000000000057 421.5999999999976
12.399999999999972 463.2000000000033
12.69999999999997 467.2000000000026
12.79999999999997 428.00000000000233
17.099999999999973 402.40000000000197
9.699999999999982 489.60000000000264
16.599999999999966 472.80000000000166
10.599999999999978 510.40000000000293
9.099999999999984 476.80000000000246
25.200000000000088 389.99999999999767
28.10000000000013 400.99999999999534
11.499999999999975 491.2000000000032
21.80000000000004 465.5999999999989
13.799999999999967 406.00000000000034
34.00000000000021 425.7999999999962
18.29999999999999 340.60000000000025
17.999999999999986 367.60000000000116
10.699999999999978 494.4000000000027
28.500000000000135 412.1999999999991
12.099999999999973 389.6000000000019
17.49999999999998 436.4000000000018
15.499999999999961 361.0000000000001
18.29999999999999 466.19999999999965
17.999999999999986 368.1999999999993
18.599999999999994 385.39999999999725
10.399999999999979 489.60000000000264
20.000000000000014 424.5999999999994
25.30000000000009 425.9999999999987
9.499999999999982 421.6000000000021
24.100000000000072 435.199999999999
26.400000000000105 429.19999999999874
18.699999999999996 474.3999999999986
24.400000000000077 388.3999999999979
13.899999999999967 436.0000000000034
13.399999999999968 417.19999999999965
8.599999999999985 436.8000000000019
22.100000000000044 429.39999999999964
12.89999999999997 386.4000000000008
25.900000000000098 418.79999999999797
15.79999999999996 501.6000000000004
19.0 453.59999999999985
24.70000000000008 378.79999999999734
25.700000000000095 448.19999999999845
14.499999999999964 425.99999999999994
17.799999999999983 492.7999999999989
13.299999999999969 385.6000000000011
19.70000000000001 406.39999999999714
17.49999999999998 462.40000000000157
22.300000000000047 435.1999999999978
19.70000000000001 439.999999999999
18.499999999999993 411.3999999999987
17.199999999999974 373.3999999999998
12.299999999999972 411.60000000000065
17.59999999999998 368.4000000000007
10.799999999999978 436.0000000000023
9.89999999999998 438.4000000000019
15.099999999999962 404.4000000000019
18.29999999999999 431.3999999999994
17.399999999999977 416.19999999999874
17.299999999999976 516.400000000001
11.199999999999976 459.2000000000025
17.799999999999983 373.7999999999998
17.999999999999986 410.799999999998
17.49999999999998 411.19999999999806
20.200000000000017 407.6
