43.900000000000354 305.89999999999964
29.50000000000015 345.59999999999343
35.40000000000023 376.79999999999336
52.60000000000048 390.79999999999603
44.90000000000037 367.09999999999576
49.20000000000043 313.1999999999975
36.00000000000024 341.59999999999616
51.100000000000456 352.1000000000011
35.70000000000024 386.99999999999324
47.500000000000405 379.6999999999988
36.300000000000246 357.5999999999935
36.80000000000025 314.69999999999453
52.00000000000047 415.9999999999936
42.500000000000334 363.59999999999576
38.20000000000027 369.3999999999935
34.100000000000215 353.4999999999966
39.20000000000029 376.8999999999989
32.30000000000019 377.39999999999367
35.00000000000023 324.49999999999665
40.70000000000031 376.699999999994
39.100000000000286 358.7999999999931
34.50000000000022 358.99999999999363
39.000000000000284 395.3999999999928
38.00000000000027 330.49999999999704
46.100000000000385 402.9999999999997
40.2000000000003 302.5999999999951
34.60000000000022 395.5999999999921
37.700000000000266 446.3999999999916
48.40000000000042 345.39999999999526
39.50000000000029 391.7999999999926
54.90000000000051 420.49999999999665
31.800000000000182 397.39999999999395
34.40000000000022 391.79999999999416
36.70000000000025 409.59999999999394
32.000000000000185 371.79999999999296
42.600000000000335 372.8999999999986
35.20000000000023 373.79999999999296
44.90000000000037 390.59999999999906
28.10000000000013 353.3999999999955
36.60000000000025 358.19999999999374
34.50000000000022 384.99999999999284
42.20000000000033 414.79999999999256
33.400000000000205 411.99999999999346
34.50000000000022 395.1999999999911
38.00000000000027 357.99999999999625
53.900000000000496 370.3999999999977
44.600000000000364 430.5999999999898
48.40000000000042 397.30000000000024
37.600000000000264 325.2999999999968
49.600000000000435 375.1999999999987
35.30000000000023 338.70000000000067
31.200000000000173 340.39999999999515
48.60000000000042 426.39999999999105
36.00000000000024 384.39999999999895
37.80000000000027 319.9999999999939
41.800000000000324 387.7999999999952
41.900000000000325 330.8999999999982
42.70000000000034 397.49999999999517
47.2000000000004 315.6999999999935
44.40000000000036 343.20000000000203
35.90000000000024 403.39999999999327
40.500000000000306 352.49999999999835
46.000000000000384 377.4999999999961
32.60000000000019 342.19999999999243
46.50000000000039 362.20000000000033
48.900000000000425 390.50000000000017
39.9000000000003 397.5999999999918
47.500000000000405 338.5999999999982
33.60000000000021 371.79999999999467
31.500000000000178 350.79999999999495
35.10000000000023 362.19999999999277
56.50000000000053 381.9999999999995
32.30000000000019 339.99999999999494
49.700000000000436 376.2999999999984
41.900000000000325 430.9999999999985
36.80000000000025 400.99999999999113
40.1000000000003 335.89999999999816
49.50000000000043 407.5999999999978
36.70000000000025 360.7999999999931
42.70000000000034 414.4999999999984
31.900000000000183 331.19999999999425
43.10000000000034 381.39999999999793
45.00000000000037 411.79999999999905
50.50000000000045 404.69999999999715
43.50000000000035 393.1999999999956
33.400000000000205 349.9999999999969
35.90000000000024 300.39999999999566
31.200000000000173 342.7999999999951
35.500000000000234 340.3999999999962
31.500000000000178 352.5999999999941
38.00000000000027 351.79999999999364
31.900000000000183 358.1999999999948
38.50000000000028 351.29999999999876
34.200000000000216 359.69999999999465
40.400000000000304 427.5999999999913
35.00000000000023 379.99999999999187
42.80000000000034 314.0999999999942
44.700000000000365 369.49999999999693
50.60000000000045 362.6999999999979
38.80000000000028 336.4999999999937
