22.68441330998249
25.925043782837125
27.005253940455344
27.545359019264453
29.705779334500875
24.574781085814365
24.574781085814365
25.384938704028023
26.19509632224168
26.19509632224168
23.7646234676007
23.7646234676007
32.13625218914186
27.005253940455344
24.574781085814365
27.275306479859896
29.97583187390543
25.654991243432576
24.30472854640981
29.16567425569177
23.224518388791594
28.35551663747811
27.275306479859896
24.574781085814365
33.48651488616462
23.494570928196147
28.625569176882664
32.13625218914186
29.16567425569177
31.056042031523642
31.3260945709282
27.275306479859896
29.16567425569177
31.3260945709282
25.654991243432576
30.51593695271454
25.925043782837125
29.705779334500875
27.545359019264453
25.384938704028023
26.19509632224168
31.59614711033275
27.545359019264453
22.95446584938704
29.435726795096322
29.435726795096322
27.545359019264453
32.94640980735552
24.574781085814365
31.056042031523642
25.384938704028023
25.925043782837125
28.35551663747811
29.97583187390543
22.414360770577936
29.705779334500875
25.11488616462347
29.705779334500875
24.034676007005253
26.735201401050787
27.275306479859896
29.16567425569177
32.13625218914186
21.064098073555165
25.925043782837125
33.48651488616462
27.815411558669002
25.384938704028023
28.895621716287216
23.7646234676007
23.224518388791594
30.785989492119093
23.224518388791594
28.895621716287216
30.785989492119093
29.705779334500875
27.815411558669002
32.13625218914186
24.844833625218914
31.3260945709282
24.30472854640981
27.545359019264453
30.785989492119093
27.545359019264453
29.705779334500875
29.435726795096322
25.11488616462347
24.574781085814365
27.005253940455344
23.224518388791594
26.465148861646234
27.545359019264453
25.384938704028023
27.005253940455344
32.67635726795097
24.574781085814365
23.7646234676007
28.895621716287216
27.005253940455344
26.19509632224168
