21.003080855469303 329.2667112005826
27.038330413985967 365.1201884912666
23.04106992210987 397.94739417740726
25.60490064002316 403.73468907923143
30.01433794688497 380.0722168353247
23.05817757658529 347.67271874582593
22.628070256370915 338.67427309522253
21.84437551479268 367.0961947535892
22.468053348632683 430.1380167463851
24.609388269207574 435.6760519141447
24.2565553826538 391.3838155160885
21.139733735549044 353.3253343020952
30.298692087496814 437.30426824708786
27.086652910692017 434.6948122524865
21.577575163959928 390.8201269202564
24.942100465509537 390.27093273618027
28.78942142962668 383.5990885018953
24.74154270441429 404.3910318986557
33.845857803031855 343.84382290862874
24.462371956389934 387.96144732541717
20.04459796798632 385.0721915351517
26.18904897766617 382.144581402733
26.899625382374236 442.512973755185
23.711753882919528 334.68489960978616
35.40178369251224 412.5378847576072
32.3138935437454 306.9288182389371
43.183137412961436 412.2612180481503
29.725153628900145 465.6488349311794
24.652889012315804 384.3566411716708
34.026429584224395 427.4906512709743
33.89311722131573 431.7297703249113
23.279096739478156 434.3473496297381
25.70961921852066 399.25193267304826
28.80339606788061 436.07247945204233
22.654143799997545 385.6760995882936
30.91910355177819 379.34500858794956
23.886114147874416 409.57708267726855
27.293993567444453 416.6190583370604
26.52581556090082 367.02694477345733
22.788824423717937 361.16722285997304
24.928882232107547 408.70181062321575
30.062896325600377 440.8314245407733
29.72959944146358 444.559279924751
23.618374069380735 404.017734947217
26.102401943694264 375.63623881191177
25.3332974424891 384.16724860939775
24.98724802794183 456.73295017197034
30.67927134452289 429.2644173934723
22.89084900284385 333.59117055464736
27.814053363063653 383.30084074130207
23.223298202862697 328.0286105170367
23.652044774970683 340.3282256345745
25.788335452096796 453.1328606518076
25.018505938362928 398.03518580894223
23.1914366832962 326.36393958697977
26.857568203828272 405.07780846728184
26.117720910781166 341.3116509999268
27.952135803129707 412.325123607971
21.28229876899571 344.261655410458
22.2923615280642 363.05637219524937
23.59886063364437 443.48351809905614
22.68465474925545 401.65089318148733
27.75603658706606 402.8222922374173
20.806276043275265 366.4629140914998
22.79208437794044 419.8564231584353
28.822920311713396 403.9150487844606
25.451290889485843 450.91123261130105
21.686577730169756 364.1701447767114
27.07445516113968 406.4278500120099
25.302598345870315 359.1252132940126
23.03741137127414 368.63169537935846
33.59947266955121 398.8552528703031
21.44517741107424 371.3936579079989
24.923916130462686 382.9843013189417
29.07347596975453 457.6894271269299
26.845011170547476 421.9034980821861
19.993873705841352 354.73205811349277
32.35324422453113 410.21994422419954
22.965690931811444 389.3099106096545
27.743700267946615 440.66959804280407
21.900457990685 357.93955750205777
24.427052210450967 401.86742552513664
27.115074383191935 442.99107952981694
27.22831438814671 418.9105641815302
25.683660607625825 392.75194875136793
27.95655134846915 364.34175109354027
22.77461810220218 337.76209657479615
41.40988368989596 336.2294419310074
26.70539061216445 346.2893157365419
20.75193065496308 384.6354284920761
24.20418526761854 376.9890163374853
25.24245055555791 392.40476057649164
23.495355140777022 386.7005965248924
26.301888752334293 371.8017427400714
34.71670913984163 450.644159925963
21.747439364908484 400.4877288188941
24.300879023237826 329.1887100276539
28.325893895542112 386.84570366668277
25.6907232853683 377.37133181359405
23.530767599934826 360.691948287998
