53.72097724286423 288.9381214001765
61.875776407348056 307.17003549960805
65.00306349742543 345.3241570561838
66.87628383146634 358.2129738847811
70.26190294898855 336.83757476354856
57.84567876015625 280.4718892577178
57.516227041643546 308.20596069704203
61.148115675691145 320.3927269482919
62.56286296119204 347.1538302588555
63.09584584635493 353.7347926702141
57.079973112453445 343.2519715337072
56.69690427161109 298.1645535518024
80.26394889400785 379.4387413113031
65.4941598043033 355.5974809126169
58.26659018039902 332.96609984940625
64.86048463901972 340.2026534994662
70.9990542781287 328.4487069578971
61.40527738175335 345.5094989462895
57.24397939309829 280.49828716792405
68.87490768952327 321.99826481876084
56.1465780687522 326.9130648404764
67.94457605477356 331.06308893384085
68.62443841795346 362.7359546278124
59.001540968786365 292.93357194252235
78.34999631675478 366.6442374347425
55.4305982104684 264.09847538079555
68.92913193681109 355.2240189891835
77.43649930618234 397.53351086902273
69.28214912136679 320.1679660050954
73.18446373889476 353.93834317972716
72.80199430128549 371.0245370937302
64.4101236801429 345.17243763069183
69.05416345082965 352.45346352674903
73.14788222212853 356.2966648762265
60.22224793564892 328.93268652229824
72.49198885808605 330.1222811449855
61.626165495481246 343.97043831276216
69.89153708195506 352.03650417003115
64.89598037580224 302.6682989761161
59.48319187323666 325.6196130523749
62.19755704032837 347.0021324683738
74.53012799277265 377.10282261939693
65.86940196545724 364.3825331634894
54.29795248284362 356.591710501969
68.64301795321705 322.4151075118635
69.39363318308891 317.75794325159035
65.61803440540882 371.7822245718901
79.16336637129977 367.12238784729067
58.06940112287688 297.7742669154556
73.710754176258 331.31215675078215
59.93008748551337 279.8258584527
60.87426839358023 286.1897305313462
67.44461628325055 360.2169504823656
71.71483216412652 327.2621922361898
53.14687445972112 291.29573664347
72.23739428133436 354.98645355851096
59.406293638452304 275.4911965360766
73.18747403321623 362.0997412703813
57.12698082038648 280.9554146528287
62.968486648980154 313.39057371181724
64.6135613685388 355.92577933287635
69.42558820494959 331.4645599505393
76.82974650666866 340.6490960113996
50.105329164599986 333.9487752708559
61.395121756686734 344.0888308453308
79.58019889729228 347.39756224284065
64.974647848773 345.3053389041479
60.49854056802641 304.3069019102924
69.80884995623829 332.1173290228526
58.10192188097489 330.6890608597631
56.15835991813918 324.7445599218491
74.05786629019994 332.3660498103437
54.677446324173324 292.88276519661855
69.1911702189362 331.3409953964008
73.17351223216387 390.10222234930285
72.61669723369664 361.851786462506
65.28764007959668 305.6431923275452
76.38389536758265 355.7284816122379
59.90529077604931 330.2607426413819
73.55104289652353 386.48046517993714
56.98272136801163 293.52539935805845
65.37677480069105 330.20061060834325
73.34681581901111 376.50937693374897
66.03149023738214 360.64374038870517
71.38935981599816 352.70654744312014
70.63798366845369 315.67871365308457
59.6420917777456 279.49253595998556
58.22548348935454 296.5846827707534
63.87860081955128 299.2079732207988
55.13617323560354 323.04480065555447
64.92602970543659 321.49510016510175
66.96674714349162 325.1285384794424
60.23150292903669 324.45713813685177
63.95613726263747 325.5024971430315
76.95362233918948 402.519011644975
58.120610556093425 340.1462847703189
56.310909368212215 291.8062747711655
68.52266370296294 333.925921677306
64.89410675746117 331.78306987030686
65.5968005842976 321.6970830291363
