23.293896398215676 344.3506900911507
26.868051101912016 402.6316029604683
27.981797474476675 427.966751223003
28.76695399681008 399.68631690224663
30.47235344957639 385.2357688799121
27.119514857410927 331.5301701033218
25.430615920836797 356.45601912166717
26.097741213472755 364.3483267072691
26.87711631333337 434.60933054717793
27.385916800500645 414.8676181466712
25.239110344851742 389.0591976414932
25.359730848446382 350.2976991681466
33.57962649991238 465.3640349976869
28.39223636738575 412.08535673619156
26.244532115322365 381.37351893731403
28.974373891311473 423.59075485818875
31.5747449329929 408.9335650556536
26.887674713396645 428.88826042363957
24.808465033474626 336.663965585831
30.15138991253383 401.69908490701494
25.298333898731293 402.43874763071744
28.983349928624072 383.341572650496
28.770977633359887 435.3502061491475
26.226796367395803 342.59202642075763
34.88783101782137 448.36673190571054
24.85268721070377 316.449908151872
30.14328664786096 475.29991550674185
34.200386906976036 498.79211873932945
29.84255392330334 408.69835103277927
32.18776980704927 444.4603485723599
34.783955968075055 448.2084033361237
28.35790375395976 407.6187966379744
30.290080039433523 440.9086521789793
34.41097821272636 431.5737903859834
26.61773237475212 419.31268948255365
33.577975620371625 380.964952947967
26.410548874677914 417.0265784606393
31.116201236585788 446.74625256231775
29.32356039181768 385.9328837183191
26.754383926146637 387.6124484244993
27.36605206391456 421.31656402472714
33.94818162125533 449.8187260032108
31.201662540841774 444.21838442321973
25.88369954982942 441.4647496024907
30.137238056785353 392.98406703921023
30.741778871417086 387.3155357172136
28.675889262049342 483.8886613321011
33.95097375351279 435.7674034721303
26.65158201441582 360.7974013669819
32.85829958076211 404.66712209365863
26.004790152271816 331.4158444710547
26.560447324999725 344.3213130452652
29.069901629720512 448.4791374274283
31.11536281210015 435.8300150604334
24.11699672043652 349.62696360087045
30.87387465647911 431.17448177493986
25.962498693010623 335.0381258453382
30.76089733528726 443.8248787594199
24.545544073527427 341.82693711734805
28.115794358782654 376.1422282134539
31.5240251699681 433.35912688333633
29.882849470945168 428.8127934278222
33.23892224590414 435.5714554929694
21.89373378460946 368.3946992110965
26.54115547873856 406.4981598355047
35.37294262449508 414.0653089968969
34.25604586209119 431.75953309265714
26.574034953101332 386.59994090901665
29.558655605107003 403.6602299851627
24.56621321960268 392.7580042522247
25.052984684512996 381.75297144135635
31.8157793631527 420.639935162066
25.135799346780118 352.153955794446
30.44332310501071 403.635580168054
31.846197286304406 461.7617243770547
32.54419664385606 423.50258108335333
29.392823578879575 347.9046895877239
32.7562331261957 434.3913092478706
26.121635460116718 388.16233751870203
33.169976141992 471.97517959592255
25.595612114227496 375.23483758361056
31.73314748988684 404.09812418890454
31.925758107184222 448.0511040131289
28.19241428691476 407.4301954720897
31.405209120557497 422.1787258424243
29.864551679558595 370.67086111599883
25.672134491866295 320.02687558597296
26.292859225649863 360.889484895988
28.287504571568416 358.7639967198389
24.623500431464485 389.03757072705787
27.353138296884392 383.6641450552974
28.488158781676926 409.1372871832969
26.61329484636124 354.9764143928066
28.120372858114827 371.992960295535
33.394903324024526 487.98090993961443
28.912247236290508 406.4629823646733
24.590786870566685 342.79895016051654
29.59965283418727 407.47352517369916
28.227784810164234 415.20779658585593
26.84585713686729 380.8700987445044
