64.91171177959923 271.33468387449653
77.83898603981831 299.37846806149963
79.57276926523953 318.9670767358049
85.63433907532632 327.77028373439134
93.08087307450333 321.8100461807506
75.5547472710815 277.2652337759789
75.6685981687541 302.36561842469763
78.67129564103155 299.7742505685974
73.51742527271173 343.03413406268925
81.64452739823494 345.088862496743
69.69360783858252 315.2610999066179
75.11144597584179 288.3091979606569
94.56865647802348 353.90354636044754
85.92439252777945 351.17405254553387
78.46615519369126 319.4490947784311
85.58693324098213 314.3994379557221
92.30978162943575 325.51839688768854
76.30221542985983 319.6630826403161
71.04661880469764 276.1101596952904
87.52177854749438 313.9629179284601
69.60796681135481 311.6365966343161
85.5674966539124 323.748303424657
80.30985491654025 350.8412200405326
75.56709484362656 281.89380890669406
104.14053389379171 355.3543117713157
73.38893113129956 267.2377852642932
91.96332814579208 363.0289836210434
96.8541773814966 383.83666408844334
90.66740300825433 321.6275596599113
90.67023659132113 334.11095241178066
90.92031412666793 356.62055410980065
87.37939453880475 337.1926323157579
91.61968514799895 336.6538562117349
97.82828864220444 356.0184920245455
74.2896743591482 313.039268133351
94.18151079518829 315.2734333921542
79.23063743465035 334.1406090518527
91.80974808935352 332.4185230154653
81.49615852074379 291.56960109508066
81.50105311561768 311.82167803774996
80.17225387589701 351.04047890045763
92.14162929048713 354.1429464476356
86.71159957739147 363.2388161128458
66.19613402710542 345.91687944904095
87.93973296406355 301.6927397173188
84.60306702727523 307.2452188954546
81.6092483913101 354.02138354556075
98.15665533702288 353.06819041086914
73.399894529512 286.8150840262023
93.32266433704142 316.9928272989636
78.0218890194325 275.68679268900087
76.88277473616967 282.7452729668237
84.1509788008848 353.63539917699615
92.13751613727833 316.2873620093639
64.068786169594 267.8143842600437
94.3349457129807 329.3008281387615
79.94479123718492 282.0731627758388
89.6059335740767 348.26799198559377
71.5086989276349 281.6637948365527
79.66908470184077 295.15068188521917
73.00576210503839 352.53164451476067
91.97399226682923 315.24404719980083
93.05120546916274 335.1840196581085
65.78878426609897 307.02844449252444
76.31329781734311 328.39888085183776
99.69802453799217 337.81210989548606
83.41639376194442 352.9656625470153
75.85668683827886 287.19854504215215
85.23453937588575 317.76515764345896
70.9082658103893 308.1965290331823
70.44318206489211 307.41269181889726
92.99581426195559 323.99874291423646
63.156651907382575 283.35844578487684
86.12553510103182 317.38293725737066
93.25299018138992 372.13798851850174
90.06234247270247 349.68926971804314
81.01095931245445 286.41762453152444
93.52713729314618 344.7018388283474
71.01451596811863 304.75797410296485
97.99093059026816 367.5419035958203
69.67039659779451 281.8545175740119
88.97347530077876 328.4236513629309
96.26416911508127 357.0566199541278
82.67969813680276 336.69542310983803
88.07204755311444 320.5309376639867
89.64987331306293 301.86628856265486
76.9031611073355 274.0285601914022
74.16656181781563 295.8790186941817
80.24116522594571 282.15102432641874
67.24886802978926 308.2732118285902
81.89954842863632 325.00308802881153
86.37132808946164 314.5209752053394
74.42088642738453 301.85951969571767
75.87438945281615 292.6444266040656
95.91067353605271 372.6469607340221
72.74878214792993 323.056330525591
65.34453036654232 278.08641186923586
85.89477167568057 309.5002776664572
85.86521337894764 330.44037284525143
80.24496354068383 294.1352427223223
