65.97639375582187 276.34066458106673
75.26891629347692 299.4217924135289
80.3409544034502 347.16904914540737
79.549081963109 327.00102520912935
83.89048433591184 334.28666394625884
73.00918752316825 277.42164112382414
69.90175953057954 301.9816512263024
75.63113901085396 303.38666389026787
71.41178095128265 334.20972336524153
77.67153275708681 333.308149338535
67.39375531366947 317.9762030762149
69.36235852928527 278.22162776057826
94.6340366103616 355.5812427134362
79.4216863704952 345.08730687919854
72.08602287749407 318.9496044365889
80.68443191437875 318.93818653640693
82.7174403095208 321.5397580010247
75.2048680131133 323.662704481675
69.00917276694052 274.6479026660177
84.07508732907118 315.42652468926264
69.53714309566772 315.82292283481394
84.49275621684392 327.7236498268828
79.84065806752581 347.48516641441717
72.75465971079721 293.16382079072946
96.34371835988503 357.19956450160436
68.63815288315705 251.33566300683773
84.13579300239356 361.7346545912828
92.67318635326949 380.66454840117325
86.92404523429863 322.9454146746447
87.89329521591914 334.2887971087445
89.70019836050072 365.3526099022681
81.00035464343468 346.38228855315685
84.14825304836586 349.14398113663447
91.18312053358198 363.98584798924367
75.38918657216621 334.13296380061
87.54900579595837 314.42290039024454
76.54846039479035 341.45444017268494
85.77959088424471 332.36221020582803
78.63465712360345 301.6513915471816
73.89429665389655 298.4114141308011
73.71532379065764 341.47453863825
91.64957646900048 348.790112005509
80.06751755565013 360.22421428671953
67.42902038503912 341.0207807834967
85.2478485952543 306.2289828385469
84.62814965904815 311.83301815275024
81.43927484888751 363.1132475864479
97.4876136111465 352.8813385877611
65.88952903403515 286.7959860796662
90.19421811664982 335.6359954344688
73.76502548587804 273.5065260344223
72.94424181289854 283.7593828582091
83.61393219936248 361.39783105362574
87.97887954393137 317.10898298261566
65.04863761988345 284.7632868151825
87.40885485744428 328.25083042483334
71.6435667457699 267.53497805027985
87.95456261933441 344.1192907830139
69.67631366495465 276.5250395209491
78.45658735834719 302.5047661469214
79.59600639664681 360.05141456770554
85.96900966232297 316.0155191070807
93.72703832015337 341.34101984431516
62.299887416220116 309.9070236148094
76.60293563222181 316.2190006279693
97.55742166152278 342.41079705708114
80.9182104088892 356.9378521979466
75.35830975932241 299.96219713721877
83.20115692607774 329.0452637696076
69.09727886782011 317.8224038742196
66.50691790824759 301.58043141063877
85.08469692864354 326.5568048035784
67.51231386363979 291.407084699378
85.12676545903587 326.8956540576114
92.40118754788979 370.29159513928903
87.94067497019216 357.15552936984227
76.12940785238773 295.5593852234065
94.02250317443713 363.59937566218724
72.94551723919798 324.495319727907
90.40368608637633 372.92492641619555
70.60171104703333 295.3936618248866
82.14905097694607 331.13604740004286
90.14592243870894 355.2129940686251
80.99275093460217 357.5258520518675
85.63743300855695 314.3810716423004
82.27361447262906 297.3432016882462
67.36692975954973 268.0916551604628
70.19224947485071 287.159682682103
77.55342231054668 300.34224189071193
68.1941823740674 315.12775650605573
77.8570321232829 304.3219703663165
81.88580989991564 311.50290631777733
73.7338302047592 301.29320871656546
78.9278442913674 302.45762381176513
95.0371273558197 380.32078561770663
71.04667759911692 318.4972811447251
67.39657173939312 282.17076670292073
83.34680960059555 320.7697135902016
78.7682157001967 318.99276554844937
75.06437842695313 312.346732045093
