53.342206654991244
60.96252189141856
63.50262697022767
64.77267950963223
69.85288966725044
57.78739054290718
57.78739054290718
59.692469352014
61.59754816112084
61.59754816112084
55.88231173380035
55.88231173380035
75.56812609457094
63.50262697022767
57.78739054290718
64.13765323992995
70.4879159369527
60.32749562171629
57.1523642732049
68.58283712784588
54.6122591943958
66.67775831873905
64.13765323992995
57.78739054290718
78.74325744308231
55.24728546409807
67.31278458844133
75.56812609457094
68.58283712784588
73.02802101576182
73.6630472854641
64.13765323992995
68.58283712784588
73.6630472854641
60.32749562171629
71.75796847635726
60.96252189141856
69.85288966725044
64.77267950963223
59.692469352014
61.59754816112084
74.29807355516637
64.77267950963223
53.97723292469351
69.21786339754816
69.21786339754816
64.77267950963223
77.47320490367775
57.78739054290718
73.02802101576182
59.692469352014
60.96252189141856
66.67775831873905
70.4879159369527
52.707180385288964
69.85288966725044
59.057443082311735
69.85288966725044
56.51733800350262
62.867600700525394
64.13765323992995
68.58283712784588
75.56812609457094
49.53204903677758
60.96252189141856
78.74325744308231
65.40770577933449
59.692469352014
67.94781085814361
55.88231173380035
54.6122591943958
72.39299474605954
54.6122591943958
67.94781085814361
72.39299474605954
69.85288966725044
65.40770577933449
75.56812609457094
58.422416812609455
73.6630472854641
57.1523642732049
64.77267950963223
72.39299474605954
64.77267950963223
69.85288966725044
69.21786339754816
59.057443082311735
57.78739054290718
63.50262697022767
54.6122591943958
62.23257443082312
64.77267950963223
59.692469352014
63.50262697022767
76.83817863397547
57.78739054290718
55.88231173380035
67.94781085814361
63.50262697022767
61.59754816112084
