70.32774386570301 284.2638072596106
61.24517092989458 323.96606606561636
61.0306914428942 371.16321376807133
73.2934323466282 350.25120552774854
48.29042113560711 367.74665107212235
52.3277451308146 312.88351950981945
66.66821864253299 335.1459590259457
38.58207325680034 349.9356042397839
55.29924641967432 369.38364333672496
53.90122749039888 381.41699256128874
43.699889183671566 342.5912851477804
57.226320955162386 313.58502955254335
52.368952177637766 399.5352672897533
76.10629998965052 364.20220922708904
44.09725538201765 378.79365196679584
47.311902779107285 350.733835633919
66.656800078823 356.8763490222299
71.03602743877268 350.0351820969267
61.391428996439565 307.4979094385951
69.22743606389102 355.50658926755204
45.07374996599668 346.27384200819995
42.83706822532701 353.9192577462304
73.87829384446383 382.8858542670502
55.66680953727672 304.6638301530616
105.45023958710493 367.24508247297024
59.10697140767132 273.1679486376682
51.04820907166938 400.85830284301204
97.82981412367249 423.97541639300994
76.72910502424882 341.28840903066117
60.92678722906193 376.6618666742741
73.68674896383855 395.96615752012826
64.48984694842504 388.26901654671144
75.85102771584663 372.6757433976044
51.58704361316942 400.9488042676877
46.3737631003312 331.33003956011606
48.58176850147703 367.5308463786721
79.81532682827009 377.8427319753244
70.1055722142739 374.44129114610064
51.84447308224621 341.41719559786725
25.311025946516903 368.60468958697885
69.47281145648277 394.65438287975525
69.12130874582479 414.2308311471856
66.83140303721211 393.3031852464568
51.39703285761314 375.1396354616755
60.40451959836778 335.24016518186426
65.3911787924007 347.9406422264521
64.87789289319275 387.52604918294526
89.26964462872238 381.9858411871172
68.6566807788698 302.012966364867
105.11436918898974 344.81291913408376
58.644831970173215 295.06958407165473
67.72189552623158 325.30090400058805
78.90832377211485 390.20744148698907
96.679224416535 350.149531258974
53.48057039111987 301.43423307198066
45.624960550326115 352.65134484097297
47.144400198694385 295.42184422468966
64.10167742103872 366.3843389225609
67.47637046953142 302.7358115016826
63.140008817142494 343.16894222177433
43.38644160097824 369.31791482243165
48.45035748556737 355.9212829007063
58.58299387447349 356.4649506683134
50.76875333744511 331.778554949563
61.25417062410087 341.65748742801856
63.85655873321059 367.94565815009724
53.535167140871515 391.6257486477103
78.25658230417723 333.83734010283104
72.66537795195875 366.9301252016429
57.5886981033353 340.57286565397624
40.35399175620502 351.0158477825255
66.44928271122491 367.53132660544475
50.7684554220078 324.7065171354311
73.08816054711029 349.47688264592045
75.74627365291202 399.24602829929427
69.36288607582918 374.744756203879
41.257650237969756 327.7349398106151
61.450520458516344 380.85951089233737
77.92262751721725 345.9995265697851
60.67642403025236 414.0603910624871
50.06700547101039 317.7140380872645
61.75266838947765 378.77595417480427
74.86552988134864 398.3885596394832
73.59596441118833 402.16336137759396
89.75404077629615 351.5311903897694
72.4724733360688 330.7174801261211
48.06644010946091 307.4741278194852
63.805298918336874 345.82092421792066
57.13477049221643 309.9290368057018
64.77755039386714 333.6939686168711
56.8868947618333 329.66527665250044
64.5214860403721 352.3090139764379
50.727282422475724 341.39700006155067
58.17115696920267 335.00058808490246
58.78959919846285 418.3013731350701
64.75384410407901 350.59852611960895
56.51992634362974 312.37831032958366
73.65759681293645 349.7774761845859
70.37963451556851 351.6686519731976
62.91706486279907 321.6095390410324
