52.14828153667718 296.42897274795456
63.38045392662718 307.0506084579264
57.46217237727108 346.3837207661287
52.42406215419568 342.03656295704343
64.21253116576766 347.3157806127657
52.01630282676347 301.8150688555928
53.79659240610757 312.1109057843215
58.673898823798034 326.2568186638533
49.84354716395731 348.5126013911082
59.19098666503605 348.5482901011813
51.50030373778012 334.16922433423133
52.33229638211908 300.50757526857745
72.30279175030901 383.87004892283596
57.40364098282419 353.8239734609155
49.75555758897172 322.5524327145711
55.75194871255832 339.354300918182
62.78248500507861 340.0060929915076
59.17900193798401 339.48949518564723
56.07736408242471 297.58129489983077
51.52162315210516 336.773058741657
52.37091641363675 317.6770723984038
62.8512916566344 331.2299329727447
58.76629743571991 364.1964051072218
53.41328100452117 289.1793191274594
76.55963423320982 371.33911163677914
48.09755509796666 275.239370767562
62.524599944367665 372.5077364346295
70.99552933662697 392.9979706019051
59.257694963878656 326.81916816567445
56.217364729798135 371.119375346644
55.84796892172959 374.2098438385084
56.923182153748535 352.28307439660074
61.46020968629407 354.3748675043235
56.99836077043062 367.2466468041083
62.678589920146315 326.0351391412998
64.7503752809983 342.988779866054
60.280696596476524 363.01153074342375
62.54975016114168 359.88592515601886
59.70630096591068 311.8871363053422
52.59067991985222 320.04742686752724
55.21427042355668 350.46606152226803
72.15639572683503 381.8625715385685
53.643482293354054 381.81181047479606
50.73049364688925 352.50855708580394
56.12504592790441 315.63069735872006
63.014223549646175 338.7853064443938
66.54092955065852 375.6806216653623
74.58516926152322 365.36027399856175
49.37899783172606 310.7418056548269
65.28251730811165 349.9990968849564
58.19979680977525 287.326125201574
51.07417722987615 315.73601589531836
62.591590154555924 382.91631260715917
63.24728570147892 345.4225238355337
48.46474700116761 296.2106474120274
63.593521159961405 347.8048169256092
47.121562195909185 300.61596160588124
58.98398128413904 375.8571710019373
48.469689194458105 287.7105667910636
57.78465393346302 315.5002909476271
68.4288637229974 373.06245889743343
60.40582753660659 321.78498202104686
74.0834301890876 346.15107231420365
47.73854872103617 314.6588722175958
59.824568734456534 336.4099370156456
74.2314023764004 364.4374700770096
55.35094407249502 368.94834061607173
52.18293767022004 313.0390932550657
62.41624754272723 330.23418932350984
65.10550370812611 311.48981667166964
52.986169448720595 309.7548470375597
65.86509766451488 342.0886500917135
47.668971482703554 303.41678611001413
65.56053376483051 333.6333869265582
69.02018166392011 379.8929922480147
52.865332192066134 366.8500214481643
64.70964663308568 302.5566841191
72.48579396624238 355.76893394029537
55.2545430624401 329.8647098949802
65.56811392756998 387.8000124389681
55.91248808334022 297.6803315443845
59.590774663977044 355.7463139130011
68.93464055210761 376.98057216012023
61.375076252891006 361.91145203196567
52.35960735994945 343.15868221202726
65.85883897605524 317.10460680106786
52.17411921642793 291.97189393468557
43.99807809703835 308.97839261642815
58.815751549511106 292.1650634208483
51.86435764534301 325.91248883577634
51.919021815515464 324.3170229026931
63.08578761055918 346.37505779677065
53.760975792809255 328.7523830628717
58.08932874682484 319.4702618113433
60.00269154813826 391.52886638821644
51.79717031478123 346.70681663565455
52.396663078947185 288.7275029712687
60.901567980122095 324.3419600823697
58.09855653051413 320.5334372482977
47.90343259197076 316.76292693831107
