69.08695970090452 276.45854990777195
78.63346411026875 299.06478158741925
81.69835278554237 344.52416183732385
83.37858891643255 332.06845782384585
90.93845422063531 332.88225512244776
74.57022074060741 274.6941690267593
76.64473070419106 303.6325655909018
76.6518772015349 292.3225262393588
79.49073622908038 342.636767548909
79.45913892847537 351.0115843234676
72.00065714477131 324.9095936448547
72.27393679511077 290.9854099387693
96.72574279860005 350.885167386378
82.56617203848026 335.68290511934066
74.23621742793581 329.24018827515647
82.43805636496488 314.9994628272083
90.308430684423 313.40785703025716
80.67473704049875 324.25874135562304
75.12212751607245 277.70891502207087
87.63490645660785 325.4430813465445
72.74364051562253 320.73469213965706
86.00429895961672 326.26329553262605
83.30311683539271 352.38143116867224
76.79308787680908 278.0578026435658
101.17336384015383 349.1287820033523
72.03258056610625 265.40958520401375
86.6114975074959 351.2286597722463
97.23287322950507 385.70403888295584
88.38371553817024 318.8467450120293
92.58821092503278 334.50961065474564
94.56643005970082 358.27282615553975
82.40519266337773 342.3860440212439
88.86133064699433 341.36283836058703
94.0842396837931 338.54350864454966
77.49835570313367 314.68639966596106
91.58803873148396 329.03657052980424
78.19011254061492 320.8288867519658
90.1707400695001 355.2496781395423
83.58567318503194 299.5286916790798
76.86488888899859 304.41494090729105
78.39197017607717 345.9299903692877
94.93361349774422 359.5024312924368
82.74618705603781 352.37596415210277
73.4562289053293 332.1903137243072
89.88051244130875 298.9714501485678
88.60387677924207 303.9326369819723
83.04724821323423 363.0655049665939
98.71919944649356 361.899549403771
74.55197766921746 284.60244650606654
95.79591878992545 322.30120636905696
77.25665999334882 266.99810422085204
78.59327253851 290.1637740649152
86.09346322020737 362.66513439741345
91.27972867834457 325.0077163080829
67.63315439138725 289.1628910714857
89.46346558266686 329.9778534515499
75.80413942819382 265.76777483297263
89.75025079908825 346.6476075311479
72.69072699576839 277.5459213220077
80.85978133432891 294.58463865129215
81.74175688919863 345.2168673429302
88.22527844022974 323.03108623538594
97.79665971837005 339.91751653136
65.47546654336438 312.25737691014945
80.0669175466332 334.84859951938734
101.1377578606228 341.54637037031785
83.91630783709267 354.35918673594136
77.10308069774898 295.2406776803536
86.7460945390229 329.6210550207568
73.10517928249212 300.2594351231669
71.45621043898122 312.60547990157613
92.83001428701961 320.19765367312897
70.48306197943478 286.24818070089606
87.83130080861687 309.35771431958915
93.87052275421033 356.9362559563095
89.12631050165179 337.66195354464253
84.44346792681847 292.0159309357743
97.8445728037575 355.11941770914734
75.4024283664464 321.42498606650537
95.0813385643911 358.58497117687904
76.10720682509799 293.32047747763306
83.91421255198294 332.7061654516318
93.38845840150726 347.9011834225224
83.42897351879047 322.3204345400263
89.17882524701581 325.1069444897837
88.92590244255273 294.90299926093826
75.9947862045337 280.00393498825605
74.3161523247417 291.3660788807344
82.80774047990421 283.7614792981594
70.07976871218183 310.8406614976858
81.28870710966137 310.35035229835626
83.02953816973172 314.28260513952284
76.81839965271864 301.34050736820427
81.22405108993598 300.6704768594361
100.1322570412454 374.01602380203803
74.48641260454889 312.26361118105103
72.09763686829311 265.65341522301094
87.1462520428656 334.00882178985853
81.99524794325642 327.9147521608241
79.10313582502616 295.9102433317623
