66.5000000000005 280.3999999999919
78.19999999999983 295.5999999999902
84.99999999999945 333.6999999999936
90.19999999999915 335.7999999999934
97.09999999999876 331.59999999999343
77.59999999999987 272.8999999999898
72.10000000000018 284.19999999998845
82.2999999999996 292.1999999999901
87.69999999999929 328.0999999999916
71.90000000000019 338.99999999999983
79.29999999999977 315.99999999999454
78.99999999999979 294.6999999999894
108.89999999999809 365.4000000000014
87.99999999999928 340.89999999999725
81.39999999999965 312.7999999999926
80.4999999999997 303.2999999999883
94.09999999999893 322.49999999998994
81.49999999999964 320.6999999999945
71.7000000000002 280.0999999999891
92.59999999999901 318.8999999999893
76.9999999999999 306.9999999999953
87.79999999999929 315.19999999998925
89.1999999999992 333.1999999999949
77.19999999999989 287.99999999998875
119.09999999999751 356.60000000000815
81.79999999999963 264.3999999999897
93.49999999999896 356.29999999999524
105.59999999999827 394.30000000000086
90.79999999999912 304.9999999999895
93.99999999999893 344.79999999999427
100.99999999999854 361.49999999999915
96.09999999999881 351.1999999999983
90.29999999999914 336.8999999999949
92.69999999999901 351.29999999999313
76.9999999999999 323.1999999999959
89.59999999999918 314.1999999999896
86.09999999999938 338.9999999999975
90.09999999999916 338.5999999999912
84.89999999999945 296.79999999998813
73.20000000000012 306.9999999999903
86.59999999999935 341.9999999999962
104.69999999999833 364.2000000000008
86.49999999999936 354.3999999999948
67.70000000000043 338.9999999999954
81.29999999999966 305.1999999999892
94.09999999999893 315.9999999999885
83.89999999999951 346.90000000000003
104.69999999999833 354.2999999999979
74.30000000000005 288.9999999999888
94.79999999999889 316.89999999998906
72.60000000000015 265.9999999999902
80.19999999999972 284.9999999999885
86.39999999999937 349.2999999999994
82.1999999999996 316.49999999999056
73.4000000000001 282.19999999998873
84.79999999999946 321.0999999999895
82.49999999999959 274.69999999998936
91.59999999999907 337.29999999999706
73.4000000000001 285.19999999999936
86.89999999999934 298.5999999999899
91.99999999999905 356.39999999999793
82.99999999999956 317.8999999999913
93.39999999999897 337.4999999999931
60.900000000000595 297.7999999999957
84.39999999999948 335.6999999999965
113.8999999999978 326.5000000000037
94.19999999999892 353.4000000000006
75.89999999999996 280.3999999999887
91.1999999999991 316.299999999989
77.89999999999985 296.5999999999891
76.39999999999993 306.2999999999918
92.49999999999902 317.3999999999892
68.90000000000036 294.2999999999909
87.09999999999933 309.99999999998835
94.29999999999892 360.59999999999525
90.79999999999912 345.9999999999964
81.99999999999962 290.6999999999881
87.29999999999932 347.8999999999946
82.59999999999958 322.9999999999974
100.59999999999856 367.39999999999765
80.79999999999968 296.2999999999905
79.89999999999974 327.29999999999234
86.39999999999937 345.8999999999986
97.89999999999871 334.69999999999493
97.49999999999874 334.899999999993
91.79999999999906 302.09999999998837
70.50000000000027 267.89999999998946
79.69999999999975 297.09999999998774
82.1999999999996 289.0999999999883
71.20000000000023 301.69999999999084
95.69999999999884 326.90000000000595
86.69999999999935 310.8999999999891
82.49999999999959 302.8999999999883
80.4999999999997 306.4999999999897
109.39999999999806 390.9000000000039
71.10000000000024 318.39999999999606
60.800000000000594 276.49999999999073
98.89999999999866 321.4000000000037
86.29999999999937 307.6999999999938
86.39999999999937 297.09999999998865
