38.336458335869175 287.1198758671589
41.96941015440731 306.98518382239735
45.46366581302803 352.107603888542
44.59712383806925 333.5671411373066
48.78713888151437 347.2237089168405
40.159562780550864 290.4384791129119
41.31174658712249 319.3815340530485
41.349163426827225 321.97059567392944
44.09519113479211 355.33846717400866
43.88158872684658 344.7162568426929
40.26239035047241 337.54448021045414
39.57644713906143 306.3473015550912
51.58179899242355 359.7439628035193
43.79547766295952 351.0056690122526
41.94738353406494 333.64548517364506
45.14720177536013 333.0265396587642
51.11137708489218 333.52813686057743
44.36882001618369 353.3714572795263
39.83295855955269 293.9118148452026
50.39318618873218 338.37534281028456
39.98154885144352 337.5405389490289
46.09888926241178 327.4798526593125
45.93914140339284 373.90987786040506
41.744520482450305 298.9187963846699
55.790473472842606 378.48369536798066
37.886600978794675 273.89368666021966
46.961867335019065 366.99806056791283
54.854530527642744 409.4800935254741
46.08371870574666 313.4123705876484
52.838047906308574 375.0922455003438
50.64125131814916 386.0246312837944
49.084402826943304 367.11314109706865
50.17968727660425 361.77075382741475
51.51940117099403 368.8936036952298
43.65811025425983 326.7226651904492
52.786213238871326 339.4304129880612
41.104961936763125 352.50322134205516
47.60393744451 356.8899086683923
48.2869114059266 323.7397094575987
43.14532129077432 317.7025758386415
43.31459102374954 364.68762999282814
54.595569842893376 369.9691672961154
46.283925064014035 376.57690102042625
39.20011861269694 351.3074394892607
50.384214729164086 331.4633084250109
50.677814754984254 343.8352370673702
46.158133429105824 372.41247860421294
53.88534181329875 372.3596420684908
41.36918196899564 306.4842525319785
51.436556813438926 339.170660617935
41.34800081376477 285.06898251134
43.13098235634818 301.1923454883413
46.454057581678555 375.3002530679694
49.135901850200575 345.7221783467944
39.19286469884153 296.2317690408179
49.949079019261866 363.07372277773663
41.667128934700706 287.34277240177164
48.41693547063802 378.9849530039316
38.263683995189375 283.4860764998206
43.9646148301622 316.1266569462232
46.51490037771517 373.41772497583503
49.61183233646201 345.7692786607417
55.576046956307536 374.3994794813227
34.383691955926565 324.15418310995943
44.44226911846269 357.8187459075134
55.16543726602486 359.7814943368737
49.11293253232537 378.18858055648167
43.642196686766134 314.23004899402014
46.38142948535072 330.66708399465466
39.756609510456705 310.7401693869725
40.21771173129863 324.6252305082659
53.94717049836392 342.60472129296704
39.48754037408982 317.76796584296164
49.4404416420551 338.283384046518
52.49231200608653 389.91581952243627
47.7400610774792 364.0734040093399
48.70197958979142 314.90497992657885
51.18881866264565 353.7860880172431
41.95668378140086 327.9537398670137
52.3310612063882 385.7248520315735
41.25952824807598 299.1269169252285
44.04308332509462 339.0408778316316
50.714740658028035 367.9572107977318
44.56427819440083 353.32114889972
48.70615607005848 343.92908953706103
49.686138842504974 312.90044739548665
41.88823594160549 285.63393261685775
41.728786801660945 310.1261175683136
48.71852234966032 314.19889784110137
38.41998028584887 322.3888172187446
42.74073370328276 334.8363183644877
46.298446568915416 323.01198398074683
41.34697896068709 315.102043265581
47.05134448341278 329.1292257016524
54.6246750454143 394.6124211370074
42.40115695580069 351.8936994650113
40.03089745316095 293.59932397705404
49.007535108229554 327.83483564285575
45.82428376513507 335.6706402588164
44.25447178795936 316.3516774679757
