68.67110332749563
78.48126094570927
81.75131348511384
83.38633975481612
89.92644483362523
74.3936952714536
74.3936952714536
76.84623467600701
79.29877408056042
79.29877408056042
71.94115586690017
71.94115586690017
97.28406304728549
81.75131348511384
74.3936952714536
82.56882661996498
90.74395796847637
77.66374781085814
73.57618213660245
88.29141856392295
70.30612959719791
85.83887915936953
82.56882661996498
74.3936952714536
101.37162872154116
71.12364273204903
86.65639229422067
97.28406304728549
88.29141856392295
94.01401050788091
94.83152364273205
82.56882661996498
88.29141856392295
94.83152364273205
77.66374781085814
92.37898423817865
78.48126094570927
89.92644483362523
83.38633975481612
76.84623467600701
79.29877408056042
95.64903677758319
83.38633975481612
69.48861646234676
89.10893169877409
89.10893169877409
83.38633975481612
99.73660245183889
74.3936952714536
94.01401050788091
76.84623467600701
78.48126094570927
85.83887915936953
90.74395796847637
67.85359019264449
89.92644483362523
76.02872154115587
89.92644483362523
72.75866900175131
80.9338003502627
82.56882661996498
88.29141856392295
97.28406304728549
63.76602451838879
78.48126094570927
101.37162872154116
84.20385288966725
76.84623467600701
87.4739054290718
71.94115586690017
70.30612959719791
93.19649737302977
70.30612959719791
87.4739054290718
93.19649737302977
89.92644483362523
84.20385288966725
97.28406304728549
75.21120840630473
94.83152364273205
73.57618213660245
83.38633975481612
93.19649737302977
83.38633975481612
89.92644483362523
89.10893169877409
76.02872154115587
74.3936952714536
81.75131348511384
70.30612959719791
80.11628721541156
83.38633975481612
76.84623467600701
81.75131348511384
98.91908931698775
74.3936952714536
71.94115586690017
87.4739054290718
81.75131348511384
79.29877408056042
