53.342206654991244
52.072154115586684
48.261996497373026
46.35691768826619
46.35691768826619
53.97723292469351
52.707180385288964
47.62697022767075
52.707180385288964
52.707180385288964
51.43712784588441
52.072154115586684
49.53204903677758
53.97723292469351
57.1523642732049
48.89702276707531
44.45183887915937
44.45183887915937
56.51733800350262
48.261996497373026
52.072154115586684
55.88231173380035
53.97723292469351
56.51733800350262
46.99194395796847
58.422416812609455
49.53204903677758
57.1523642732049
54.6122591943958
44.45183887915937
52.707180385288964
56.51733800350262
53.342206654991244
49.53204903677758
51.43712784588441
53.342206654991244
44.45183887915937
52.072154115586684
50.16707530647986
56.51733800350262
52.707180385288964
57.78739054290718
52.707180385288964
46.35691768826619
49.53204903677758
53.342206654991244
51.43712784588441
53.97723292469351
56.51733800350262
54.6122591943958
52.072154115586684
58.422416812609455
45.08686514886164
48.261996497373026
53.342206654991244
60.32749562171629
51.43712784588441
44.45183887915937
59.057443082311735
53.97723292469351
46.35691768826619
50.80210157618213
56.51733800350262
57.1523642732049
55.88231173380035
57.78739054290718
52.072154115586684
57.78739054290718
57.78739054290718
57.78739054290718
55.88231173380035
50.16707530647986
48.89702276707531
50.80210157618213
46.99194395796847
53.97723292469351
57.1523642732049
52.072154115586684
52.072154115586684
50.80210157618213
50.80210157618213
53.342206654991244
52.072154115586684
53.97723292469351
50.80210157618213
54.6122591943958
53.342206654991244
56.51733800350262
46.99194395796847
54.6122591943958
56.51733800350262
50.16707530647986
47.62697022767075
46.99194395796847
59.057443082311735
48.261996497373026
57.1523642732049
52.707180385288964
47.62697022767075
41.91173380035026
