38.01330998248687
37.108231173380034
34.39299474605954
33.0353765323993
33.0353765323993
38.46584938704028
37.560770577933454
33.94045534150613
37.560770577933454
37.560770577933454
36.65569176882662
37.108231173380034
35.298073555166376
38.46584938704028
40.72854640980736
34.84553415061296
31.677758318739055
31.677758318739055
40.27600700525394
34.39299474605954
37.108231173380034
39.823467600700525
38.46584938704028
40.27600700525394
33.48791593695272
41.63362521891419
35.298073555166376
40.72854640980736
38.9183887915937
31.677758318739055
37.560770577933454
40.27600700525394
38.01330998248687
35.298073555166376
36.65569176882662
38.01330998248687
31.677758318739055
37.108231173380034
35.75061295971979
40.27600700525394
37.560770577933454
41.18108581436078
37.560770577933454
33.0353765323993
35.298073555166376
38.01330998248687
36.65569176882662
38.46584938704028
40.27600700525394
38.9183887915937
37.108231173380034
41.63362521891419
32.130297723292465
34.39299474605954
38.01330998248687
42.99124343257443
36.65569176882662
31.677758318739055
42.08616462346761
38.46584938704028
33.0353765323993
36.2031523642732
40.27600700525394
40.72854640980736
39.823467600700525
41.18108581436078
37.108231173380034
41.18108581436078
41.18108581436078
41.18108581436078
39.823467600700525
35.75061295971979
34.84553415061296
36.2031523642732
33.48791593695272
38.46584938704028
40.72854640980736
37.108231173380034
37.108231173380034
36.2031523642732
36.2031523642732
38.01330998248687
37.108231173380034
38.46584938704028
36.2031523642732
38.9183887915937
38.01330998248687
40.27600700525394
33.48791593695272
38.9183887915937
40.27600700525394
35.75061295971979
33.94045534150613
33.48791593695272
42.08616462346761
34.39299474605954
40.72854640980736
37.560770577933454
33.94045534150613
29.867600700525394
