69.0911733989047 347.0563283213264
68.20599131835833 433.38664278371755
63.40710496218064 362.64671444269294
60.27572373581993 381.0383659992126
60.05532637744655 354.3977809820948
69.96774458471722 435.15391482631037
71.09520361597247 396.5333645260466
64.65296703738234 386.6644609229712
69.25717567840913 403.8987596487597
67.65540751420677 339.8778424704214
67.36580767176939 382.2758272540357
67.91117368845343 436.92958542409724
63.56737806281772 405.495695437774
70.12104284995087 412.55320608363934
72.60424307379634 393.6774503737435
63.99631857425085 350.6348026258474
56.994266752462934 378.62973581159736
57.080177905598795 398.04490157764843
76.73264631326907 390.72867472127
62.87728827508615 383.0154916379382
69.80405776038012 386.5488825229511
73.16319492473808 452.8527699878192
69.65442834593456 427.1618867843461
75.04759055690504 445.5200641155661
61.440535899789516 406.5896598555814
77.10991418247737 462.62675006792136
65.33410249635847 371.30535973674034
73.7942296993398 405.9036051811332
71.67686178882603 449.4728244125108
59.26677653074401 390.28738858179616
69.15062078569451 375.77878118496534
75.17066861080711 409.18933373414853
68.99215388456487 402.02384211973714
64.24732371325034 367.93793276723125
66.85073419189975 450.97434133889186
68.65109084417102 413.7754349586757
56.88310713441489 345.1196192625122
67.72033386532236 421.74503167289447
63.74886309595245 353.3862485911261
74.58767322369997 459.09611914456985
70.95670683202187 385.6747743322125
75.92924926249229 414.5969174272735
69.71359771329482 376.49037714046096
59.84746207554666 390.84029412565053
63.87620260015867 378.1501343359137
69.68731796827808 440.07486655958974
66.26438909447715 421.1195588131783
69.4242469504784 430.52371711876646
74.42926155312475 410.3680904157455
70.47721702197605 404.14527515170874
71.49224798223524 423.0110723484286
76.70236215865377 447.5538691576582
60.51058707545223 400.09510383965846
62.73480442267923 341.78206061076713
69.66810113659025 432.3859834562584
80.64833417376686 433.7664369674756
65.99347415251354 382.323484848341
60.30760569102659 431.3017093445035
76.49328438587155 431.4184803953522
69.91847974153858 416.48394985110633
59.75588633791254 381.47636071898756
66.10950352205346 389.46121142770403
73.42344600755227 452.330976383911
73.55537319871209 371.2296718871739
74.73559796089282 375.6965018570364
77.67262947704725 416.89472434301905
70.67170144808567 441.73318153797027
74.63499727103189 361.759940656248
73.09256726974093 387.9514135147897
75.85060765514018 451.91057972309164
73.16873882335778 427.62477017507643
64.36789356347526 383.6877967446171
63.14234588147191 348.57428991326117
65.41915278522401 344.4276193077767
60.84456033573483 388.3952883306438
69.85409146736436 412.1497690509131
75.10291024129643 419.03904704238727
67.52098650654445 395.1736779101013
68.3637003376828 372.3271905700866
66.55803469189368 376.07307987383865
65.64278034813046 412.2177776183822
71.7960368900341 414.9756620058818
67.26077079883957 405.8835716729418
72.73722742210118 384.2331495589408
65.7247355150733 416.2077436878505
70.80981048540248 392.8347852964791
68.35560271301317 354.35713624883886
72.87652521626161 417.9451467481792
60.50914213314596 382.01825752731224
69.90418121307387 372.22344567611833
76.07457205916742 428.06913716010536
64.78737165219626 416.2146588872169
63.71677228642127 405.1019592048977
60.99636606756076 352.35497997036816
74.80486631418727 381.0650849418588
62.68299565012887 440.06913068567667
73.93363419898289 420.45052849582885
70.1319965826013 396.55446945690727
61.88394950085035 331.60538133654774
57.20501097909856 363.4763273910357
