22.60000000000005 444.89999999999833
18.9 573.1999999999955
17.099999999999973 485.9999999999927
22.40000000000005 480.3999999999984
17.099999999999973 454.3000000000008
21.300000000000033 519.19999999999
20.800000000000026 494.3999999999904
17.399999999999977 479.3999999999913
19.300000000000004 520.1999999999882
16.599999999999966 452.19999999999226
19.900000000000013 466.39999999998946
27.800000000000125 556.9999999999997
17.59999999999998 520.1999999999912
19.900000000000013 517.1999999999914
29.700000000000152 502.70000000000255
24.800000000000082 467.4999999999986
15.99999999999996 505.3999999999943
16.19999999999996 510.7999999999928
31.00000000000017 509.89999999999753
27.300000000000118 479.99999999999744
17.399999999999977 481.39999999999117
21.500000000000036 551.3999999999941
20.700000000000024 553.399999999998
21.500000000000036 533.7999999999892
22.100000000000044 520.7999999999959
29.000000000000142 553.6999999999997
20.000000000000014 468.99999999999034
19.70000000000001 521.3999999999916
19.80000000000001 557.9999999999958
16.79999999999997 479.19999999999465
19.400000000000006 492.7999999999899
21.90000000000004 518.0999999999949
26.0000000000001 505.8999999999996
24.800000000000082 479.10000000000247
20.000000000000014 560.1999999999954
21.500000000000036 523.4999999999949
15.79999999999996 445.3999999999956
19.900000000000013 513.599999999989
18.799999999999997 449.3999999999922
17.49999999999998 552.5999999999875
17.59999999999998 480.0999999999945
29.60000000000015 529.399999999997
17.799999999999983 461.3999999999944
18.799999999999997 506.19999999999214
19.900000000000013 475.5999999999898
22.100000000000044 554.799999999996
21.300000000000033 533.6
26.500000000000107 552.800000000002
26.500000000000107 484.9999999999963
21.500000000000036 509.9999999999916
20.40000000000002 509.9999999999894
21.500000000000036 549.5999999999987
20.600000000000023 526.6000000000005
18.799999999999997 453.0999999999947
21.500000000000036 550.7999999999989
20.800000000000026 592.0000000000022
19.400000000000006 496.1999999999903
15.299999999999962 532.5999999999963
20.800000000000026 540.1999999999932
20.200000000000017 525.9999999999893
17.799999999999983 512.1999999999914
18.799999999999997 505.1999999999912
20.40000000000002 578.4000000000011
22.000000000000043 455.7000000000058
19.200000000000003 491.39999999998963
24.200000000000074 536.4999999999985
26.300000000000104 548.3000000000019
28.80000000000014 449.90000000001464
21.400000000000034 526.7999999999905
20.100000000000016 580.4000000000016
20.600000000000023 538.9999999999916
28.300000000000132 513.2999999999964
17.299999999999976 451.79999999999126
24.800000000000082 450.7000000000004
18.099999999999987 480.79999999999325
20.200000000000017 500.79999999998984
27.300000000000118 506.0999999999958
18.799999999999997 517.5999999999898
29.50000000000015 492.80000000000365
21.10000000000003 496.19999999998896
19.1 543.1999999999922
27.200000000000117 517.6999999999986
19.300000000000004 538.9999999999906
21.400000000000034 494.5
19.60000000000001 529.9999999999903
19.80000000000001 478.79999999999046
23.10000000000006 453.2999999999956
19.0 525.1999999999899
19.0 471.09999999999604
26.1000000000001 474.3999999999987
21.00000000000003 525.9999999999906
25.40000000000009 518.2999999999993
18.799999999999997 532.3999999999944
18.29999999999999 445.0999999999949
23.600000000000065 494.9000000000011
26.80000000000011 552.1000000000006
27.100000000000115 526.1999999999962
27.700000000000124 513.1999999999974
19.500000000000007 444.9999999999948
20.30000000000002 460.3000000000028
