51.793781214507355 364.9297760755561
49.57367418793925 451.81616484411614
48.168339995796316 383.48400543546603
39.22920681128162 384.7252004659297
47.9190485322757 381.974275823931
50.768179037825874 429.4058929586085
53.74673572579518 406.3293091892307
45.87383784763647 383.18459922971425
50.54074360215599 427.596721406419
50.62565909874007 362.09033999869774
47.686289490500165 390.5130589782234
58.854223866590175 448.6747320189411
47.18487525933015 425.53672411799784
50.24778243924942 419.92729056790637
54.60288250490633 389.9689361579408
48.05797847353854 374.3766979540998
39.30662615998635 393.99347893972816
41.586270662724274 409.32561927788913
48.83887241651159 420.72749993210965
44.193520460191394 382.3483762861801
50.941568502716635 398.00048820688824
49.1483873418065 439.534289049409
50.16546216921983 433.82979517963145
49.939887035422046 437.54759722049533
48.0547297971152 420.4185121172412
53.59703182237841 463.6344064403523
48.241591920109244 380.5322157787537
49.888346698939365 429.18815537756427
51.86512038121749 449.0002971264818
40.60958465911897 383.8858478193132
62.41137169321328 397.64089228503576
53.4201567521214 428.16380798716517
48.80708792965087 404.033025017887
59.643869580765994 377.35110056253063
54.056427337182576 456.21574273913075
54.47114188999621 414.02858339300553
47.29714861448129 356.29372330168167
47.38076359022013 443.3238641691369
48.97966091032352 369.7314358825457
54.2534979515817 458.965237606447
52.84674011373468 385.97367742522977
56.21097916658004 429.84774188212765
56.00290354579521 390.88546594096306
45.37035673275205 382.3414143935848
46.812002664496255 400.1405629117853
56.2141349719055 439.7789117681038
50.85498246043265 426.6702182488913
60.056482426254334 441.6069476017085
51.84153289500412 429.9806070742394
56.42025642355113 412.51124547293347
48.49084112947405 428.6695791632093
57.28872584129665 461.04676577026993
41.03356304192323 412.73012856136165
45.54462124602174 351.76613828135424
51.52125720175816 433.83763941483545
53.10344102682394 457.97255350732297
48.95332479575033 414.78018720081997
41.73960023283473 434.2334221884853
53.31261202182368 463.31296273002687
52.33287412346017 431.40467207225333
45.331892633135055 413.83545083998433
46.42679434417823 398.17581013354226
53.54771111347783 471.73476030822764
51.29850494496191 399.00729734102924
51.84028642141792 391.4628342299339
54.43091465983921 435.88599096149477
51.18760236472637 455.57796538228376
48.41795785937911 369.60836235243414
51.19956500738455 435.16238313986463
50.29291033536671 451.61936992195405
50.75935127274365 446.9917071661558
46.71628631917115 396.9683157268247
57.51613690882641 359.6965693713149
48.60410771950561 356.7603412578838
47.13818454799144 378.25320374601324
58.52667965772636 419.1036909429514
51.49386237510877 427.100653443093
47.064159470291166 423.4701957717393
50.25723092781415 393.6885907739352
50.127740277098 411.6778702281058
48.13727310892906 437.5090825106764
56.63477906551601 428.93219639650505
46.60055681926646 435.29463930362675
49.496400190320635 401.4174061583638
47.69661136428778 434.44080306432596
59.45119329973659 410.8854344970294
47.37699648580892 356.3553547870776
52.62721939439856 423.3067036410303
51.716339486187294 384.78169016372715
51.61280681604673 404.7385276196732
50.17802757386459 435.5730255284915
46.812780903321155 411.1828683878454
43.49838455107765 404.766805648129
43.08839766777097 364.48211520675034
51.05050515197301 408.17100787949437
45.41252984713511 431.5463952944012
47.351524643570805 410.83064279945097
51.138894701212365 409.33866845973336
44.5770204545575 351.8714791530903
38.47653183098057 366.6292658282446
