66.58690250143744 346.30806259729087
67.4431515374656 430.8647440152772
62.154833637390816 363.84901507506305
61.301956962316225 381.1356191257918
60.29764946053852 361.3354760923209
71.34071442711742 412.08095371746725
69.37353745844673 395.610668260123
63.862185796927626 367.3203243815054
72.68283194523366 404.50855418830173
70.07153610886078 353.67224256458064
62.72557092343857 370.4251103433158
68.4547202008278 429.16115921302037
64.54846811431767 410.26285899474715
68.02595742461183 415.27938913092436
73.32527012652882 394.3641355719558
62.998035565540064 366.92900231270426
61.12915813318384 380.9911447037881
56.53517696377907 403.2807370840142
72.29835805971085 403.3549512864
62.56899937592384 374.7943699017891
66.93835816017753 389.2959128438945
68.45144389630774 421.5198169742493
67.6809655778252 443.9490860996948
68.95371354218953 410.8694520255768
60.58465760421453 397.90963388212515
79.02918026122043 430.6865991066107
65.41018257789304 370.77271260874704
71.93340073699429 414.57363151647166
65.98681380955608 426.02176213308087
54.32527548376809 365.30470618694216
70.455114719232 382.1216417528606
75.61030186259345 407.31281637882125
71.97674688495759 396.3544903911125
63.25415308943529 367.46382174008727
65.74497155014905 453.16428079294235
68.98186152673476 410.3162084267876
61.070194619885136 340.58856726025715
66.78361115302076 416.9637656221429
63.875027928028786 371.6228412963049
73.87343446770662 423.85784123409564
70.61498477855808 376.77165188952137
70.63903460424 391.1468043756114
66.69247958435453 370.9791150995498
59.04039801086029 387.85570144915135
65.6456263937387 386.54678990634204
70.6977108173521 432.0741036010844
65.090882581198 419.3692764664727
64.85890572471874 407.5017631481268
70.17722955614201 390.02259157181106
71.24155713017608 398.9892916035085
68.61847892586087 409.3779515756192
74.22369400534616 415.1636881118727
59.35678514001191 406.67338219046593
60.696795996922965 340.0594439839005
64.86447254829336 420.01714216326036
76.35756929944405 432.10908851320613
65.10144673830501 389.8328146994778
56.70435805098887 413.5758540869163
73.8241249333769 430.6051076252285
70.56849327776204 425.7996629012469
60.50707531668918 399.7551173610997
59.2362741688432 378.1289355034323
71.93009312874634 445.4238376401808
73.23922121398324 370.99065775579913
74.63327393848812 381.71022668351105
77.03372436180115 417.90771323134334
67.40699992682076 427.69652201111813
74.90154199656313 360.54650984032537
69.58476900291969 400.33232841034567
70.50619719459978 441.1458976490057
67.52114453491775 420.3373591912096
66.2418603128102 389.9999105466214
59.05720447041476 348.0409344843008
59.570191798145906 326.88815377852
62.02188657757249 374.64265231396683
67.2958092647184 384.7506157236196
68.41447748167072 404.72208547675535
62.610245983659 402.22603270563565
63.247500961606264 389.3814985243132
68.2779154681373 388.198364717905
64.08067248817554 410.4767755296731
66.46462837634165 403.18947482469656
69.5741274008985 436.3862726875903
71.56715240284905 376.2480012277254
67.96353883323523 418.0548770378126
69.70177631310219 381.42931014421094
69.18634357347123 335.88336996880435
67.65007669946296 406.3980564182418
57.8411428574229 376.7586513105925
69.1946825342504 382.7092728348078
70.87590273978459 401.89391610370365
61.194202487013804 402.68392865600856
59.64225685292601 392.8525648901062
57.819442502018426 351.0959742874877
72.8979142596783 387.95831164016437
64.5616714488831 439.5826462591095
77.28593346117886 410.5398335562012
66.53392626009078 403.9667124667241
64.51479852540261 350.89360698966505
51.876398512321494 349.0669321283909
