52.505211634435234 346.47785535296555
55.38820921345821 452.21892790722205
47.9559340035248 384.3877993658095
45.89286837483402 390.95890462737106
48.31653743193539 368.04144211907396
55.59572397846955 420.16622245265904
55.484673234868 413.7930083754345
48.47143909770912 383.1239431283896
50.7316621199838 401.88878490356376
51.0083820740397 360.6269477892069
56.199414847768644 387.13311758331395
53.87754939839205 443.59298165856137
51.19074383754365 422.2106307507488
46.77501984820388 426.32371012690817
57.663266775596085 392.40641949057255
50.253238325937275 364.8662472408937
41.587537962894636 401.760176184461
44.408848639104775 398.48114473614737
59.86067802844467 423.36354564233983
48.31343379153121 378.56976301289853
50.777254377787095 393.53040469520664
57.452622194779764 443.3931930384509
54.058724581769184 448.4387707999929
54.276986755636905 420.8963201101928
44.53154722073429 410.6722738524925
58.7402690285808 441.6733452784792
50.965085032502095 369.5541638285315
56.83040765318603 420.57674340255664
54.697029575697805 454.8511674484375
42.25435668091981 374.9021943752882
51.33830744125458 388.8612389833437
56.807029513405524 419.2456530247864
52.60095262511514 411.27060203895184
51.303269940425196 379.05318959568984
52.77794576542178 459.7897987832938
54.29913682572306 418.7483153229191
46.28439192259048 355.7725150338769
57.11534631960761 439.6783743121417
51.25266052013717 358.3196397250134
56.87725573118172 440.65474439094135
52.06067695815612 393.24353408692434
55.67212226282336 418.5074422398192
52.08636828845595 374.1339460714675
45.67446301187988 384.00426925202544
50.19095455898757 395.3273965486243
53.630540220598185 435.9116428117616
49.889047920216115 427.76379123889393
52.338169418888704 430.24544037266736
57.120894124852185 408.5453548645924
51.75322739040447 400.4934265115499
53.172127478093536 419.45407651938257
59.36603003684267 453.695637476479
43.954777374860384 410.7107857588414
48.98574364290055 353.6993786685576
54.893843734539374 440.9507577827099
65.25207961716278 455.8361019305345
52.14599545593649 422.3219713612226
48.36918505263476 430.5749103764859
57.110473687757015 430.5901071244455
52.65879496286696 433.3680739644595
45.58097376902309 408.8252079092041
53.33849292061926 402.1210457779055
56.864310963993894 447.34891378419985
59.31263716017968 389.486500927571
57.22929154621339 393.87245000004765
60.364352266242996 423.9991468017381
52.58381602225462 446.4620740491463
57.94584132184872 370.68511605888324
57.41733214349456 419.84174914038783
53.58222295413549 449.8386488464486
55.87437219869327 424.9839873536008
53.169268672377726 401.9346286811429
50.39918721553731 357.171353884925
49.13171573709922 356.0238296866026
45.29897157153194 382.9632252789382
54.318421133584664 409.29267724178504
55.815176790242305 406.84808826802106
51.614389808548744 416.2704188206838
52.65930779942615 387.8719298058598
48.796587938636705 392.14107585440024
48.930009963569276 411.69262278960633
52.02211730132552 389.7456828313699
54.269862754049385 431.93857753244436
54.53891182632836 387.69316875680994
50.428102837256176 434.8857899572031
52.93869525810938 389.64806806796963
50.59927988020648 363.2154310991946
55.33791564062334 410.02261487768624
43.12915971717139 388.2460039570483
55.29105757622221 386.42342652068623
56.41756027834731 432.77925178641203
53.03858654463225 419.44167163443507
47.09391178267804 412.5107755330651
44.770759568625095 355.98049718213184
58.9240121517601 406.60306813500216
47.30138833113639 436.96202329757665
57.483789130533374 425.91044198093334
55.42860884611023 406.328363694255
46.14018778693175 341.98255875058834
42.093190890143866 368.45802140999933
