37.58009817524985 359.4035474355359
37.53711816105814 470.2201792491229
33.08173251747423 400.212534451207
31.633194396079148 395.5569377406859
31.624867954643456 373.01494491329316
38.64105033487275 438.474213300364
38.958029775605034 425.2315865705945
33.85685646633763 399.8642357589408
37.42798971858343 428.4746575045075
36.22175074170979 367.6053083614388
35.75687944500532 389.87156863115626
38.313416283717494 444.4080590274319
36.016409891019656 431.219697449558
41.29543148455771 443.49560543743297
38.16070058228533 410.7892457878253
35.2942135237649 388.5396565012759
33.323764798880525 422.8839314665565
31.813889090621018 432.5575668925467
67.25400659590896 450.54777584564414
34.455235657169546 380.69179104381396
36.74502426554786 407.3118281612947
40.11331508883415 457.65036821346627
38.83417514525513 456.20167390291965
40.245456397248034 431.9315034021618
34.67701544764259 436.61647947356056
41.247603753494 468.2473220423376
38.14256010869935 395.18291849151694
42.568256691488514 434.2371268900601
37.67241476005958 458.16483995174906
32.52642099861992 396.7052521839575
38.95362135089847 399.7831306057437
39.56656878981413 425.0644014992281
37.912123627084654 406.69037831293457
34.2363246257382 384.4554353653347
36.57358824801979 476.6032489350003
66.10891121923336 426.99861325807956
33.317820232493254 376.80432046197245
37.20197650017424 432.53567454619156
35.42358349165345 371.64297269904125
40.052953450051604 450.7345003163582
37.1062398780021 413.22535269728866
40.87083152685533 447.89199082036356
37.19664256901305 374.72047269570504
33.44614389949033 396.7687793591501
37.35861100087793 407.5009838496283
38.339261615837835 458.40862966253223
35.45471352293776 449.1302785653786
37.03724802307195 433.74118327545204
39.6249477359072 413.7572134747205
39.8524205218863 435.24604410336974
35.40966490201187 434.9979736439948
39.31854287449815 440.04336354198244
31.224626628733862 427.7609973514996
32.878786088001505 357.01909867392027
39.342102572435806 465.04779313447403
44.29431200188179 475.7693321690329
35.75311472673355 417.01438644596703
32.31084165402394 463.2193438611163
43.00459764417455 477.68422120055146
40.113588582907106 438.45113006900874
31.889773507520268 408.86865082873015
35.577155542148255 408.46379612299245
40.82744981479473 474.1129562457785
38.627858998216276 388.8012910468775
38.57975842116833 405.8290338030123
41.39082826542688 432.6447529919052
38.354211019600086 470.3129131440489
41.577106062061915 388.4473133836541
40.20081867086371 430.8078298979635
41.7367109947302 473.5931211904964
39.20103173411396 439.19850617745254
35.53870238128499 406.7996520362928
35.45944688992667 365.0571379394756
33.757110230084 348.9897851653254
31.345558716198692 403.2438814042319
38.35841595583417 443.1347116591048
42.27176514124332 423.74628053296675
37.16597899652752 431.3905769807727
36.3377318036681 391.63288294556264
66.53048333546242 404.624027398929
37.055511267025274 461.6080433956774
36.77158604215223 422.20317592056637
37.12725680522039 452.625597431576
39.74938678102194 408.79218493814227
35.736013328983354 446.0296325368607
38.575488036650704 422.2214208567442
37.62628274471104 367.1841136147388
39.72258346570301 439.96884690022847
32.15869293346905 398.7421798249892
40.39342595107561 412.25399976640057
40.075825796800785 434.34418767801026
37.470487765106505 439.5828781073258
33.409812373811626 430.15714142010415
33.34764130835293 362.7303452087393
38.91664015092848 404.2759154969345
34.275485323391365 453.5273646036727
39.23048964775931 429.7915012098366
40.043329245418676 439.95668347741616
34.459857126273185 357.8175005540585
28.809088057447738 366.69490774449827
