68.67110332749563
67.03607705779334
62.13099824868652
59.6784588441331
59.6784588441331
69.48861646234676
67.85359019264449
61.313485113835384
67.85359019264449
67.85359019264449
66.21856392294221
67.03607705779334
63.76602451838879
69.48861646234676
73.57618213660245
62.948511383537664
57.22591943957969
57.22591943957969
72.75866900175131
62.13099824868652
67.03607705779334
71.94115586690017
69.48861646234676
72.75866900175131
60.495971978984244
75.21120840630473
63.76602451838879
73.57618213660245
70.30612959719791
57.22591943957969
67.85359019264449
72.75866900175131
68.67110332749563
63.76602451838879
66.21856392294221
68.67110332749563
57.22591943957969
67.03607705779334
64.58353765323993
72.75866900175131
67.85359019264449
74.3936952714536
67.85359019264449
59.6784588441331
63.76602451838879
68.67110332749563
66.21856392294221
69.48861646234676
72.75866900175131
70.30612959719791
67.03607705779334
75.21120840630473
58.04343257443082
62.13099824868652
68.67110332749563
77.66374781085814
66.21856392294221
57.22591943957969
76.02872154115587
69.48861646234676
59.6784588441331
65.40105078809107
72.75866900175131
73.57618213660245
71.94115586690017
74.3936952714536
67.03607705779334
74.3936952714536
74.3936952714536
74.3936952714536
71.94115586690017
64.58353765323993
62.948511383537664
65.40105078809107
60.495971978984244
69.48861646234676
73.57618213660245
67.03607705779334
67.03607705779334
65.40105078809107
65.40105078809107
68.67110332749563
67.03607705779334
69.48861646234676
65.40105078809107
70.30612959719791
68.67110332749563
72.75866900175131
60.495971978984244
70.30612959719791
72.75866900175131
64.58353765323993
61.313485113835384
60.495971978984244
76.02872154115587
62.13099824868652
73.57618213660245
67.85359019264449
61.313485113835384
53.95586690017513
