53.30000000000049 417.00000000002706
55.300000000000516 514.9000000000412
50.80000000000045 432.0000000000258
46.700000000000394 452.1000000000302
46.50000000000039 438.0000000000267
59.80000000000058 502.800000000038
55.50000000000052 443.60000000003356
56.700000000000536 426.6000000000136
51.700000000000465 466.7000000000375
42.80000000000034 423.30000000002696
45.10000000000037 429.3000000000316
58.30000000000056 490.90000000003243
50.300000000000445 482.0000000000367
52.00000000000047 492.70000000003347
53.70000000000049 457.1000000000314
57.90000000000055 423.7000000000252
53.70000000000049 463.8000000000347
51.000000000000455 466.70000000003466
44.50000000000036 490.50000000003115
54.500000000000504 446.70000000003046
54.500000000000504 450.5000000000333
40.500000000000306 503.2000000000375
51.30000000000046 544.6000000000411
62.00000000000061 468.00000000003195
51.800000000000466 477.5000000000366
47.0000000000004 523.3000000000378
47.2000000000004 419.60000000002697
43.60000000000035 488.10000000003384
61.2000000000006 517.600000000038
58.40000000000056 453.4000000000366
47.3000000000004 451.2000000000317
64.7000000000006 473.80000000002696
49.40000000000043 470.10000000002856
48.80000000000042 445.3000000000256
57.70000000000055 523.5000000000387
56.20000000000053 496.30000000003815
53.100000000000485 407.10000000002606
57.10000000000054 501.9000000000398
54.0000000000005 439.0000000000287
56.90000000000054 523.8000000000443
49.90000000000044 462.50000000003274
55.60000000000052 456.0000000000285
52.30000000000047 447.7000000000283
53.30000000000049 452.9000000000354
50.400000000000446 445.80000000003275
49.000000000000426 490.3000000000365
55.00000000000051 491.3000000000299
52.90000000000048 470.60000000002975
53.900000000000496 472.00000000003666
41.900000000000325 484.30000000003355
52.90000000000048 475.5000000000334
55.40000000000052 506.5000000000319
62.80000000000062 454.8000000000223
54.4000000000005 406.50000000002535
52.500000000000476 522.8000000000396
58.000000000000554 527.3000000000366
54.90000000000051 478.5000000000369
52.10000000000047 481.20000000003523
48.50000000000042 515.0000000000334
60.70000000000059 494.500000000038
52.400000000000475 448.4000000000367
57.90000000000055 450.6000000000283
65.20000000000057 529.4000000000361
53.00000000000048 432.2000000000231
55.60000000000052 446.0000000000328
50.80000000000045 511.3000000000336
55.80000000000052 503.5000000000298
53.900000000000496 429.5000000000188
61.2000000000006 472.10000000002964
55.00000000000051 530.3000000000411
48.10000000000041 507.3000000000371
41.60000000000032 467.6000000000341
44.50000000000036 410.1000000000241
52.80000000000048 400.1000000000186
44.40000000000036 429.100000000019
59.90000000000058 496.70000000003915
56.000000000000526 492.90000000003573
52.500000000000476 485.70000000003466
64.30000000000062 444.1000000000115
55.70000000000052 456.7000000000353
58.40000000000056 490.0000000000285
56.600000000000534 473.3000000000323
51.000000000000455 507.6000000000419
58.60000000000056 459.00000000002933
54.90000000000051 493.70000000003336
49.80000000000044 465.5000000000337
58.800000000000566 400.90000000001857
51.50000000000046 479.0000000000367
58.20000000000056 451.900000000031
58.20000000000056 422.5000000000239
44.000000000000355 497.7000000000348
44.700000000000365 490.30000000003025
47.500000000000405 499.80000000002894
43.80000000000035 416.8000000000299
48.900000000000425 467.30000000002934
54.3000000000005 508.2000000000405
64.90000000000059 468.2000000000177
45.50000000000038 496.8000000000356
43.80000000000035 410.50000000002694
50.10000000000044 414.70000000002887
