28.020987377908686 427.4505188954242
29.218937926821805 544.6474769704344
26.59930166016725 449.9668174434674
26.937999988347404 450.97352252833696
25.420866263394586 434.1831669218343
29.789441134149076 496.03992158964815
29.655744695027266 479.65256322640425
26.200492832555966 454.80605908843586
29.83655125304968 498.44145572323225
29.474389241463456 423.0025280442396
29.588670723310884 441.31797086491156
28.08438488584317 524.0533382167839
26.02687310726099 492.22491215951635
29.614853994655412 488.29336050420216
29.6108037302044 465.3813412388382
26.89823880364582 450.8255212778809
23.70438958930982 475.9862752672362
24.222602291432025 479.7983919122211
31.921366997139426 461.12469340768536
28.474827086290677 458.5868889434882
27.908844239052588 455.7246820331737
31.179855682940865 514.6438124718064
30.228102035282998 507.733331403914
28.797669132939635 486.43605514110266
26.021065585269394 496.9823770196688
33.64008054794401 528.6359100543443
29.470763653093833 442.5121648529228
31.001536399545195 478.8801140742179
32.006509437326756 540.1749658507306
24.76274310712875 451.14914035837194
31.14190185496716 472.8241521416691
30.774303006964452 492.8843959140122
29.226641528727008 467.05248961997086
28.254048857745442 415.1612041899297
30.586915822988498 532.6052402432267
28.27819401733276 474.63623720673723
25.72032767257587 413.6043258773668
29.18088193580568 490.3476780957293
27.781060643380968 422.99942512696737
32.682546954869366 507.43172679506256
29.15705821906877 446.15454049567853
32.72627377338747 491.66150607337994
30.265572751290584 448.2991454623822
25.211093262399643 464.9780325011529
26.69573734138545 454.4651574351687
28.68015695438056 526.6996646870008
31.404040615620453 505.7803625311098
31.941235085916407 506.0904909106987
31.008483055905597 482.6446075552653
28.895181853538745 492.078170023828
31.8692897768323 496.25724725869924
32.1788957070203 498.61563322547784
26.706042072631224 483.41094807042776
24.608761849061317 410.7002862491566
27.72113626992353 513.264923794099
33.86765744289955 541.0397538790967
28.42545776627858 478.3739771314492
24.526457626235292 507.63096231664355
34.51295143538884 517.9137514346855
32.27187184384442 488.5097559564015
25.689190550327396 466.37268021014245
28.671200408160036 457.01726804144647
31.938625794491937 556.9525833354705
29.96814927962213 447.4270369619846
30.66796642907418 463.7717089295026
32.78770024531565 494.9989898237154
29.04005081654293 526.7723301616438
32.37107527662314 420.0207061106705
31.910203736095294 498.75308760382944
34.34558626043227 528.4692847226071
31.13322273908356 500.252214766297
26.77574855145299 471.7414478284669
28.218252678622648 411.5069217716461
26.287477752558548 398.13036779173854
26.110032445446624 451.6541632807234
29.43409112863463 470.74890029931703
33.01712171545506 495.8972556966171
28.248695748979703 492.77982658217337
30.138763216375214 445.50835469434617
32.05131752183589 481.2276868292379
29.52395455920698 506.1238733366665
29.487619429321438 490.98953957191486
29.303827254628864 496.66125709947585
30.12298770195295 453.7332666332368
28.230841490592525 507.7720863203366
29.294247448896957 458.14413838112506
29.011046380484267 432.75623684012294
31.370817142982023 485.0768702549867
25.519296741301474 429.2557987563051
30.66097692017964 467.3062163527478
28.637083818536095 485.0807933669866
28.65811940731051 462.05571693581766
26.312575714675855 489.798406838855
27.914396185283643 427.44247258840676
33.42661401445053 473.64449077514274
27.06754455455398 504.92934163530293
29.3192813680175 484.602746724536
31.11960893625902 480.34017307617233
26.868910015218926 417.3439643792787
22.811837767741743 420.53202720055197
