28.966987874526684 396.3170558140611
26.628907440327186 482.87967986178836
25.469212260220306 425.1546404747596
21.97538561830865 422.74563073377135
24.09884819644708 409.9653535548381
28.01548790177635 474.6850626862579
26.356850994462345 431.69285247884693
27.731250221566956 429.32931280254127
25.291765081826206 454.9210651773528
27.379849471969344 392.24913373659564
27.82621469278795 431.35124783309965
25.35549486795181 471.9379896380393
25.62278905308959 460.75662764038043
28.42165374225244 472.1849630751397
29.52379721331792 440.98517594834755
25.534938456838308 414.91550645964594
26.067387941798444 428.1332394954566
26.631452784101022 441.4782598288447
28.87438400944498 447.1113344934221
25.53233872517559 418.96071333763007
25.612703830485426 421.76680451116334
29.49250399098464 488.24325413865273
28.42999373775361 481.51702929515295
29.738003978156282 466.47361367678616
24.009983718968094 471.3796526655342
30.74203283399043 481.05692716555507
26.3025046029179 413.343577334867
30.782005664262286 482.9386729923186
28.705759030568604 492.6078406396899
25.85597506846431 414.709554257168
28.16547363422001 425.7759942066119
30.437772263883595 463.07946743142224
27.973302758994294 433.18821947291616
25.620338846658353 405.57434942737393
26.74663314665506 504.41572946266507
26.88258341010013 456.30645200342417
23.304732391032683 389.8295949207157
26.231926295788355 471.2436642710447
28.03526648215064 400.5279955584537
30.525038020637744 483.0708434102507
27.772133071282468 431.6074594519291
28.633434739845228 444.7666988344823
26.392147234508084 420.70096525524025
24.07296656662971 442.82514428689706
29.627119690264962 426.58922344700375
28.96373476837535 495.7519224413928
27.766734670710786 483.41800878461027
28.470319336516795 483.2290205107558
29.673820152686975 447.16880667461237
28.474356251380232 446.2903262196196
30.851736959954522 468.10861380977065
32.20080252934845 498.6697614461352
26.7027380716007 448.9349686657657
25.03783727500179 394.7094271770287
26.62553799101333 490.4315947379341
30.17686875055008 487.633163058429
27.25906387834225 449.51292798761517
28.083146492860543 461.6727189027218
30.296589405813215 483.38866103413807
29.426456244410755 465.5402926475027
24.39705479898211 452.4102812527793
24.406958445439493 430.2384891781496
27.98054112226772 488.1055120261973
29.82149937273399 430.298531462329
30.607614851361845 429.20791070805086
29.34412236109117 463.94237097633993
26.852017534496888 468.3916027329092
30.958052300595185 405.1206228888744
29.546727336559137 443.255385837733
30.361956006110578 492.2686131537705
29.286105615203045 488.29717641956677
26.37901524127853 441.45415400300107
26.2677080942987 389.7971682102394
32.15299569234615 389.8290954449899
24.80713121226933 430.47655975511964
29.216096857438362 462.94469600038417
29.853288863938367 471.25094963207044
26.50664422158909 451.3792203470435
25.966933981791293 428.12424155041083
25.99520603403716 428.4887652860367
26.641609581755517 481.78356444304177
27.957513806100348 445.76240947282713
27.187128465715226 473.55716028422523
28.486184487304172 418.69410416604
25.410524574225082 476.23640451786304
26.570753940954265 424.01143058857525
28.187466979225203 403.71647057629445
29.469694300683724 460.3921031862753
24.678254387082852 417.3403577175115
28.32693948340443 438.560413874332
29.396043255299112 466.7553124713748
26.330890956927096 457.64508873960796
29.8343459916613 452.64286320419137
25.469698764842924 408.3515788344026
32.86850268600991 460.3160462874161
29.565534112379165 494.8270423585987
29.95174353575888 463.0643732706464
25.828403863392737 455.2738765380555
30.077253883846065 384.2016613779793
22.597804985967816 401.0162987143873
