35.40000000000023 429.70000000000334
32.9000000000002 534.3999999999967
29.400000000000148 461.40000000002897
27.700000000000124 458.90000000000225
35.80000000000024 443.1000000000127
32.9000000000002 506.99999999998903
30.800000000000168 445.19999999999726
32.60000000000019 468.5000000000132
37.20000000000026 505.9999999999982
31.70000000000018 428.80000000000246
32.50000000000019 430.7000000000071
34.70000000000022 535.5000000000209
27.50000000000012 495.79999999998915
40.1000000000003 505.100000000011
39.800000000000296 479.7000000000002
32.800000000000196 442.4000000000222
35.70000000000024 454.90000000001385
26.900000000000112 480.4999999999924
36.900000000000254 497.9000000000154
34.200000000000216 450.6999999999952
39.700000000000294 473.3000000000234
36.60000000000025 517.8000000000202
31.500000000000178 537.0000000000024
32.100000000000186 516.7000000000294
36.300000000000246 486.200000000004
32.9000000000002 536.9000000000119
32.700000000000195 446.5000000000339
36.10000000000024 527.5999999999942
34.70000000000022 552.2000000000239
36.900000000000254 438.3000000000011
39.800000000000296 458.1000000000129
39.20000000000029 495.4000000000333
30.400000000000162 495.3999999999979
42.10000000000033 437.9000000000073
35.90000000000024 551.5000000000136
33.400000000000205 483.3000000000081
29.400000000000148 413.60000000000997
38.400000000000276 500.79999999999455
38.400000000000276 441.7000000000114
34.40000000000022 516.799999999995
31.60000000000018 460.9999999999943
38.80000000000028 500.8000000000379
33.60000000000021 457.00000000001165
35.80000000000024 461.49999999999335
32.60000000000019 467.30000000001587
30.30000000000016 521.7999999999888
35.10000000000023 523.4000000000282
34.50000000000022 519.2000000000214
36.60000000000025 481.5000000000028
27.100000000000115 486.599999999991
37.80000000000027 484.0000000000056
40.70000000000031 523.6000000000078
34.00000000000021 499.60000000000963
35.90000000000024 434.5000000000305
35.500000000000234 525.6000000000023
39.30000000000029 542.2000000000229
35.70000000000024 474.70000000001033
32.000000000000185 520.4000000000049
42.600000000000335 530.4000000000306
33.400000000000205 505.99999999998727
25.100000000000087 478.7999999999892
29.700000000000152 494.5000000000225
38.50000000000028 572.800000000039
32.700000000000195 475.00000000002694
39.40000000000029 470.59999999999536
36.300000000000246 534.2000000000031
29.800000000000153 529.300000000018
39.60000000000029 439.2000000000263
41.60000000000032 503.0000000000381
43.50000000000035 556.2000000000087
31.100000000000172 497.99999999999227
32.30000000000019 464.500000000009
30.000000000000156 429.4000000000003
28.600000000000136 421.1000000000263
31.400000000000176 433.2000000000229
41.200000000000315 484.80000000000814
35.90000000000024 498.5000000000019
28.20000000000013 493.8999999999933
35.600000000000236 468.90000000001754
46.700000000000394 478.5000000000034
30.600000000000165 516.5000000000276
37.000000000000256 514.1000000000341
39.9000000000003 519.2999999999962
39.9000000000003 476.2000000000071
31.60000000000018 531.1000000000132
30.600000000000165 479.0999999999944
33.90000000000021 453.80000000002144
37.10000000000026 495.4000000000213
36.80000000000025 444.7999999999999
40.1000000000003 478.800000000036
34.30000000000022 506.40000000001146
33.60000000000021 510.7000000000035
35.40000000000023 487.700000000017
31.300000000000175 419.700000000011
39.800000000000296 484.6000000000206
33.90000000000021 505.7000000000058
42.90000000000034 506.4000000000392
36.60000000000025 505.8000000000221
30.500000000000163 410.6000000000056
34.900000000000226 432.0000000000042
