45.81547778267011 367.6513756060102
56.626260037651356 465.86678484855867
51.63508298592714 406.8831946703714
48.92653220025333 408.1444552968839
45.86395587944586 371.98009363362354
57.998599419516935 436.13570620139643
44.80491541931685 407.67396650748884
52.539734026927704 396.84802397584434
56.01258778336186 422.4064423392239
57.48011187423715 376.6073161511779
56.3783908264305 396.87342777294594
54.74059930357652 441.2789854188371
52.73913229631843 427.59329652241763
56.3817399478359 437.6049821649365
64.41396600750666 404.2170119697375
52.533211297927835 391.7791009764377
51.51997448461399 407.6228379540739
49.240090175541404 404.56035185545085
63.998129365114636 424.6495995467081
52.227296447387715 389.7827475636932
54.83418300120556 409.2937796245553
60.382172836976444 443.2861790528117
55.896123144486545 459.25620224157205
58.986749270188646 432.1100192818596
51.5222320174633 414.0022622614538
63.918403225479764 452.57437474715323
54.33975396130001 384.1493000583497
63.39870683584569 427.9442561928858
58.12967945829852 462.0166799915789
49.843251925631634 390.52581284323304
56.452791331007404 395.5111634263403
60.89525333514388 424.9754638677875
55.543339020112015 413.4617495307241
53.64459351880123 393.5722881795711
42.679532826721406 467.31876318102655
55.80460635837172 431.4633794833141
33.4107494426645 359.31597511089365
56.31686754124108 428.7345061348031
54.3924634711729 386.6924620633086
61.8505937531902 441.55276196288594
60.0917913909158 397.17358235966896
64.42236734018172 436.23281202741686
43.4664436824952 389.5167284547891
47.75590530451616 416.9148928562181
54.62797916039984 407.51710460094364
54.56768909925086 454.9050279671326
52.15720368319273 437.67973599169756
56.50860211024858 432.968721481959
60.783588658286504 423.8230476273362
54.90853538269715 425.57523031432885
58.52178405978076 437.19465667674183
63.00107786477251 445.6057170981141
50.33015787079811 425.061439035947
53.93233918702099 370.47684969837997
54.67286472901537 454.3366216785617
70.94872108577765 487.2013676559417
55.21948619381388 417.4956995328818
47.41935528673541 432.0981318214024
65.91460983921363 446.86168350694845
57.0143986617402 442.0971880697954
49.51538402460238 417.3426168012805
53.57979673716489 406.96199960930204
64.05238978641007 473.5716148541315
60.964836269738214 387.45477409852475
62.18526194392462 401.23808903447775
66.00073556649238 433.0232203683201
57.7079883992568 447.12332984342015
61.58296724419846 373.40756041755367
61.00446830778205 421.84915684171375
62.70064412686599 455.89741891379873
59.2163108952615 438.6366025018034
49.971840760100335 414.9650771607825
49.45130519990943 368.1849700277795
57.026637488413144 365.2555848580413
48.21144935496182 393.1831251624853
56.08079994083475 426.14209966321954
61.16983267653902 425.26002021460573
55.856343061483415 426.1632472628773
56.166402234489134 403.4502276256934
53.76077819972106 411.3265859168284
48.94202632528252 423.3425623367548
55.655931764529704 415.86429270123637
57.75381579974599 444.95289749069224
53.662864835244065 391.9988707771793
54.68637508816556 443.5374447051591
60.17117021105649 406.99535380866695
44.6544182944008 365.2209183165328
61.324779688668066 433.4570297772349
47.028102315420085 394.6285605243717
57.58485110003339 392.37133865692323
60.55401735876343 418.0586517919112
55.25552090345266 418.5567036588397
46.76101029821057 411.41431557353786
49.096960137457316 375.4793745275318
64.56090825356517 397.74182481680293
56.17874835299684 440.28903554512004
63.60415025063245 423.635911613628
57.48605451684774 417.23549609580255
47.83599226201573 365.9649220237325
45.21740975313646 371.122428054066
