22.68441330998249
22.14430823117338
20.52399299474606
19.713835376532398
19.713835376532398
22.95446584938704
22.414360770577936
20.253940455341507
22.414360770577936
22.414360770577936
21.874255691768827
22.14430823117338
21.064098073555165
22.95446584938704
24.30472854640981
20.794045534150616
18.90367775831874
18.90367775831874
24.034676007005253
20.52399299474606
22.14430823117338
23.7646234676007
22.95446584938704
24.034676007005253
19.983887915936954
24.844833625218914
21.064098073555165
24.30472854640981
23.224518388791594
18.90367775831874
22.414360770577936
24.034676007005253
22.68441330998249
21.064098073555165
21.874255691768827
22.68441330998249
18.90367775831874
22.14430823117338
21.33415061295972
24.034676007005253
22.414360770577936
24.574781085814365
22.414360770577936
19.713835376532398
21.064098073555165
22.68441330998249
21.874255691768827
22.95446584938704
24.034676007005253
23.224518388791594
22.14430823117338
24.844833625218914
19.173730297723292
20.52399299474606
22.68441330998249
25.654991243432576
21.874255691768827
18.90367775831874
25.11488616462347
22.95446584938704
19.713835376532398
21.60420315236427
24.034676007005253
24.30472854640981
23.7646234676007
24.574781085814365
22.14430823117338
24.574781085814365
24.574781085814365
24.574781085814365
23.7646234676007
21.33415061295972
20.794045534150616
21.60420315236427
19.983887915936954
22.95446584938704
24.30472854640981
22.14430823117338
22.14430823117338
21.60420315236427
21.60420315236427
22.68441330998249
22.14430823117338
22.95446584938704
21.60420315236427
23.224518388791594
22.68441330998249
24.034676007005253
19.983887915936954
23.224518388791594
24.034676007005253
21.33415061295972
20.253940455341507
19.983887915936954
25.11488616462347
20.52399299474606
24.30472854640981
22.414360770577936
20.253940455341507
17.823467600700525
