53.30434295551578 385.34226446014156
52.95353171505309 465.0498750192141
48.5707517285869 419.5991610918643
46.13660818094469 429.30556626123325
46.76870475973933 392.63438331404285
55.44463623331136 455.5030954032263
53.673063227130044 466.88864563209273
48.115393756703625 444.3030491943942
53.46461816690868 441.70752051082474
52.470895650510634 382.728622779922
51.65762573002987 411.65576019322145
52.87291982390556 461.8319951450928
50.47819637383127 432.0272197202239
54.490943062460936 463.8324997206237
58.4945848233369 423.9709979324228
49.43972143511056 365.20550631312915
44.78833722475998 429.7801736810888
44.84367691270883 452.587173429153
56.98769339408624 438.5661738208679
49.13853755178036 380.66171562679284
53.52096887733448 423.9257330893689
56.28657456891751 470.8094881458016
54.26407763072345 488.6754201671085
57.35953453127011 485.7112967531757
48.175083856013316 455.0959539652081
59.68538408325045 511.6886619378039
50.22915424699355 413.68654010124146
57.819983833669816 445.8615982085358
55.567205984200655 478.5956222526025
45.00382859761979 422.8661812740483
53.88949064120485 399.7918986981438
56.97808011797582 447.5236644601438
53.613420562768354 441.27986871089666
52.09641524916667 379.60180490957276
52.21346425491066 504.04075695418544
53.92671006582667 474.50671876358956
45.66016140415232 368.5548862643995
54.10113639108504 443.9653969157932
50.710093051140056 389.3311188450151
56.85023805481262 460.2511249214389
55.392505635534775 432.2627732080424
58.59331613468338 441.09235360041805
53.40648299522551 417.97855422658495
46.772986099974986 434.5506351791455
50.12732461106371 407.62026458192764
53.83467773648073 488.08737107110704
51.888689772166174 466.64570105832064
54.76771444706111 454.7718294162397
57.237999205116026 469.20385929752473
54.879911162345415 446.9647665562146
52.01668371957577 449.46892372100586
59.47818494926788 479.18637133265287
45.11023122993533 443.0359512406272
49.03508542199059 381.0810860007245
53.48220174674987 469.3988593279498
60.6990281754214 481.07354977175396
51.965152548201246 431.93756711488254
44.80844091717514 456.7907997845289
60.37889754661735 490.9033746518536
56.11282129141386 449.8174550979283
46.626787015817435 443.9692829793087
51.88402996303752 439.5641762702397
57.22055000265921 496.6612806577421
58.556549496599835 383.86243025350234
56.2610764156891 430.48467921986355
58.0302136649976 461.239557912399
52.494851294131905 471.08443263207647
57.991459906646384 378.00633856972024
58.668483636624224 432.2674885397788
58.3325849966029 489.0530451648731
57.032257770482616 482.97058627277664
50.96982866352694 398.8752582477507
49.26120907116728 382.69959173812987
51.50427450954893 381.07551555264456
47.60199360781992 423.17893961865326
54.2801029838326 434.22704824289514
58.11881150670918 449.72048644387723
51.669770129172385 410.17487370277433
52.328836152396676 397.7460311238579
51.13433829074977 401.3170168275987
51.88460148930197 459.22419926365717
53.73657942992372 456.8589506332837
52.646636104858054 453.7400222789841
54.46653537071422 417.6051170393989
50.65402545603541 460.8127486179632
55.72774035700383 440.818235134137
53.841852081877775 363.32309948901616
57.951691196271526 474.1646705809513
47.48192650010581 396.8515437133845
54.7779743413274 409.18086002751465
57.567280826736564 482.0802199047557
51.15646097881579 440.2149024180784
48.782346430098926 464.5380290254132
47.7869019945275 410.43863522685325
59.53278400425617 445.61299072529897
49.01847649840165 494.43925206682474
59.439881654612144 474.5697847455925
54.57789955978048 441.06887655849727
48.33612106237838 380.1744246430668
42.15144067381938 378.1601824553213
