16.252463621413437 455.39543164587246
19.90610955413381 558.8858452006964
16.97935561918495 499.93801924333377
16.794190962032626 482.4059394866206
13.402193145343707 454.78592189408545
18.79444804628122 538.7631134885802
18.173356200128705 496.73720098869626
17.417588411687262 486.5708086752829
16.65226938792343 498.4468408902978
16.356583849149338 461.1129947184096
15.470648543201872 484.72578904006775
17.608876866115377 568.9405631817185
19.829369103380177 522.0670077818824
15.324775983218334 529.2289162914523
17.240731273125185 499.3005640004611
16.353551336247943 467.5560656097283
18.635318078966915 503.4495246030483
17.951902858905346 505.40187798220165
17.155207680106038 518.9694982444103
19.190959979766454 487.75110456156074
21.000931344169135 503.88332423246555
16.911797875449153 551.3423701726156
15.210090712833676 541.3164587718832
17.78007101939919 553.1036296167102
15.591966880788814 524.6020331948918
18.096869350417624 561.2262443573311
14.823514657159086 462.4280309239734
17.43153207079535 528.5584953122578
15.245905258613856 567.1851509960491
17.469051478111844 484.94735476870073
18.337524891211476 488.5664690137175
17.3618821383024 521.5156666087973
19.78442047984567 516.5626168497114
18.26064098913514 465.2427994395501
14.557813678059121 571.4352184128435
16.673990142230156 534.3029186722696
18.62404985868904 424.8257605866777
18.44796444379703 539.2849179261823
14.937952687302491 460.6859395604514
17.856118723905155 532.9141426542005
15.90599108486306 491.69223235743334
17.829483760587582 514.6521114338996
16.11382281890748 485.50367532900657
15.360647474958439 480.6348990605529
20.248968042140156 462.88333878353694
16.80703337148737 573.1843758994237
20.03859254277976 560.632658343904
16.02798725150254 527.9442766500943
17.839142669463193 521.1455315606225
16.139263580981822 508.50972101791626
18.08227476923655 537.5692395322625
17.070338512831693 554.0855075269654
16.31805065895313 508.9731860140426
16.523658932363613 430.5971000115606
15.93959638090725 552.8475042202515
19.12925437650319 577.5982053782706
20.152230421442468 518.5722425729892
17.368501853671138 507.5770636742319
22.229888869680682 559.8136584894131
20.02991371826063 533.2095203062875
15.341637058423789 493.9342802251118
20.19016297793719 491.50632708943937
17.380965226031208 564.4430743549401
19.441845629957548 483.9439690312989
17.283469091624628 499.6035555441217
17.88030535569353 528.6588050814295
16.248248627406706 538.2037520567817
16.971580635599537 452.0284258289121
18.106147078699934 535.773227137635
17.885064537505446 556.1852226175049
18.402736855594057 548.1459706415843
18.373367298195497 522.5678463960465
16.471838327423956 441.155522469922
15.196484580301464 432.91534181486105
19.80361832369622 464.3819059275881
18.172977881780415 520.0190866183083
18.26771328678693 533.6183286775677
19.72609637145272 532.5352707213744
16.238091520324993 501.79873244698734
20.169782450558454 489.16020435658726
17.95742974100716 539.3617879100984
16.527111045100643 500.9908075897256
18.828920054106085 531.8381470991375
16.135042871397776 477.85331721791994
20.24032479058027 547.3073019806469
16.381556629769307 475.22750614013574
18.099348681939322 454.3079899589247
17.34456880303651 516.7449250408016
15.528937553324972 475.66561109020375
16.445898333756293 500.1342077866837
17.053093862686495 523.5387795100264
17.068118121518104 533.9859432489726
13.386770335801234 525.3998297912177
14.488998084935584 441.10850685846276
20.367176155108965 502.5657942168898
19.535322587089734 555.5762130058565
17.286074108447693 514.7432176061063
20.09242554089712 522.7319436113971
13.665408169203847 423.95424196626817
16.318223259117868 440.7116484965489
