47.17979591999432 383.02604022634233
53.378402401335485 496.9415817652881
70.5497528891965 409.27084422229416
44.38553682855709 423.8381850568153
47.85312936375752 405.3786180161076
57.296459591924354 457.00370251699667
52.78726947088844 413.33764135563206
42.850543638554186 423.7654846947938
56.1119394096665 432.586798087485
52.40904246069404 392.6370589732376
45.735326944154835 407.3909023826959
53.55314773569822 461.65094148857713
74.55936387552755 446.2514390139764
50.86191315385828 451.52056976618064
87.14869811974879 410.4950649072482
48.31757292252172 391.3128867586452
66.97425390968921 410.6203685085401
45.81549049699026 423.5302337416089
68.4393953496877 431.8513861901318
52.137561495979654 417.6361473168606
53.068821951095806 422.3152379975655
62.530784811031495 451.8388417131024
64.82601460983555 454.7989332807129
52.85285607893454 441.53283618749975
58.07256144755595 457.6186179559039
64.78141938894763 495.86167994621985
49.917887398435454 379.2187536879115
77.49124736269758 458.47994393179397
72.33070734351388 500.6738938689237
59.391417487035966 386.6901750080678
74.30000441970633 412.6583930293929
51.52192574913167 440.60206305696863
67.22710733228978 446.32815773452376
62.351784352478326 406.53612819651636
55.125978911175245 475.47808440637533
57.80355279250797 467.3496559396013
53.31356798852603 374.2918157821356
39.593289641573335 470.2372045719613
44.42493591948238 417.8575454786295
51.33601702583687 483.91466293364414
51.77593937919351 422.9769419499141
51.331980392636986 460.9314193349273
78.32613135886886 406.5567612774485
54.55596800448889 429.0891485259003
75.41862657745972 406.673773172082
52.360832722400694 482.28303899434917
48.931237133587715 461.59005024090396
61.32117358350254 482.0746975999365
66.60542576733212 459.9749916435489
62.57525745725901 431.6550233302388
72.14591300771067 434.6990274696257
67.41296905924612 463.47397022503566
50.85925375226217 462.3383664201052
87.63854699664901 356.91907794331837
60.18982992392302 471.2306595517067
61.630394652852864 486.6766096560208
55.23686035028814 463.56656616454075
57.76103531907744 457.4183044072908
60.83136051403312 469.31081483351255
83.30083938358175 451.202311434271
38.31141673335078 458.96194479727535
52.732092514747066 419.1503533218993
55.113033285123805 509.6123383066958
67.82793659938613 420.2949139202089
57.36309458223742 417.49674960648133
63.193409371975925 476.0986788668023
71.87907251683575 479.85532006088454
54.65596239975724 377.6781953009481
74.61135980393549 450.2913276884009
59.88470009627892 496.8093020029428
76.76333870344683 464.60612140996096
53.67176677741851 411.7891309292889
49.67181470681751 363.3635578079673
51.86641156265095 386.0370116617277
55.615213773345026 407.60777058648404
61.76668682917643 470.53886477565493
61.2978065857761 447.9473962164433
59.178079676962746 455.92702165408224
43.374775429467526 413.4121811067518
45.666169319875124 419.1986747011309
52.05457556424879 455.3892562213521
54.363974981243175 423.5083483647393
71.03034075999882 473.8003742317342
74.12167213038559 420.89411561016743
58.16718156618668 454.76458301382485
68.30486696608475 401.1796344119385
39.369925591002946 380.6018434536531
51.72375754770645 465.95635620787846
54.20743425286207 416.14012615741404
68.27471777442713 419.19721233237203
63.44265587533945 454.91365062470993
55.69421922006589 432.85311343696543
45.20372096745921 442.2668383857613
49.11185878794581 380.3930320526998
71.97998978594791 420.14550427414235
63.7229582185046 459.8827205808794
64.091049342909 449.4030012376526
45.33579829643538 447.46377219057575
60.30558308032383 368.88132598458327
61.35213615795945 365.8822437125793
