40.63779728478078 413.2048277062058
37.761790820331534 479.5339693715052
41.09688822455547 428.81400023633324
36.63447965489076 443.65020292361646
37.01946374316374 391.65012907966144
39.43766405818856 504.3136074908421
37.82495393238033 468.61001325695787
34.3248285092036 442.26464362592907
39.52505078020315 472.4033424947309
37.95456908720599 405.2167015314679
37.101546177308165 432.6264593003409
40.02899964587811 492.5887972096068
37.19487150048011 476.1817057267071
39.104527714341835 470.21718286910556
41.77259195136472 460.63325057152576
35.29457097186433 410.7742721620426
38.371137527871696 449.32623569818224
36.56765073618808 455.44072021810666
43.4119036761826 473.1477497235722
34.979042560297444 431.43975313333823
38.02322876313375 452.0845361748123
41.978284293273745 509.984034124606
43.29007730617318 497.6237385107849
41.30303907345804 493.04977506739624
42.30704375992727 461.8401039366977
44.74309834048467 515.8935787880072
35.930296131586985 445.5246501549817
42.6357623926506 478.5993308393409
39.489574935060894 523.1806951469282
36.28531616355263 437.0463051902662
37.94839369082474 463.3158976421093
41.053058860857874 464.2516442346609
38.684571753742205 437.78637656875213
41.6722746760639 426.9477866436868
40.35871067827075 543.148917178434
38.694026685404936 490.7523076351075
32.096687175436294 406.08088822038405
37.25190699466925 486.03589467831887
36.00918407089785 409.5290370513275
41.24706438010188 525.271514743329
39.27324679531288 422.7868652850571
42.619962718307164 481.4205140966006
40.39211715647173 442.8552235437009
34.802835016778154 448.27513124109703
41.58491504319825 452.70150410238733
40.43461684744419 498.3313231738978
39.387304274332735 483.2405749005484
43.266399601274536 484.5174903396496
41.13062392910271 463.2548277928742
39.56038264888374 468.1765337413592
40.36781764593573 478.068927457261
42.360255666948795 485.56041710665914
41.61744309827715 462.36290921699003
37.93077927350799 390.65157695981964
38.379417170189576 502.90473008182175
43.913615196668324 527.6132606701888
37.29870657842147 475.9134484759735
34.77516526043905 472.3273301342867
42.73550358041605 507.9249775853919
40.048827263404796 463.3338964342019
37.420010899836164 461.8906123965444
38.93777850798077 450.3560534121344
45.919642921618596 547.138290871041
43.46556811576029 443.7666123973179
40.71466061753971 451.9765628631761
41.94843630109248 480.6063143561656
43.371403437976056 491.16895299910914
41.78200929236713 404.1960167800864
45.02847902994856 469.83648384141145
43.71720921435085 522.0184355732139
40.06422594591753 487.4417661099386
40.20677192534078 454.362366183845
36.61432847511914 407.66979506860156
37.97396597257913 401.65990508662753
37.5843717796364 436.36429381009356
42.17504068280666 483.74418100942114
41.44613132820477 455.85039338285173
38.51865161850345 490.880970028005
42.56065028653362 438.4979340916859
39.16090693879728 451.8706327088356
39.4763267796295 495.3409304109595
43.148058347511416 475.70226328309735
39.05191288711903 489.022859853656
38.92230116761418 421.3451399633009
39.67490503480714 502.7768686578744
40.44806633965572 447.3790543864022
38.954706953583894 413.15285086091956
40.64400359258738 467.54972641322064
38.30281344588537 449.8110178977849
39.17426862969548 410.33747301431845
41.01566915607783 465.95740224730645
39.68899535053411 465.84221799095906
36.19753858899156 469.39374313488526
41.44649869368922 415.4178880807644
42.588182596486824 451.82626336041534
39.34470142479661 499.8147534588112
41.24844465499147 466.9719816990109
42.565091650079594 480.1614099991703
34.524616596076285 389.4015697411566
32.822212565366186 417.89866937512613
