47.3000000000004 426.50000000002285
49.30000000000043 528.0000000000242
43.60000000000035 451.400000000009
43.50000000000035 461.8000000000171
50.400000000000446 447.50000000002706
44.000000000000355 510.09999999999496
51.20000000000046 461.50000000002655
40.70000000000031 428.300000000014
46.800000000000395 498.1000000000022
39.50000000000029 427.90000000002715
39.000000000000284 443.40000000002664
50.400000000000446 495.30000000000774
40.60000000000031 494.10000000001276
48.70000000000042 494.9000000000263
45.400000000000375 467.50000000000676
50.00000000000044 432.6000000000186
42.80000000000034 465.6000000000103
42.600000000000335 493.0000000000092
46.30000000000039 499.70000000003137
47.70000000000041 448.9000000000084
44.90000000000037 444.9000000000211
42.80000000000034 513.6000000000384
40.3000000000003 532.0000000000175
57.300000000000544 476.40000000002203
45.60000000000038 501.3000000000227
46.30000000000039 542.6000000000374
49.50000000000043 401.9000000000109
46.60000000000039 511.4000000000372
54.3000000000005 515.9000000000088
46.20000000000039 444.40000000001874
41.800000000000324 454.2000000000179
57.70000000000055 479.3000000000217
40.400000000000304 496.80000000000183
45.50000000000038 443.10000000002566
52.70000000000048 522.7000000000087
50.20000000000044 499.6000000000187
44.80000000000037 418.6000000000142
54.500000000000504 508.40000000004085
47.80000000000041 447.7000000000118
44.10000000000036 517.099999999994
41.70000000000032 454.90000000000435
60.00000000000058 487.80000000001024
43.900000000000354 452.00000000002075
54.80000000000051 460.50000000003496
47.80000000000041 424.8000000000199
48.70000000000042 525.6000000000254
50.70000000000045 505.70000000000755
52.500000000000476 490.10000000001423
50.400000000000446 464.30000000003577
43.40000000000035 498.1000000000326
43.70000000000035 493.5000000000044
51.100000000000456 525.2000000000259
41.800000000000324 461.90000000001305
45.20000000000037 415.7000000000234
51.000000000000455 516.4000000000319
47.90000000000041 527.400000000022
45.20000000000037 471.6000000000271
42.30000000000033 481.80000000000524
49.10000000000043 528.6000000000356
47.90000000000041 494.80000000001115
36.50000000000025 482.09999999999474
49.20000000000043 463.20000000001744
56.700000000000536 522.8000000000151
56.90000000000054 438.400000000024
47.600000000000406 456.20000000000084
49.20000000000043 522.7000000000133
46.60000000000039 514.2000000000196
56.20000000000053 430.30000000002116
59.70000000000058 472.6000000000318
49.20000000000043 548.1000000000232
51.30000000000046 527.4000000000398
39.100000000000286 472.600000000019
44.30000000000036 407.9000000000128
50.70000000000045 403.10000000001844
37.20000000000026 461.900000000024
46.100000000000385 464.7000000000257
45.10000000000037 483.3000000000345
41.40000000000032 488.60000000000935
49.80000000000044 443.500000000013
55.80000000000052 457.50000000003536
49.30000000000043 490.30000000001337
56.700000000000536 489.10000000002003
52.00000000000047 511.40000000004187
45.50000000000038 458.7000000000173
44.000000000000355 499.8000000000065
40.400000000000304 467.40000000000254
52.10000000000047 413.7000000000087
57.50000000000055 491.8000000000377
47.500000000000405 433.8000000000133
53.900000000000496 451.1000000000185
45.20000000000037 486.90000000002743
42.600000000000335 492.9000000000049
37.80000000000027 483.49999999998954
36.70000000000025 416.70000000000846
50.00000000000044 463.60000000003004
54.600000000000506 521.5000000000318
55.200000000000514 477.70000000003114
39.800000000000296 485.40000000002385
44.30000000000036 407.5000000000188
37.90000000000027 426.3000000000018
