39.70285775012351 323.8370934728228
29.075283955751182 339.7508183572747
41.55324769668701 383.90663956525447
37.24350097361099 340.41628889740946
46.30139545371639 391.5927517642113
34.62874015396759 359.773991648561
42.265019934253445 446.620161243301
38.05536799767364 366.4230938647676
43.37449851032606 373.1902205311596
44.73861345756965 397.0539539236888
40.12277351057144 370.1584438757654
37.06455313054847 391.7207544997848
35.32389450104232 354.2782209099633
38.735966580549096 354.2756817414067
37.91780846395609 351.966090750487
33.58302304249738 342.6813151025942
37.15871111791185 391.44620407520694
39.70694678237044 420.3122135545816
28.882928435315392 367.80785486011234
43.53623537255322 391.8244106389385
40.69730815388175 380.4905328673536
42.748700188194505 328.09970051460067
32.266325965265644 363.33526525200443
44.524088817869206 418.9489329033066
40.95620405491075 383.1993034983462
35.4260612327954 403.0046430948352
46.36264717578399 387.7938707414579
39.471763138744734 394.4002441179248
43.98687732558652 385.49550159991276
36.72785860169534 387.8292410909421
37.3462414423896 397.5999861907644
36.79558634926427 359.2660039960276
42.80335892022799 355.2402367038493
40.351237484572835 357.16198171880416
38.75392268394972 333.98805933627824
44.52783466853199 407.8539110863311
34.668802070519234 367.5274704478071
36.8817206391506 299.61221014377224
40.32256183361858 325.317300487267
44.262280731733014 372.6527791731386
37.45744594466841 383.39249059366887
45.14580985894618 391.18157583663174
28.811168198846858 309.64947024971633
37.73193728123361 391.41589163387357
38.174898402121265 362.8398132338875
45.13048350091591 349.9739943751322
38.10692696619102 379.22262089747136
41.181827137179496 362.3141425032955
42.63793576487787 370.1927671951126
41.121871324052854 399.06636583491024
34.08016235250111 345.691925920857
38.637197944000675 344.77604136031346
41.61340137826993 387.01674296810194
35.794122725488045 381.5767490573774
43.22380587035212 359.2536179987625
34.349013881586814 374.0261771314705
35.050627340274474 390.68503386525134
28.8553952266404 356.2446560840396
41.12337141775764 395.1634223393821
40.881976976664085 402.8893496427502
36.40410504255556 420.1658738068014
37.138832518694336 354.6407257595149
39.144136103859864 398.61431214199035
35.65584258929246 391.37661052708756
40.50748246539252 383.82513913262926
38.92855750084249 370.19129439788895
53.41816475210908 362.4095815469513
37.273719327851175 360.8232924626974
42.31738108348997 385.9173613100045
50.856479819846854 340.5720047390045
35.718807432450845 382.8544070532335
37.10958700032386 386.2169815678188
44.54356771355245 383.2959626071955
39.969468961884765 379.6905244438476
35.05641129114532 375.1259858022677
35.52565018358494 368.3322083785138
44.53148899677337 385.5351665285916
40.716695058427796 389.9845317769791
42.83302855050195 411.72493380681686
41.86268844239867 371.7349185086743
29.82787720392815 327.75338238654956
39.747692370686984 346.8202916701419
44.7812235206966 340.5514630553371
37.110579294580425 374.7038135827286
40.713688125217274 397.27430821841733
33.30413168630794 356.6202757357869
40.95253800954791 361.2139607601769
36.07203125610021 389.48145869708253
45.5521016811404 422.1344498541568
38.912434173335285 373.5347008937296
41.292395876420834 399.8838521098284
48.184631259268656 344.76432073132906
39.0831174141138 395.9994790770602
36.932804893818265 364.0620588941962
44.99420143142215 403.0704424564156
39.31668838357193 322.5175449764527
38.651082234740954 388.8200144257711
43.58134299162241 335.64707065714384
41.62550031710431 410.26433843420506
30.867931821704826 344.5907350783656
