78.48412304721525 291.33049951327024
84.07087717057587 301.3076923909688
101.96740248942976 342.67991221255625
92.93474973655033 300.7230395228347
90.4234032834322 347.3271399190935
89.74416895221728 323.4018997074256
99.89105510302956 400.7232006716265
88.2304348190494 320.98251639552586
83.62036337810684 337.0482507962161
93.84395878185111 347.4884711431423
93.20291010303612 328.9441750494194
93.13846274716762 342.50039403960204
81.15325039521436 325.562106255797
91.74690027157929 317.734791609937
77.67124790847379 295.541954468663
91.95324476038704 305.3104188768812
89.39567011784587 332.6447236193976
97.30593354087623 357.85915668323497
76.91715506998251 324.7467796371197
106.9117427516734 346.01499066956734
98.01923691799827 347.4083968447069
87.06704821316968 287.08528817490526
78.58327365311224 313.0476039202064
106.04126574149743 355.88600631017596
100.59955821925442 342.8220665477251
89.70097043972675 360.64489110349547
115.54735891468327 360.3254139410709
99.08623451891205 352.8635949389511
94.33583968360324 341.3382445980541
96.84256931724778 353.1819174234561
87.46542280534722 338.76662835406336
98.45830694304385 322.08957931186796
99.67520207703254 306.3785426910654
96.73520130195004 318.84259618876445
89.20622325905735 272.24250297366365
104.91065021991675 361.4479866114259
86.62072563438556 317.3828792328108
93.07927692661387 270.67271002451923
90.31744265196609 288.7997910744225
101.42999605731407 331.1638726813043
92.03729767481128 336.3511557313045
97.89012095667621 352.98981434208997
76.04449217696096 281.1562359499188
96.52459637160244 355.6065364309485
97.31955704470276 317.48163175664695
84.33282634897948 305.1195374062499
101.82068018865625 340.0873801138126
98.18869068627149 327.57676568445487
96.52636604919763 319.36053089696844
109.13958094933116 351.6452970670259
85.70336491087599 306.73780264521594
90.388979761182 307.7182647226203
99.77636000797511 358.7511615614408
95.39642289561968 350.69725572861256
106.21043404650459 318.3572244488008
93.13696055908292 343.24887981993015
88.46733200570571 358.91276865848823
66.43487894707361 319.37966730602545
101.75449296037421 341.4026702225997
100.05121424381606 353.2683250575053
93.89671161661863 369.45354681771056
93.6982510905381 323.1912187531567
99.57149187247538 357.2015786380555
85.09154121007298 345.4895646584054
101.32075334673583 336.2418049021848
90.98686307067439 318.456795259325
108.69213520077585 317.7055825996083
87.30689353709869 325.20845853934645
92.9192168604563 334.6602591408596
82.9312939326762 304.29584695091677
93.54090490521861 336.433128136725
93.33769853663316 364.5386978025786
101.0645580600366 341.8019098446015
99.1437317070121 325.6618629999338
88.24449009008877 340.3171578718763
94.72366429450867 331.49838644298455
90.41394294601947 330.1180587904005
100.95711550490904 347.64341238424265
106.72247871688134 380.1261338968643
108.12469042428802 336.18042295047934
73.97340223719463 283.89994612413653
93.51417078873045 301.1835712129554
82.93027050506156 306.77017526502095
97.81508977111523 340.2058093426891
98.8880198671735 343.2529828619941
77.32191550260877 311.896710960081
94.38552173619149 325.12886476134634
89.60071981769133 338.06155743017007
115.08926080369983 382.3767006667768
99.21465253435846 323.7761240096287
106.66806791436107 350.4794732045774
98.40406805616001 305.4752763169715
94.02204950162705 337.70398960273343
92.12609568832576 331.7359305360208
103.42631212777654 348.4111409544748
87.85466479493809 276.60466403306424
100.10492331611178 343.26159971362733
91.26804583373602 293.91125125504027
97.47391345960274 352.66723913768874
92.05000893856518 317.06896126024503
