81.50006393378713 301.1541296793938
81.64198773452891 296.053870771011
104.97212513081021 346.8069839337056
95.67212629380177 290.4420277162675
92.27428480642051 364.55285874551447
89.69815516965078 315.1274081554801
101.66229719822186 407.9429205483583
91.9334348101299 332.15514132570604
83.67532046991377 338.3756418312035
95.25856394106604 376.233162712625
94.52346777833297 325.0009285014978
89.99574743600829 349.95140992702966
79.08760354979113 312.47936299822624
99.39180645704104 325.4525831290979
83.5585928663258 315.7089848670757
85.78456455824217 292.08640676673167
90.59682007424443 351.9376409752604
97.79229397079767 373.3601754817148
75.42769444561102 325.6497791440739
102.19236104735256 334.09133316067846
95.09593739631285 340.2518234999063
89.05890986626478 289.54664376423534
80.08999614601262 304.1910151233865
108.53493437548865 356.0175174114362
100.8565735780821 329.5686812078056
87.59445709979758 379.66811129115746
112.92848294545365 349.7473041065485
102.07894966715133 371.3866593169316
90.78578391139335 340.68446737835586
94.87673349416434 338.80995944174157
88.35630614743357 352.69734108153324
95.20375096697249 323.63241532950855
102.42711405225307 323.16423515572336
97.2735770220371 314.41041345639826
93.72994090127726 286.22016163830614
101.69731828668203 354.82342147416944
85.77101885434355 327.4053134252768
90.22658121971348 277.0614143997274
91.98326724947798 306.82101239156435
100.20855077661709 331.29989004352467
91.48021433236917 336.0358943008422
95.48505508723568 359.3239243636884
72.86395408286727 266.46350580866016
95.68265555922156 359.02959055639195
99.09791389083962 326.57502891385826
91.57739617475303 313.0077916440155
96.41271113218065 335.0768372683664
97.20506085676956 331.7649348469274
99.44912163693473 324.5188649586665
104.53260299517505 343.45121226924056
86.21094473417443 305.59795850339333
95.30920512482184 311.1663318823963
104.77642720860175 350.968276430828
90.48914641389665 344.46857285376575
104.91547031457459 332.69760809044004
89.48511921417983 335.51024413459913
90.5674911644383 361.7448164212369
69.24318504260532 320.17448014800726
97.74765141537722 352.6751195517005
99.4825326748507 349.69256894928117
93.3679950958951 376.4105695875152
97.48423468045041 327.14639623557724
99.61530777719112 364.4750560178558
84.24410388045413 357.4190093491504
104.08713638006685 348.14228411850456
96.07321096644647 316.03876445800665
104.21808266433958 320.8833579204601
85.24682466674477 331.5600079759113
92.3065055690654 346.7910580058887
88.76617176748884 303.91415823972085
91.41809234702369 329.0864291373732
94.29419947071102 343.2124665449085
106.63467556061026 327.68873062950036
97.57525075378415 327.2184098183055
90.1841323508421 340.3003523067337
90.43273932064336 339.90459647000347
87.16425737019297 337.9065578983788
101.39655834165825 342.50822656352847
103.19059131680551 357.4261502772934
101.84706908318411 314.8013171724389
76.02765611740693 294.673660361611
95.4104777119696 313.95808490915937
80.55491865423035 305.06128985713457
97.80217859784722 360.8479089703469
102.52761784528562 350.09713752332993
78.0686104974562 307.1087941801045
92.96897042545719 325.6712205714801
89.96878624421842 339.949871856276
111.45662375203943 377.4500658084022
101.50092785041565 338.09902983498444
101.02767517779162 347.5099626313031
99.91205545216296 307.82620703443416
96.43173201875848 345.9843915168221
86.75538569555138 341.86111431929754
104.373804403806 349.15001691718567
89.30037907790958 278.1663868767948
102.18168907108337 346.55687960087795
85.89727304436137 299.4540104372612
103.14146375078259 371.729479746055
84.92555566850018 312.00512853485185
