61.12268708813639 293.6051377662507
61.43245495048788 295.9393575993294
79.07069530758567 349.86653455597
73.35996995974415 298.61464466704376
77.36913138107646 363.3083235107837
74.48694603130986 337.89942990347356
77.77697426049254 416.96033814465125
73.07557027628455 333.12583023301016
67.76163068926482 337.4313282191566
72.00054944453059 363.6108721973159
76.55811358450467 332.7633579431681
71.26262553013625 355.2631541658947
60.4284771095328 321.03810156260755
79.30028971523214 325.1727758384045
61.869833607764015 309.7777510601748
69.69522757137062 308.6521162610372
71.30828525815691 349.86384938100974
76.06730556030256 373.8566026887384
58.1280844387662 328.50211982676376
79.74435696437583 344.82634991449333
76.23835130596053 336.9009350443073
73.61805342589241 305.0531715264555
62.31921655701271 327.40135728953015
78.63555100479455 351.3278904092826
80.49947467535172 351.7667653580111
66.91070318205459 372.73904970985745
94.05027312445003 361.7307826089403
83.32226137781284 375.0287072708836
72.49171537876926 353.38057797324797
70.74304727541669 339.70530145308567
73.95769445211121 367.99399601316304
78.70786042551995 330.71137494575106
82.38184530458938 330.9323698872944
74.77806071460276 325.65717141807903
69.32059743961142 289.111744741032
81.25916023943866 374.6787786574315
66.23885476847968 334.31352331784956
71.89708147174373 277.3552081153208
73.66316340975732 298.30063879084184
81.51026436491087 337.1122390574466
69.74327342565081 350.74378341117614
72.29507834704147 357.3881516125435
55.3549627143316 267.1290177659903
77.41572753454066 360.5747200155993
75.76483360476008 331.14230215840325
69.68746204161971 326.9515450932008
79.90318030761621 349.203539054866
76.32811736416372 329.0974553466459
77.08745930324055 342.66180756579627
82.52217105229956 353.5448056257378
66.57375906312804 316.6124588456254
76.66415556951743 324.13313391855525
80.14448772163105 357.56028225669445
72.1477020003632 356.30206854290736
79.42774129956538 317.4593256880739
73.49127642464704 354.3441797772497
71.1073708307216 370.0332532094361
54.23629487371942 328.63454314015524
77.90183612368246 361.059975617665
77.34004301489712 347.9146251674749
73.96860163089124 382.4590998341132
72.34817989073879 330.95486269094977
81.64587518066074 360.0425110115623
69.79620268800537 363.31322069367087
79.63064317388053 349.70149512435034
73.14984279867659 328.76821922285677
85.58742127462729 334.94968168366245
65.68371850304347 326.6671985471843
71.43137996621103 333.09847150004543
68.29870846422658 290.6727973581586
67.58670591850638 339.3770097589786
74.19258386051173 368.8346345832473
82.72092707402885 338.0316310640396
79.10855472048178 345.7371422820557
72.43859151040212 350.75266752873875
70.21637208146154 332.975926564469
72.28971137808672 342.89786664908877
75.04958039955369 344.21448973340654
81.90772749891568 374.8421049414717
79.27528572914915 335.7677053695926
61.84034356932011 296.10528229877997
70.81516549673985 300.33847867016084
63.40077966326539 315.7784900915282
77.56060126394449 369.6188972219435
79.68493825121021 347.3617852067483
60.92978795981517 323.26977136358005
71.64102831232613 321.1980415080404
66.89760188215605 346.5344835728184
89.22158227962338 376.0093734775294
78.38988161612136 342.5691132343457
81.73985814286834 361.73067534781546
77.42110154745436 303.33441595304333
75.10891287416696 354.5564939314518
72.1947017266051 329.89753364786066
83.23484561537661 361.11009321825856
69.34613522534455 283.23769363440033
79.3697020127473 361.1751408084666
64.289534094686 302.2414237667492
79.3526890512704 353.9218441656671
68.51741936037415 317.09789002302944
