62.867600700525394
64.13765323992995
81.28336252189142
74.29807355516637
71.12294220665498
69.85288966725044
78.74325744308231
71.75796847635726
65.40770577933449
73.6630472854641
73.02802101576182
70.4879159369527
61.59754816112084
76.20315236427321
64.77267950963223
66.67775831873905
69.21786339754816
76.20315236427321
58.422416812609455
80.01330998248687
73.6630472854641
69.85288966725044
61.59754816112084
81.9183887915937
78.74325744308231
67.94781085814361
88.26865148861646
78.10823117338003
70.4879159369527
73.6630472854641
68.58283712784588
73.6630472854641
79.37828371278458
75.56812609457094
69.85288966725044
78.74325744308231
66.04273204903677
70.4879159369527
71.75796847635726
77.47320490367775
71.12294220665498
74.29807355516637
56.51733800350262
74.29807355516637
76.83817863397547
70.4879159369527
74.93309982486865
75.56812609457094
77.47320490367775
81.28336252189142
66.67775831873905
74.29807355516637
80.64833625218914
70.4879159369527
81.28336252189142
69.21786339754816
69.85288966725044
53.342206654991244
75.56812609457094
76.83817863397547
72.39299474605954
74.29807355516637
77.47320490367775
65.40770577933449
80.64833625218914
74.93309982486865
81.28336252189142
66.04273204903677
71.75796847635726
69.21786339754816
71.12294220665498
73.6630472854641
81.9183887915937
76.20315236427321
70.4879159369527
70.4879159369527
67.94781085814361
78.74325744308231
80.01330998248687
78.74325744308231
59.057443082311735
73.02802101576182
62.23257443082312
74.93309982486865
79.37828371278458
60.32749562171629
72.39299474605954
69.21786339754816
86.99859894921191
78.74325744308231
78.74325744308231
78.10823117338003
75.56812609457094
67.31278458844133
81.28336252189142
69.21786339754816
77.47320490367775
66.67775831873905
79.37828371278458
65.40770577933449
