63.53641979662095 323.88588217662
65.14988957260938 330.72949188509267
82.12678228384001 361.9557670634908
74.75956145605123 314.6515730600323
71.91744577442537 393.03515714532
70.28086327205965 323.2142623009035
79.18195986187145 421.8311814591757
72.6156941743861 350.25367173949394
66.61438001399591 368.1801437117301
73.89788059279397 390.3021004731274
73.39295017128092 335.0952269357574
73.56297291764844 357.6032077469553
62.95537484083526 319.40447588645617
76.71859376544224 330.5932705878069
67.02253185462594 340.45652162303185
66.89129305870938 310.4456310130363
70.64343024871418 353.3771714644269
76.61638149424641 387.15673698794285
59.26064778420468 336.3598296565407
80.95435130405485 348.09828402635566
75.24174654151493 355.21061053900723
70.34066196840378 303.11993568912607
62.907563215817454 329.26964023551386
81.92610645808654 366.7826022625968
79.78779492845564 391.5877052314197
69.52719470473029 403.1790062118267
88.04241568107534 360.90881558836355
80.81734192744831 372.77418303949173
72.52623769408217 345.323231949435
74.598566098129 375.2882574028313
69.75323554336863 390.33512834895896
73.76098203317947 322.40523608522415
79.76713286163223 311.40907380988324
75.82061073388012 322.408052483257
69.9852206717365 298.0470819151957
79.2779109129883 377.08783849260334
67.88970262284896 344.531050794559
72.5052265941253 309.2194799426149
71.84704606324769 305.03059545402067
77.26076177533136 329.89358882823996
71.31343958481003 371.42658857713434
78.18068429757308 370.4020959669382
56.47981593504307 284.15650068483234
75.78549036920133 360.5641982388711
77.28779401450385 344.4874986373019
70.94789772471857 336.6611742917255
76.05527736311231 347.14285590475885
76.44839405078939 352.9067467929382
79.70200586656308 334.91741528311127
81.39874119432324 383.4141741287435
67.33994555279763 325.20422204597156
77.61307929918263 323.91173157026014
84.03318543929863 387.74534196956597
72.04356309730527 349.1438238038379
80.83331002675892 346.832207144375
70.8058396996974 366.48548434318286
70.07554051247492 389.8367666430304
54.841755572232636 310.74171807132194
80.80991092116335 357.31517410128873
76.90487554402081 372.9181331895126
72.33658616426398 382.9149911949712
74.49717850033795 353.75319965346324
78.50657413469578 373.37745326331867
65.92261072154604 380.1250984340082
81.10379055071058 367.04928144430477
75.94003002089929 341.2945031966995
82.14877999327875 330.28805100146866
66.83675342509189 350.61431564407826
71.88871955956878 349.6456280100961
68.95211651144002 316.667025266877
70.92250666602352 361.9760065602488
74.15966445108788 397.918874634996
82.28109777142703 337.3177124992231
76.86619971843287 355.3549738196027
70.81789003408343 370.51205410838327
70.99346595329297 359.604585781804
69.58738743023096 340.09265634469836
78.61056539916062 339.86306506364883
80.83060492147304 398.828378099604
79.55572783692273 344.19259645558265
59.28084913689322 306.00599018651724
74.93207251830033 314.9098609414568
63.13466492675173 339.91048828195414
75.16958039916062 361.05320505236347
79.6138383808816 350.08340133494795
60.93680400216036 359.2017183092601
72.45362570259486 330.61144185317477
68.91143629721412 343.9942962657129
86.92150216593818 383.2013751287745
79.94822927381048 350.57152119699595
79.1937060756937 367.7959879812012
78.47227444432457 336.91078339128154
76.0631323085636 364.5452172866205
67.89202871551836 340.6589893507468
81.70431684435695 368.6401076380785
69.85662874284736 281.1484841022323
77.5047568571379 360.0146270796145
67.05613207464962 302.00440011244984
80.90822145412784 408.9036231400138
66.6088912149263 326.37181577004435
