45.20131258792002 323.9045282463299
46.19596518576734 324.81099665079824
58.757975330918725 378.22988115425903
53.68084698695105 332.4596077321044
51.374709945112805 392.0243559923449
50.97770024680843 366.20989524777593
56.380154236901426 417.71213172875076
51.87471924134277 387.8198149056314
48.377773778984405 385.40900998320825
52.88160340292642 404.21697798419837
52.55937093891444 341.9635711161837
50.60980140013236 381.94573254272575
44.09253582885856 356.98132189772025
55.05710345927666 351.2023233329983
46.37827734991178 339.9340711023297
48.01331037730045 325.9701700491324
50.06534031810995 377.743735271051
55.01612181819062 412.6935846389368
42.48425083277365 354.43988549602096
58.826109950418385 390.4964219406625
53.31336616149066 378.19908377393546
50.9449650638962 334.987672004675
44.94903909214742 356.20019156302544
60.66999458993992 397.5572869176861
56.99567221474022 392.666332617672
48.825982116530064 408.42286593179585
63.76662981601764 386.1395654958374
56.482697572443 391.49416882456643
52.532859649176636 376.26095146316896
53.07882647740993 389.7602776641219
49.35048914080352 378.54191440465087
54.05223132746121 364.33814258390817
56.90442232518947 326.7317161604197
53.94002818267961 337.7738277925579
50.53327070700481 305.0287468660871
56.757143945006774 400.5950939428001
47.79922306108931 348.5174867591572
50.79182428106821 290.6814278890865
51.71503034875081 335.018178558244
56.16997276289086 359.8714791169883
51.74425377609461 375.8877967765281
54.274579476560234 396.36321065391246
40.91071405958918 306.2221444577295
56.895198424551786 394.039543785013
57.22020791068159 394.04955656663907
50.831707085719245 357.55000019129767
56.01528788322733 385.62552688467093
54.73670394160504 364.8800226198792
55.82822426588884 360.0317683401871
58.683718114972265 403.46875736701884
49.51626533837808 344.0506845349714
54.20355916465477 344.8911858450117
59.14631514694539 390.6408128069147
50.62569732533138 379.34890102182766
58.620022030851054 369.6408379772745
49.77008092234315 377.56618693470557
50.249218198790665 394.6264464411304
40.97033207048682 335.67341661387024
54.24486295005881 367.9245380928543
55.39951144054352 383.9480761494132
52.06474736359107 397.21935271217905
53.741269092229956 362.130282429585
56.201958948262984 404.2671886682945
47.232307389016064 410.9889724736888
59.631973065285635 379.00457371948505
54.05143457411762 342.0958662540055
58.585632161752415 349.0498551375959
47.22230701428768 350.6848763904482
51.273434461841894 366.5968506912935
49.56432886044919 327.3046383966684
50.41475501783579 379.2737776569086
53.70620799778531 395.0966578553594
59.21079987612302 368.72539849785653
54.530878546694716 381.4274534053157
50.81246420141429 380.06727478409675
50.833578225004516 383.07280074609616
48.932794683274714 368.2264818600738
57.21331474240055 385.8582224436655
58.048838497368216 409.24378859796246
56.67073980253806 370.27381028255326
42.45991112917587 319.17363300415417
53.13491270332796 346.73954200022223
44.688136930088675 350.33082660637524
53.197450996500024 375.5982943182291
56.99133520880394 394.42071841254915
44.33046045949231 346.48372643978166
52.09357989769938 359.6684355084051
50.400521772193905 388.9860145035749
63.0949588567031 409.64331103536745
56.79105353354045 379.9962791518455
56.364454233122636 383.9373715646756
56.324608874048025 330.8991604068367
54.96167686201283 391.88971309074185
49.74958043288425 373.6284527246096
58.405395035862234 392.01180986737336
50.583675875196626 307.6831949606658
55.985406536647496 364.78510576268707
48.37379876341508 341.12316163387186
57.99881488886473 425.1105680933346
47.43524037474388 347.1007674332512
