56.469732557724114 304.4142634269482
73.53000500810447 315.1773164154891
90.15586232348008 370.1174942231593
79.71185369133748 313.5060931284988
67.53448308880138 362.18389445214046
77.75678216685583 341.4919814084719
75.0569587243582 412.4357088499132
74.84305453542244 337.71675519534926
60.82402732570308 335.73709967192724
78.75436491458058 370.2269804321817
76.23678780220308 325.6873488666159
76.56511974418564 370.08739740318913
67.03750959188609 330.8755278709231
81.27774952410546 343.80035302845636
75.11542842123075 325.8411725009329
65.90007905325658 308.3923185724439
81.94695594138537 364.0202200546141
81.58707765346277 374.73702448701226
63.072889157935954 332.3778289382521
82.56900535116188 359.962595005468
71.72327876654755 353.57292720640316
75.76516551820951 303.67374410567777
64.90099966544138 323.3240542920851
86.6576704390648 382.39278713466354
77.4669166893043 376.66672875860854
77.23197743432469 381.1316221504398
84.55728448367489 373.62808436778863
79.60316452837904 370.40692159609966
73.99531802575012 348.42025734400295
78.08799951934427 357.8451759287641
75.0740578555282 361.9097033754212
74.90801825313922 321.03304380272635
81.18344544907362 337.52116425669783
80.8825772131656 322.57938323929636
62.18482639783124 279.7664491343456
84.30166818122224 376.6334630065465
70.35780957895847 338.20706795498586
72.94045932233212 272.55089399732543
68.18852666233973 309.7104268763533
85.62265597685375 351.9994244667763
61.80577744491746 340.6438529038971
79.67037298737314 363.595769289954
62.008352459079056 287.1111016808076
75.73806975212976 357.35600193240185
84.50052266759536 358.70685671966595
66.33638132167215 321.0584495096727
78.09455394666944 351.70638307886094
71.7979061991525 342.09205140791573
72.30290683539009 342.3172011059482
74.53667705428924 376.0427817315324
72.04868696430975 314.7677871184129
67.55104369876652 332.4663128805979
75.37251619051266 378.8451123466421
76.46576180418127 347.3254932528255
95.72339151059548 357.22932683268925
80.05001532480092 355.8637423183063
76.80390551642478 380.57979794794204
48.07895991418988 318.55752822277896
83.20350308680737 353.8168188730696
85.41595771197889 379.5798911052014
85.56206497348822 378.9347965212695
75.66543100715242 320.0786238991584
86.68327762730014 363.45719789345475
63.79958990593985 375.40316825502384
74.20749053500288 362.92077463919384
73.25212421441867 340.6577446095422
76.39015377974344 333.9368571213804
63.352784467067146 344.2321756480754
67.36151639680033 341.133578454693
66.42520143992672 315.7710518831514
65.12537326308386 342.8246171902895
77.8432049632304 378.2108530453453
86.48361041027455 342.4911520860858
86.18123579039744 343.01891068542966
75.03443982609164 346.342775492966
62.61487587547542 324.314152133115
74.80057445473828 345.6494096732892
80.01653004881183 359.4220404080195
82.29011588992948 389.3057950172703
71.81234293710955 347.0277609079167
61.61127988127344 297.0457244483025
68.27946255564693 313.24316448139115
59.41837675182388 319.6819079863089
71.82491284485285 364.3755559899215
84.86850507276519 368.28462293267955
55.31632974336998 318.43550465170756
67.24750464793723 335.4321819627129
76.22401616927644 347.6379055067219
92.90315663837177 395.1791091216547
74.98161355903827 351.54212476791577
78.83874529908088 357.4848714109538
74.22817560377091 326.1576673218464
83.18282392993575 363.28186225098614
75.01247088784052 342.3840133292417
75.53006319516115 363.23747466586644
70.64360899409692 276.1032967061218
79.93105454711126 359.3186764625001
64.15878754336268 311.38368783137156
84.26439443949752 379.7392458811384
62.35824914589993 332.00289233080696
