38.400000000000276 390.60000000000537
46.20000000000039 384.3000000000011
43.80000000000035 464.30000000001104
34.30000000000022 397.00000000000415
73.00000000000013 412.0000000000051
69.50000000000033 376.400000000001
81.99999999999962 453.6000000000007
71.40000000000022 383.7000000000047
42.90000000000034 443.7000000000152
63.10000000000063 439.5000000000035
37.90000000000027 412.1000000000115
44.40000000000036 440.5000000000098
58.800000000000566 370.8000000000069
35.80000000000024 411.2000000000059
50.20000000000044 376.40000000000407
57.80000000000055 372.9000000000048
63.000000000000625 412.70000000000624
62.40000000000062 455.9000000000055
55.900000000000524 389.900000000006
43.50000000000035 418.3000000000099
42.70000000000034 432.1000000000096
35.600000000000236 379.5000000000073
58.90000000000057 385.4000000000071
39.50000000000029 481.10000000001185
47.600000000000406 469.6000000000127
73.00000000000013 424.80000000000194
31.70000000000018 465.00000000000705
83.59999999999953 419.60000000000485
42.70000000000034 435.0000000000098
44.000000000000355 436.70000000001005
44.80000000000037 418.6000000000134
42.10000000000033 394.6000000000086
39.100000000000286 396.90000000000725
43.10000000000034 409.7000000000072
29.000000000000142 369.0000000000049
90.9999999999991 443.50000000001427
40.90000000000031 415.8000000000082
28.80000000000014 345.7000000000019
36.60000000000025 393.4000000000072
42.600000000000335 402.8000000000072
44.20000000000036 437.10000000000895
34.100000000000215 462.00000000001404
59.60000000000058 335.5000000000007
89.99999999999916 446.0000000000217
82.3999999999996 397.6000000000018
40.3000000000003 411.70000000001085
33.70000000000021 444.40000000000964
41.60000000000032 426.6000000000091
39.700000000000294 432.5000000000074
48.900000000000425 432.20000000001085
32.100000000000186 380.1000000000034
80.39999999999971 356.1999999999978
42.40000000000033 445.7000000000093
56.40000000000053 432.7000000000124
44.30000000000036 408.0000000000106
57.70000000000055 422.0000000000082
75.79999999999997 439.8000000000115
41.800000000000324 402.90000000000214
63.600000000000634 402.7000000000029
89.2999999999992 430.30000000001814
59.20000000000057 446.39999999999964
38.400000000000276 425.9000000000101
58.40000000000056 441.90000000001595
74.80000000000003 436.90000000001106
46.50000000000039 450.20000000001187
38.300000000000274 426.10000000000696
41.30000000000032 431.3000000000064
76.69999999999992 390.8000000000098
43.60000000000035 424.8000000000088
32.9000000000002 393.1000000000058
45.90000000000038 445.80000000001127
44.50000000000036 475.7000000000113
73.90000000000008 402.50000000000085
48.60000000000042 411.20000000001227
41.60000000000032 426.20000000001227
76.79999999999991 404.80000000001036
43.900000000000354 424.60000000001025
64.90000000000059 428.4000000000077
44.700000000000365 460.20000000001363
69.10000000000035 420.3000000000008
37.10000000000026 362.5000000000065
42.90000000000034 394.70000000000806
40.90000000000031 390.20000000001
42.70000000000034 448.3000000000103
60.30000000000059 433.80000000001417
42.10000000000033 386.10000000000935
32.60000000000019 422.40000000000714
62.80000000000062 418.5000000000073
74.40000000000005 456.80000000001576
44.30000000000036 427.90000000001044
67.60000000000043 426.1000000000033
40.2000000000003 410.5000000000068
65.00000000000058 427.00000000001046
40.90000000000031 407.9000000000074
82.09999999999961 420.00000000000165
39.60000000000029 355.0000000000051
31.100000000000172 463.50000000000955
58.50000000000056 360.0000000000015
69.30000000000034 446.20000000000414
42.70000000000034 420.5000000000109
