42.19889849858093 329.0170102318175
87.33459954246551 326.67803024898103
57.847479517201776 390.35209425455713
58.70365990236857 342.99948106141795
71.19153061240662 385.2905136507466
82.71492029656736 344.56374291547905
80.95278837383756 427.95821974388167
74.45040166802562 342.71921884008856
71.74729792574007 361.70395311732483
107.80675046598974 402.4799156154042
78.14111581012483 349.1377288034567
83.8770961527156 375.86784853835127
61.75173807890998 355.4501548965426
78.62889595207555 353.31942361134975
57.572843265661525 339.8994905132984
69.23675233721701 321.51829257512026
71.66124197462162 373.45748762663294
67.88101921830093 402.9398208522643
68.75818821114544 367.5518876824804
62.36363388735323 383.505892858996
85.0731938220908 374.8436838229759
79.1391851541455 313.78007507437394
46.685697289825974 351.17346794640315
63.191438814588466 404.6751809272465
71.78719738873609 381.9897977320624
66.87454909621525 386.0823818362022
77.72780455262014 406.8380859549076
68.18864154516339 397.79045141767057
63.03230183857235 364.5221081808001
77.66479283860275 378.91506977182837
78.86849395801936 390.65642852057886
102.00604433401246 339.0704999994172
74.99869878046567 356.58349815084955
60.72473989094132 359.37129699770287
80.7381191797703 299.5028197845761
77.70205680199534 388.23435073917057
93.62909298040529 328.30683567077284
58.52446384523498 295.7663477279692
72.49454269774874 334.45390712881994
82.66570570259366 355.5301334542022
81.54333956176065 370.46977849255416
80.87025535137944 396.5525354393314
68.01145467785983 311.18209460831287
80.58574419401266 372.7139474797292
69.45002596475771 368.77963908895754
89.11019280984378 362.4092142660212
81.89881919384989 362.4346531429908
100.27811201779876 344.6960191117238
68.73789112988753 363.1689786783809
93.64079479828744 374.9406325238469
61.19510099297373 335.14685921451166
64.88638736451027 338.1213002637622
98.03742325410437 373.77298135718377
81.24108211979461 384.83462933508196
76.1599602664391 366.2075837583539
88.12660759435627 368.8419176530619
81.8729547265333 387.41005928538897
66.6216247287595 354.87588968770524
83.54685035867493 375.30476425099494
99.94369474588119 383.9820379637451
80.10995208634357 397.1022319256961
51.158523516659315 360.46726007261793
81.51581010321378 376.3558467467581
75.60239835376895 370.95430456616486
86.28735099024969 370.0960594494442
83.63841584425718 343.2014362327172
60.61555444870739 355.42134591934297
65.5028243362754 369.4560830280135
54.83184728133637 390.5805233166153
60.48492781740707 346.8681395155127
91.92537358359128 365.3288389383859
95.6794863003557 379.08864030373235
78.15821422554744 361.462023302699
77.36923994078862 361.54184752306406
77.99043208269177 360.3069639378928
66.58501761826706 371.52301410229137
78.25797503980928 365.5088704232113
67.7059889317231 393.0487020367458
109.39655723709497 385.3578187591557
112.32017844783581 353.84016169215283
58.0128975181901 315.51558930241873
74.34749586507266 334.28026747166507
58.265171422864725 347.95270818754096
81.93054606924935 379.4247688498863
89.02938706527783 394.30720094767304
69.39835688525473 366.2566684817944
87.81656156024151 342.0320075756052
77.96445556505009 372.81138808003703
103.75807772046657 392.40899004282085
76.24275072152639 362.06661782051026
93.92615587139048 381.38629961020763
87.85010505544241 328.83216368631383
73.53098575908476 382.6852276036136
75.06833969276656 352.9425632537741
85.84099778413075 380.121273378974
66.39586165630068 310.1045074700768
106.59414687893542 374.45602468845567
73.20951580931798 323.3334669937359
64.88494133524377 406.5590535073129
59.848420140600055 354.43610925480255
