57.80000000000055 384.90000000000794
52.90000000000048 368.20000000000454
44.90000000000037 465.7000000000112
32.50000000000019 396.1000000000043
75.79999999999997 410.1000000000037
102.69999999999844 387.0000000000266
85.99999999999939 467.30000000000524
70.0000000000003 389.70000000000516
45.400000000000375 451.80000000001513
68.3000000000004 437.9000000000169
32.700000000000195 435.7000000000111
43.00000000000034 421.5000000000093
77.59999999999987 384.500000000023
34.60000000000022 418.2000000000062
78.19999999999983 367.90000000001976
55.40000000000052 377.70000000000647
90.89999999999911 412.0000000000259
95.59999999999884 444.30000000002724
70.80000000000025 385.4000000000193
45.20000000000037 426.1000000000101
44.40000000000036 421.5000000000089
36.60000000000025 379.20000000000715
72.80000000000014 365.5000000000209
39.9000000000003 472.90000000001163
36.60000000000025 447.7000000000124
78.19999999999983 435.1000000000114
40.2000000000003 471.3000000000088
77.29999999999988 398.2000000000035
43.50000000000035 435.80000000001
46.000000000000384 453.3000000000105
48.00000000000041 419.90000000001265
41.00000000000031 404.6000000000088
37.90000000000027 394.5000000000064
35.90000000000024 400.20000000000726
27.900000000000126 375.800000000005
94.99999999999888 426.6000000000285
41.70000000000032 432.10000000000815
30.500000000000163 348.6000000000017
38.80000000000028 394.9000000000071
41.800000000000324 400.30000000000695
42.600000000000335 449.60000000001264
39.60000000000029 450.20000000001295
51.60000000000046 331.30000000000075
91.79999999999906 433.80000000002684
82.99999999999956 389.6000000000031
40.60000000000031 413.10000000001224
32.100000000000186 437.3000000000091
31.500000000000178 440.70000000001016
40.0000000000003 434.00000000000716
42.600000000000335 430.10000000001054
32.60000000000019 401.7000000000035
84.0999999999995 358.29999999999706
45.00000000000037 465.30000000001075
54.600000000000506 418.50000000001137
43.40000000000035 401.4000000000105
89.09999999999921 404.7000000000272
75.49999999999999 427.6000000000239
47.3000000000004 397.8000000000128
97.09999999999876 413.5000000000262
96.59999999999879 419.5000000000246
71.10000000000024 463.1000000000174
41.50000000000032 414.30000000000865
65.90000000000053 444.30000000001615
74.60000000000004 419.0000000000237
45.20000000000037 451.5000000000112
36.80000000000025 414.5000000000061
39.000000000000284 412.90000000000623
80.29999999999971 388.3000000000207
40.400000000000304 442.70000000001045
35.00000000000023 411.0000000000061
43.50000000000035 436.2000000000111
45.90000000000038 455.10000000001156
108.49999999999811 398.10000000002515
45.90000000000038 409.10000000001247
43.10000000000034 427.10000000001287
76.29999999999994 396.7000000000234
39.9000000000003 399.80000000000916
75.00000000000001 441.10000000001486
45.60000000000038 468.40000000001345
73.4000000000001 389.2000000000062
37.600000000000264 379.700000000008
41.800000000000324 395.4000000000064
38.50000000000028 406.0000000000116
38.70000000000028 439.10000000000974
62.70000000000062 429.8000000000133
39.30000000000029 400.2000000000087
28.600000000000136 453.7000000000064
92.29999999999903 402.50000000002717
75.10000000000001 489.100000000016
43.80000000000035 407.60000000000935
94.19999999999892 402.30000000002394
44.20000000000036 403.2000000000076
65.70000000000054 431.2000000000119
41.70000000000032 428.60000000000974
83.49999999999953 428.4000000000031
40.60000000000031 346.00000000000176
39.9000000000003 462.2000000000112
59.10000000000057 357.5000000000013
79.29999999999977 458.8000000000198
41.30000000000032 401.9000000000102
