44.801401050788094
45.70647985989493
57.925043782837136
52.94711033274956
50.684413309982496
49.779334500875656
56.114886164623464
51.13695271453591
46.61155866900175
52.49457092819615
52.042031523642734
50.231873905429076
43.89632224168126
54.30472854640981
46.15901926444834
47.516637478108585
49.32679509632224
54.30472854640981
41.63362521891419
57.0199649737303
52.49457092819615
49.779334500875656
43.89632224168126
58.37758318739054
56.114886164623464
48.42171628721542
62.9029772329247
55.66234676007005
50.231873905429076
52.49457092819615
48.87425569176882
52.49457092819615
56.56742556917688
53.8521891418564
49.779334500875656
56.114886164623464
47.064098073555165
50.231873905429076
51.13695271453591
55.209807355516645
50.684413309982496
52.94711033274956
40.27600700525394
52.94711033274956
54.75726795096323
50.231873905429076
53.39964973730298
53.8521891418564
55.209807355516645
57.925043782837136
47.516637478108585
52.94711033274956
57.472504378283716
50.231873905429076
57.925043782837136
49.32679509632224
49.779334500875656
38.01330998248687
53.8521891418564
54.75726795096323
51.58949211908932
52.94711033274956
55.209807355516645
46.61155866900175
57.472504378283716
53.39964973730298
57.925043782837136
47.064098073555165
51.13695271453591
49.32679509632224
50.684413309982496
52.49457092819615
58.37758318739054
54.30472854640981
50.231873905429076
50.231873905429076
48.42171628721542
56.114886164623464
57.0199649737303
56.114886164623464
42.08616462346761
52.042031523642734
44.34886164623468
53.39964973730298
56.56742556917688
42.99124343257443
51.58949211908932
49.32679509632224
61.99789842381787
56.114886164623464
56.114886164623464
55.66234676007005
53.8521891418564
47.969176882662
57.925043782837136
49.32679509632224
55.209807355516645
47.516637478108585
56.56742556917688
46.61155866900175
