55.23981874834743 317.39606363072926
63.25266726766491 313.05927186579015
61.543329127015284 397.4809528764004
72.64367881563129 325.83426121598364
57.99318102396548 371.85925786663677
56.45887937626742 336.6420665445305
58.2513720465964 440.6305982258522
54.141507450133815 345.48288585279874
58.72809481238124 355.8162322994492
58.595031039077476 376.67748323611244
70.43282225935124 347.3951173826648
65.6956708585642 368.0852921576094
58.74810338494918 338.8241329515727
64.23838173678863 344.99195157216514
57.976615236597944 326.8017058340805
59.700749088070125 332.7289076358354
59.27379851511072 365.6025701847337
60.745685842757275 398.7744231551408
53.65782643900006 349.0949100682078
65.7392659089682 370.2933886652102
60.67863397951932 357.75043802632496
74.32101344158627 310.9058269664537
57.67189660789539 332.8053854817041
64.43461145401794 400.88496043163536
59.30115001423267 385.33433002027374
64.17812026062232 382.77305257243034
67.8736679362177 388.6110932528649
58.801142190010346 378.4468299997079
59.50289024196537 365.4813287267552
60.21928275633591 354.37781806658654
58.11970621252875 365.7481754901029
68.95195733995399 332.8084589928413
60.9289520597884 329.9640490422267
61.956008445837 344.24253344510987
63.08777711979103 310.06699224050317
56.084430734663 389.14406482154203
66.5520242099659 343.2936835817443
64.47653862233881 270.2175246435421
59.00008024986848 316.4818478511508
59.01408452612271 346.79092524564436
58.449245712084185 360.91902842973036
76.57710108432362 390.5223712822436
49.94629661573003 281.5811306037713
56.400000030590334 377.4192914884348
52.11135150669231 346.8277962598893
60.4739977779553 338.8125298350591
70.0442775134692 383.7880232511477
58.656986507624154 346.94475284483383
64.67299954897166 362.8115321869875
59.287265082554136 387.73319364889664
57.74814555108243 325.8253720416684
65.18278653098545 337.10324077547796
60.02327951671475 378.3584005750309
58.20502350990312 381.7354280462058
54.49098843903298 346.30025244893653
54.889217318708894 348.06279061716305
58.68834487034805 383.41014701152585
47.02669574591903 327.3222736432198
61.1675201059788 363.34899896829205
57.42876509430198 377.06856284440425
60.11661779412508 395.42782894581853
61.89304881572353 342.7072131915089
61.446338135686005 384.83868003164787
56.44609521080673 375.00109110316413
58.19736126165201 363.0781324485641
72.84326095406612 356.0749513805502
60.163104707228726 350.3270842549557
58.94223017223166 346.6805508184011
58.681969845705176 360.15414173035396
63.83584663262834 331.4198342328299
61.91713747837388 375.393097150806
64.62477099959298 393.1208089708324
58.04315053729591 357.2721596516395
61.61672555445697 369.005326416299
57.68686301344376 353.06927673345047
60.82548035340074 362.75772660625904
55.61415397209568 352.12903365212856
75.06421170239318 375.20092702199395
58.2568462355585 394.2546980039488
56.121291356231765 352.61241003637474
52.24759809173396 302.3426859959092
61.90646307628763 333.21567562013877
55.39460658526888 333.5287010148632
61.332334224959325 373.1468030578709
66.5472404758736 382.0522517957602
53.28788905454948 330.4865287299453
54.04050423007793 353.13313914032335
65.00678275463252 364.43933049444917
62.939026453920455 409.4465781674618
53.34316397317624 358.7153193399047
57.51395287940298 379.9571032408022
60.925110816445056 342.1977093741564
61.59014863265689 384.9000243064369
54.351830341362245 348.68254632564987
58.17881942265146 380.75928780221517
68.84336612567466 297.99540177647646
61.50364648591923 376.4122313691202
57.969577929928604 309.616589335554
64.86965842260251 403.7133752705653
59.06681766368158 344.38578516673743
