21.10000000000003 393.80000000000103
22.300000000000047 387.80000000000314
38.60000000000028 454.10000000000326
32.20000000000019 397.30000000000405
26.500000000000107 455.09999999999894
37.80000000000027 412.20000000000084
27.200000000000117 519.900000000002
26.0000000000001 432.299999999999
35.20000000000023 444.4999999999956
38.70000000000028 481.80000000000473
27.50000000000012 433.2000000000023
27.300000000000118 453.9999999999976
27.40000000000012 424.90000000000003
20.30000000000002 425.50000000000256
20.40000000000002 417.50000000000534
32.50000000000019 396.8000000000036
25.100000000000087 454.8000000000046
27.40000000000012 495.9000000000022
31.70000000000018 426.80000000000445
36.00000000000024 430.7000000000012
26.0000000000001 447.00000000000307
33.0000000000002 366.4999999999992
27.000000000000114 411.1999999999984
25.100000000000087 467.49999999999886
26.400000000000105 467.4000000000001
34.200000000000216 465.10000000000025
38.400000000000276 464.2000000000065
38.300000000000274 468.40000000000055
28.600000000000136 455.20000000000135
37.90000000000027 459.100000000005
35.600000000000236 445.19999999999516
43.200000000000344 407.6000000000056
27.900000000000126 408.19999999999976
23.700000000000067 415.70000000000397
24.00000000000007 367.30000000000524
29.200000000000145 477.9999999999987
32.700000000000195 439.20000000000704
21.500000000000036 350.19999999999885
23.500000000000064 399.89999999999947
28.90000000000014 414.5000000000028
34.60000000000022 439.70000000000397
24.900000000000084 473.09999999999945
22.000000000000043 359.00000000000387
26.80000000000011 482.1000000000047
36.50000000000025 417.9000000000018
31.100000000000172 403.200000000002
27.100000000000115 447.20000000000533
28.000000000000128 422.7000000000041
31.800000000000182 421.10000000000105
35.00000000000023 445.0999999999994
30.700000000000166 398.70000000000147
34.200000000000216 400.2999999999982
31.100000000000172 455.6999999999975
26.300000000000104 456.80000000000166
29.400000000000148 407.5999999999985
23.000000000000057 427.89999999999924
32.20000000000019 460.1000000000019
20.800000000000026 409.0000000000027
38.00000000000027 448.8000000000007
36.40000000000025 440.8000000000011
27.200000000000117 477.19999999999743
29.100000000000144 420.30000000000484
34.60000000000022 465.40000000000174
25.500000000000092 458.50000000000085
36.10000000000024 458.1000000000082
29.60000000000015 419.0000000000016
34.40000000000022 405.7000000000036
33.3000000000002 429.69999999999857
26.0000000000001 450.8000000000016
20.40000000000002 400.0999999999983
28.000000000000128 433.99999999999847
20.900000000000027 461.5999999999998
29.100000000000144 434.800000000003
34.200000000000216 400.0999999999956
25.200000000000088 444.3999999999967
34.40000000000022 443.99999999999864
33.0000000000002 427.80000000000234
29.400000000000148 447.10000000000355
37.80000000000027 478.40000000000026
27.900000000000126 434.5000000000019
23.30000000000006 384.1000000000044
26.600000000000108 397.90000000000055
20.600000000000023 411.3000000000015
32.60000000000019 454.8000000000053
29.900000000000155 470.5000000000067
27.700000000000124 406.599999999999
34.40000000000022 420.10000000000844
36.200000000000244 456.300000000004
27.900000000000126 485.70000000000255
26.500000000000107 423.10000000000207
37.80000000000027 449.50000000000097
25.600000000000094 402.40000000000254
27.600000000000122 455.29999999999995
34.30000000000022 429.7000000000005
33.90000000000021 473.800000000005
33.80000000000021 366.0000000000026
24.70000000000008 467.2000000000054
18.29999999999999 413.50000000000256
28.80000000000014 481.4999999999991
25.000000000000085 416.59999999999644
