44.184813122994946 310.85588527627004
47.96798618568303 318.6134753486352
57.77278346957736 367.18956209468956
54.0402609004975 317.4002419925784
50.01220266329026 364.80620579308095
49.278024976466384 325.6779057474634
60.08034949100689 438.6288736402894
50.45201988803056 341.1158641896803
44.79655133272392 358.60895901967257
50.27192741836156 377.4826921280937
53.35144166834955 348.12463392174476
51.412749883347644 369.2324158212564
45.91160704503888 341.20363556817426
52.2533900383915 338.3738713755119
44.85152938098142 320.3376618665442
47.421602144136486 324.76259518257734
52.336119571522495 369.9280149613196
53.2715395788406 386.2553825561647
42.74179554835127 346.58264952696743
56.638666203766505 364.0230793963954
54.00863327526977 357.6354948865077
49.08853753935096 304.38937342388067
42.169801110502235 326.9881884213589
57.81338593598552 374.9527528563089
55.52322124294183 364.29982954383144
48.903073879784735 379.8995805772818
67.02149753384137 386.55308926456917
57.07813884759015 398.038302828491
50.480524122736476 359.20205016155967
52.60257250432456 367.17154718867425
52.35386809434577 379.01493893609154
51.36411867521489 334.3867205875332
55.62009556139923 323.7854892167963
55.12127532325572 330.1594410562396
47.6654682780383 290.7460886118851
55.71785135916646 368.47172622006843
47.334696605497484 344.9321205625769
48.58292617253239 275.8639605850091
51.15649162567408 312.68242426903015
56.46262001760508 341.30256292933336
51.32258553272498 363.7245772214811
101.58324408846322 369.54968568591096
38.67430030271373 287.5690135078808
48.36693697586297 363.3832913378771
57.87902703665353 357.6726366094299
51.60383442408962 338.3615100390251
53.59568794868686 361.2045494934714
54.95607326578092 340.4992277358373
54.89087276317842 345.22488018200437
59.948876972134386 383.26514379483285
46.88199295513052 328.8300733503093
50.866217623048755 317.2612760548495
55.979643670232434 366.47980777572934
52.4156039871293 375.20286877171634
58.51076019507567 346.77041090633446
50.41149156019572 365.41671630327016
50.540885487261235 387.2248065227024
37.62480280426264 321.078810321308
51.2888030601297 345.7569253492328
57.120303019313205 383.28483735684
53.912629221400124 390.7257917842433
54.09297473903024 338.8454486393538
53.81318617639611 368.5116841990632
50.01062866966172 376.5155267826534
59.652835493600804 377.5974637377361
52.068166410976765 342.95548108631704
55.318494826644525 326.21173105388885
50.05252756899432 352.57300085669493
54.08510849494293 360.95454735795977
49.42853506440892 322.99828863784853
49.81370321425992 349.8149296180273
52.14537886077654 376.91949790977145
57.730609503330896 340.9602564239144
55.69452270636399 353.9156715521717
50.66888135548407 359.42933881401393
49.55107127895846 346.5024039285559
47.39317791724505 338.28076688789065
54.45768435743794 360.05571600155275
58.560867023037 389.24921373619156
56.599046567228555 350.7411019197295
41.87513150349587 306.2080430430527
51.53679198485499 325.85450946023747
48.66349185496695 342.73663388631064
54.534303586964405 375.80813414582525
55.95080849467668 366.85470550839415
43.24519782296957 327.28740679700644
49.47202885883744 334.1171855243047
52.380534327574026 367.8021733879932
58.868656686172734 382.4761186358502
57.52833881509221 365.9292891784965
59.763172977345405 376.5443876942761
52.99694281041596 321.0742519728906
56.29020019221878 364.80925280485667
45.26536074912817 351.3231437461183
57.473444608568464 390.7715867831447
48.786458020965775 294.3705292959743
56.11468809657307 362.0731325680512
49.96846304511439 313.8709191330796
58.782338826209205 377.3561784393627
46.97044118378809 338.27275197954634
