10.025561445384318 400.5116638961751
10.520562787296004 406.4327577680238
12.600924279289275 476.23277016567226
11.231895743707012 398.4372198172688
11.663050477833936 489.75758127360194
11.00196239007066 442.94550405233616
12.168389421094599 525.4959173329453
11.565171114565782 447.90555277615107
9.962562081472473 453.69333629369476
11.185091498847902 469.9220486547539
10.765456041594259 421.92873708279467
11.292285325518783 474.49838110563763
9.802668618821382 443.4890377528546
11.855655968609437 427.24558813290747
9.971984830817812 414.2333160847783
10.56673050005569 403.6939058201509
11.115448177422522 460.95198442326637
12.236301584609771 495.539069856674
19.94439492117177 432.249671168342
11.962312709239557 447.4637235068494
11.595215410923762 456.4954732321025
10.80211794284854 394.19012982637247
9.580700933294544 426.76087637679643
13.117659419585792 495.63313085215606
12.361189532340202 465.5585541373592
10.680976866442201 481.787397453157
13.894707945889204 474.7353667061229
12.766847675094798 491.31222833073974
11.243437063538197 456.083888695985
11.296826500022217 463.62306151450406
10.694101102037012 468.078093615015
10.974158062378294 411.686539162499
12.706810540158335 430.4477199856343
12.053478228114525 432.2854704495366
10.225953787829145 371.29297868712115
13.01153178045634 503.9158929796654
10.325351133785652 440.32898148110894
12.019357880808224 379.9478285063038
11.216722439274806 403.68203121252975
12.765597116900155 449.29075597197186
11.268156870287772 457.0855400834636
11.733736405629399 466.2569093377568
8.597265843747172 371.41088072729264
11.807810255612239 472.0283586380931
11.85856457390639 442.8517020719601
10.806899120560336 431.65182840540604
11.642634825040613 462.16702674527335
11.423433942692432 438.2776279175993
12.652041839334364 455.92908071149384
12.835127428840096 479.8931883879827
10.285432409345173 417.76870468369634
11.789723901644669 441.24193384124186
12.691102479308807 479.1633479203707
10.514350665124576 457.79773873569013
12.997754434477327 432.9955200102728
11.225222747554978 452.18470277819137
11.11049141274246 478.56665090252073
24.287912719163153 395.4550132437331
11.50098297748846 453.85863587713135
12.352996240789427 483.3334846778645
11.604446222742048 506.5285255426333
11.834269046147643 446.3435859114572
11.85063708127304 471.1735738029099
10.239377541583137 471.63014786696795
12.485836629004316 469.9215802301661
11.709454610216463 436.40024811121583
13.099029967271782 438.1084613483613
10.50665559901885 437.22477546034173
11.226211482007685 455.4291081225289
10.775840415265447 396.2224018663596
10.969945451467186 455.94508683881014
11.547933390381688 492.20759562505054
12.59327948487551 450.4744383526025
11.948053536334907 459.8786775288957
11.884076270029343 477.2887458115138
11.164728416052549 442.72333698945897
10.965395131693736 455.9946861025019
12.50365990949761 466.09678941744914
11.97419403555784 496.4507504439383
12.696167364108948 445.9144874390008
8.984428214627426 388.1295721657944
11.67015085225064 423.3412356145578
9.775055436122898 417.37427509095147
11.959796534347632 465.7553033468129
11.902938476639473 457.75917493256236
9.172641632932537 410.21727012325925
11.330393575590502 441.05342872468526
10.534971634702822 451.5632767687254
14.145072372717292 501.97383262575244
12.260575272728746 442.7957403043108
12.573397755757851 467.1883553957839
11.89074637594457 420.8890996609051
11.387497057588217 458.86688524848466
10.590943496917934 451.09991303030046
12.791573956540972 473.3111528452828
10.982389004145722 376.6065586349286
12.143408322459052 469.24727598396254
10.631407462764907 399.3878866708759
12.94132391577075 495.50894491354416
10.12937341370741 424.81648620462965
