26.735201401050787
27.275306479859896
34.56672504378284
31.59614711033275
30.245884413309987
29.705779334500875
33.48651488616462
30.51593695271454
27.815411558669002
31.3260945709282
31.056042031523642
29.97583187390543
26.19509632224168
32.40630472854641
27.545359019264453
28.35551663747811
29.435726795096322
32.40630472854641
24.844833625218914
34.02661996497373
31.3260945709282
29.705779334500875
26.19509632224168
34.83677758318739
33.48651488616462
28.895621716287216
37.537302977232926
33.21646234676007
29.97583187390543
31.3260945709282
29.16567425569177
31.3260945709282
33.75656742556918
32.13625218914186
29.705779334500875
33.48651488616462
28.085464098073555
29.97583187390543
30.51593695271454
32.94640980735552
30.245884413309987
31.59614711033275
24.034676007005253
31.59614711033275
32.67635726795097
29.97583187390543
31.866199649737304
32.13625218914186
32.94640980735552
34.56672504378284
28.35551663747811
31.59614711033275
34.296672504378286
29.97583187390543
34.56672504378284
29.435726795096322
29.705779334500875
22.68441330998249
32.13625218914186
32.67635726795097
30.785989492119093
31.59614711033275
32.94640980735552
27.815411558669002
34.296672504378286
31.866199649737304
34.56672504378284
28.085464098073555
30.51593695271454
29.435726795096322
30.245884413309987
31.3260945709282
34.83677758318739
32.40630472854641
29.97583187390543
29.97583187390543
28.895621716287216
33.48651488616462
34.02661996497373
33.48651488616462
25.11488616462347
31.056042031523642
26.465148861646234
31.866199649737304
33.75656742556918
25.654991243432576
30.785989492119093
29.435726795096322
36.99719789842382
33.48651488616462
33.48651488616462
33.21646234676007
32.13625218914186
28.625569176882664
34.56672504378284
29.435726795096322
32.94640980735552
28.35551663747811
33.75656742556918
27.815411558669002
