34.997523642542035 343.5088515544522
33.4932778176882 336.6921466051137
48.4452980737475 406.12320628280696
42.32067703767275 340.73648644664513
39.523641893013206 408.7123258650868
41.87032545404504 368.0757420515975
45.4972622108269 452.86728602948824
39.36075154774864 391.42101954384486
36.241796342876434 402.66332340008273
43.51760824814089 411.1576795885388
40.28791671073073 363.37884070057476
40.49007649770894 407.936948835194
35.60319365862803 368.2172396286086
43.95677432334205 381.25038838514325
38.44572977187945 348.62732768982164
33.979132243210664 344.5727257239251
39.7157467527167 389.2447633140458
43.04458202105322 410.27699049543696
34.29541186482822 381.70359666635244
44.62337091970435 382.2095137168837
41.72090596799885 377.972650141104
36.41061253678058 332.0521126374196
34.12984591976189 343.02244570591756
45.77893034632263 407.7880978885866
42.07931843987629 396.0449869515868
39.07383467790271 406.79289028521015
50.275296544209816 397.93269547923285
47.61761620394988 416.4376786077896
39.45012569680313 388.72286531612303
39.76014524450457 394.2201994961606
37.69854651357849 400.45638526559975
44.16342809663536 365.0843930367216
42.37726847968254 352.7493456135289
44.563334983273066 370.8608430275883
41.45872841642686 316.95300918515784
44.0127634552045 404.6103479565862
40.15708397652636 360.3139419954001
37.59734237766309 312.7374287422936
41.35455889887628 351.9079822087516
44.2187332278181 357.36128843495084
38.611899973178915 404.24730977050115
43.20349970918781 404.7016800286184
30.13749207116883 300.5618523722691
43.75118112658448 401.24923224694817
45.18789928196375 391.55992487077975
39.09000061034097 364.64581961350297
43.23258053974808 383.1376663049872
45.59634081114274 377.7095405333326
45.92823050096059 377.63824756423753
43.15813127509492 411.4023815027035
40.34364127188411 352.6439774646336
37.498515404947746 358.6477810322804
45.321842564186156 403.1773192812574
36.93202450939909 399.38054084242094
44.60513763151508 377.37429111933494
35.594241924361 383.90927846240135
38.91554896516254 400.59483460344234
29.684142196824798 379.0213031211443
43.096882473828174 385.5417341116551
43.79542682887684 406.0091826932506
40.118146257737735 431.76468564432
39.10399172606199 371.0735784527239
44.04101563335058 408.8824525779401
37.111171845999706 390.00371515434944
43.11979616510776 386.5687291104639
43.374811515859115 359.3299607355034
47.22251203193767 375.57061221828525
35.81373421897144 388.05129785929137
39.43806269332134 377.9776860014156
36.47541265193385 336.4531943778467
40.42449738057738 388.41921259532944
41.79719542682538 401.82512644633886
45.53500158847373 372.80487493686303
42.98565928406289 384.5799813038152
37.16927994146558 394.19619832811077
39.96317492773949 382.28539869078105
39.1003967129471 384.1391160407716
45.57683055926596 391.196155466347
44.38626670474686 438.45411297353553
44.406907126082544 380.6758821861817
32.370563963139865 331.3605842453337
40.656103329356164 349.63548332175304
34.60758876768529 356.05396361537805
39.85449842942408 385.2589209351497
40.66557008366783 404.547949303481
32.898556569379394 349.6694636220193
38.51153498978016 367.27199012894516
38.06141536758033 406.72663340474577
45.77755602325737 419.93231217006417
43.27570393922149 376.2151325399103
45.071918667501286 410.19036280651244
44.17259894636079 347.6200259567146
36.37016881992747 400.96945226330166
36.244242073216995 390.53603323174406
42.63164778464928 400.2961556511521
33.93980237770766 326.0916246545506
42.629127114109544 382.6772051501874
35.23273315415831 352.0694000172314
49.35159203281125 424.3809879214534
35.377061378390025 365.70898903138925
