80.9338003502627
82.56882661996498
104.64168126094572
95.64903677758319
91.5614711033275
89.92644483362523
101.37162872154116
92.37898423817865
84.20385288966725
94.83152364273205
94.01401050788091
90.74395796847637
79.29877408056042
98.10157618213661
83.38633975481612
85.83887915936953
89.10893169877409
98.10157618213661
75.21120840630473
103.00665499124344
94.83152364273205
89.92644483362523
79.29877408056042
105.45919439579686
101.37162872154116
87.4739054290718
113.63432574430824
100.55411558669002
90.74395796847637
94.83152364273205
88.29141856392295
94.83152364273205
102.1891418563923
97.28406304728549
89.92644483362523
101.37162872154116
85.02136602451839
90.74395796847637
92.37898423817865
99.73660245183889
91.5614711033275
95.64903677758319
72.75866900175131
95.64903677758319
98.91908931698775
90.74395796847637
96.46654991243433
97.28406304728549
99.73660245183889
104.64168126094572
85.83887915936953
95.64903677758319
103.82416812609458
90.74395796847637
104.64168126094572
89.10893169877409
89.92644483362523
68.67110332749563
97.28406304728549
98.91908931698775
93.19649737302977
95.64903677758319
99.73660245183889
84.20385288966725
103.82416812609458
96.46654991243433
104.64168126094572
85.02136602451839
92.37898423817865
89.10893169877409
91.5614711033275
94.83152364273205
105.45919439579686
98.10157618213661
90.74395796847637
90.74395796847637
87.4739054290718
101.37162872154116
103.00665499124344
101.37162872154116
76.02872154115587
94.01401050788091
80.11628721541156
96.46654991243433
102.1891418563923
77.66374781085814
93.19649737302977
89.10893169877409
111.99929947460596
101.37162872154116
101.37162872154116
100.55411558669002
97.28406304728549
86.65639229422067
104.64168126094572
89.10893169877409
99.73660245183889
85.83887915936953
102.1891418563923
84.20385288966725
