37.700000000000266 375.4000000000046
34.900000000000226 376.00000000000114
44.40000000000036 456.10000000000827
31.800000000000182 381.50000000000387
41.00000000000031 463.4000000000179
38.70000000000028 407.90000000001015
47.90000000000041 513.3000000000219
32.800000000000196 426.000000000013
37.600000000000264 434.69999999999953
50.80000000000045 449.30000000000695
36.900000000000254 414.4000000000113
35.00000000000023 444.7999999999958
39.800000000000296 402.400000000011
37.30000000000026 424.50000000000705
40.3000000000003 411.80000000000916
48.60000000000042 379.00000000000597
38.300000000000274 460.80000000001496
45.00000000000037 484.20000000001636
36.300000000000246 405.0000000000118
44.80000000000037 439.6000000000114
35.10000000000023 428.59999999999985
36.50000000000025 371.6000000000067
41.50000000000032 413.5000000000109
40.60000000000031 496.2000000000121
37.50000000000026 452.700000000013
42.500000000000334 471.0000000000191
35.80000000000024 461.10000000000906
44.10000000000036 465.40000000001396
34.00000000000021 453.0000000000015
36.300000000000246 431.10000000000014
35.80000000000024 438.0999999999944
38.400000000000276 408.40000000000447
34.800000000000225 403.20000000000664
39.9000000000003 427.10000000000827
27.40000000000012 373.70000000000505
41.100000000000314 456.5000000000133
40.2000000000003 422.50000000000836
30.30000000000016 355.10000000000423
35.80000000000024 377.2000000000065
42.90000000000034 405.10000000000633
40.60000000000031 430.00000000000887
37.90000000000027 451.20000000001244
25.500000000000092 360.00000000000875
43.10000000000034 470.7000000000138
39.700000000000294 435.7000000000107
41.200000000000315 400.60000000001156
33.2000000000002 434.50000000000847
42.00000000000033 423.50000000000847
37.20000000000026 420.9000000000074
46.30000000000039 430.70000000000556
33.2000000000002 398.8000000000002
43.10000000000034 412.7000000000106
47.1000000000004 479.7000000000148
38.70000000000028 443.9000000000006
43.40000000000035 405.5000000000101
40.80000000000031 433.4000000000126
42.90000000000034 476.30000000001905
27.700000000000124 401.7000000000002
40.90000000000031 446.8000000000098
44.80000000000037 446.1000000000099
44.80000000000037 453.19999999999624
42.90000000000034 415.1000000000082
48.50000000000042 451.700000000011
42.10000000000033 444.700000000018
38.400000000000276 449.20000000000573
37.30000000000026 415.30000000000564
39.9000000000003 417.70000000000755
44.50000000000036 408.40000000001066
41.30000000000032 439.8000000000104
33.400000000000205 398.6000000000061
44.90000000000037 424.7000000000108
36.900000000000254 464.69999999999715
38.50000000000028 441.20000000000886
43.50000000000035 408.40000000001237
45.00000000000037 441.90000000001385
47.3000000000004 441.20000000001437
40.0000000000003 407.40000000000975
51.20000000000046 449.3000000000041
37.700000000000266 467.9999999999983
48.10000000000041 404.2000000000084
32.000000000000185 360.3000000000022
40.2000000000003 386.9000000000067
43.70000000000035 404.10000000001105
34.60000000000022 445.80000000000103
47.1000000000004 446.1000000000106
33.60000000000021 386.1999999999994
34.200000000000216 430.70000000000755
34.30000000000022 450.00000000001506
52.80000000000048 460.5999999999977
44.20000000000036 408.30000000000956
45.400000000000375 459.9000000000102
41.30000000000032 408.6000000000072
55.300000000000516 441.5000000000122
41.40000000000032 426.00000000001063
45.300000000000374 486.9000000000155
40.400000000000304 358.6000000000051
34.30000000000022 453.6000000000098
25.200000000000088 394.8000000000088
53.30000000000049 454.79999999999455
41.800000000000324 410.6000000000107
