119.49999999999748 341.5999999999972
139.29999999999637 329.3000000000087
152.8999999999956 305.2000000000034
75.49999999999999 320.59999999999974
112.89999999999786 348.6000000000036
104.39999999999834 350.70000000000647
100.19999999999858 366.1000000000051
131.6999999999968 344.60000000000855
145.999999999996 366.70000000001136
116.49999999999766 313.00000000000426
121.19999999999739 367.1000000000076
120.9999999999974 274.89999999999554
80.39999999999971 302.3999999999921
134.29999999999666 320.5000000000009
135.2999999999966 332.10000000000343
104.09999999999836 328.49999999999915
125.59999999999714 352.0999999999956
107.09999999999819 354.0000000000004
87.4999999999993 347.10000000000167
129.59999999999692 366.30000000001166
75.49999999999999 368.29999999999995
98.89999999999866 338.6999999999975
136.19999999999655 363.00000000001535
122.09999999999734 337.9000000000078
96.89999999999877 358.30000000000126
123.49999999999726 335.29999999999586
73.30000000000011 310.6000000000021
131.39999999999682 357.10000000000633
77.69999999999986 287.3999999999956
131.29999999999683 342.0000000000021
92.69999999999901 316.60000000000576
79.29999999999977 317.49999999999335
94.29999999999892 338.6999999999992
113.49999999999783 334.80000000000734
101.89999999999849 314.9999999999895
114.09999999999779 320.7000000000078
123.49999999999726 320.79999999999995
130.59999999999687 348.699999999992
122.7999999999973 315.30000000000365
74.70000000000003 299.4999999999961
101.49999999999851 369.800000000014
127.19999999999705 361.300000000002
91.89999999999905 322.9999999999949
111.39999999999795 329.7000000000069
103.99999999999837 290.39999999999804
99.09999999999864 314.4999999999953
97.69999999999872 309.30000000000274
160.59999999999516 372.0000000000144
86.99999999999933 332.29999999999916
133.89999999999668 335.3000000000012
127.09999999999705 289.0000000000008
93.19999999999898 274.49999999999613
122.39999999999732 302.9000000000033
134.09999999999667 401.00000000001734
100.69999999999855 321.19999999999783
148.69999999999584 363.800000000001
105.69999999999827 333.2000000000043
91.79999999999906 270.09999999999496
79.79999999999974 322.20000000000016
141.79999999999623 352.6000000000136
114.89999999999775 324.300000000007
141.59999999999624 351.90000000000174
89.89999999999917 334.6000000000002
106.19999999999824 341.1999999999987
144.59999999999607 366.4000000000171
120.79999999999741 310.8000000000059
124.89999999999718 354.30000000000587
113.9999999999978 294.00000000000057
124.89999999999718 341.8000000000099
99.59999999999862 344.0000000000067
85.6999999999994 300.89999999999617
75.2 311.89999999999213
107.09999999999819 300.1000000000004
88.69999999999924 343.7000000000026
77.99999999999984 365.99999999999517
118.49999999999754 300.1000000000007
180.69999999999402 330.70000000000766
127.59999999999702 305.39999999999145
102.59999999999845 285.0999999999961
99.7999999999986 318.7000000000009
105.89999999999826 331.8000000000043
122.89999999999729 350.600000000008
137.89999999999645 331.0000000000075
102.69999999999844 327.8000000000006
83.29999999999954 325.29999999999984
93.29999999999897 296.40000000000026
140.19999999999632 355.40000000000424
88.39999999999925 332.19999999999806
127.19999999999705 357.0000000000051
119.99999999999746 312.7000000000033
103.3999999999984 341.10000000000974
142.69999999999618 349.4000000000115
85.19999999999943 282.59999999999815
107.79999999999815 359.2000000000102
123.49999999999726 314.70000000000664
108.6999999999981 350.2999999999981
104.09999999999836 346.0000000000041
157.19999999999536 373.800000000016
107.09999999999819 316.2000000000005
133.6999999999967 329.90000000000754
