105.53661309069537 333.66541395668224
105.53113066159881 330.584973238773
115.49529465859774 305.8746649050147
65.73679031258165 322.3913092207073
90.7942650657576 357.3668811252521
88.11810576171733 330.83140965909195
97.65820565544881 353.295377626337
105.80710734076769 352.1172024624154
103.0081626218726 345.1403822190818
87.48231698717002 307.6490650689638
104.6325186942993 361.2052762549961
92.67889036137544 283.42581783057767
82.13585753711521 315.7683740457976
101.52593751370767 325.4093002038386
103.87102083435717 342.2820584902563
90.07239175274509 333.08667869240844
96.42980530383768 343.5485593352794
107.50529593331454 349.16887557586244
77.59558376825973 350.931508061076
91.68415748288531 367.16416274767795
72.18469494801958 360.8166379634632
85.24473466043368 339.97896222191685
114.60267227351791 367.8583440592014
100.83648521175641 342.14400528734456
87.6127252667776 356.9708569220535
97.1052515108688 327.2263141469268
72.32464066213137 316.0989946858729
98.90964942109295 348.6854904245856
59.0528293623037 284.8614908753763
96.8226847157027 326.2567363208236
70.50592222144905 325.08369017303767
65.87901461538615 289.42048941581504
80.11845212141338 325.12430513813104
83.85889416700167 321.91518991186035
98.51967729835509 316.83767333571046
99.32405292861156 315.28145742358555
96.90511903078615 332.3140163328902
106.80787455330604 350.56311990476786
85.12442393599369 308.85055926616894
71.60121915561123 292.1625665186846
87.38085843539584 375.128222882247
101.36453422172873 355.27094293913564
71.42994165662448 308.05841720431016
81.99120579717673 317.82958779030594
80.84802485175973 301.43811371331986
89.96670828240237 308.28849163288675
77.32647768208392 279.0439392387549
107.13618676284922 369.62026177113717
81.36196464474487 329.36207202853086
116.36983514844259 346.9874118236944
105.59057983657868 299.7161656438578
75.61502764381558 277.2999217556361
89.45406977598203 302.62526271021824
106.58018898520382 389.9169153816322
88.40447165834283 312.4163658903681
108.71478556234001 360.1432504732975
96.90288464773789 318.6718706332526
69.90965769784475 267.0968495509672
75.84460478873646 328.2670147838054
108.81369211373612 349.66674225113553
91.84936559414263 328.1037812654247
103.37989148012902 327.9073785495646
80.13850021266887 330.78613407945863
100.5536499480789 336.1482969469702
110.05969377796002 340.22373988352933
92.9781205509447 300.57717369993475
91.19589359216312 345.5364190640432
89.30733994753372 277.7034060171631
99.68220986251863 337.22859972200513
84.00498661865379 329.69429246006933
76.17376774343326 305.2374007102258
75.17887594802264 307.5438454471572
78.6181966070255 309.55623876281436
73.81190921403493 347.80805778466197
70.27824569023868 364.840725347384
85.61130079565821 302.39422220302106
135.71402070401015 328.54864205209907
114.95174377965732 307.52402030735186
90.718826125198 299.71515323715766
84.53498556573116 328.1132861251854
87.11777372252669 322.1384716482523
92.07455391112912 358.58286781017966
91.15884588743741 317.2912482279273
87.83658290181272 332.3554825988541
69.69669606127307 317.330151788185
70.49745229726818 303.03418824564153
111.86321516211603 352.8333447404834
81.60135712465039 339.72895134801496
101.1391131766512 341.9501819952687
90.99880871997662 311.66217431278403
96.51384303200233 355.7407691248244
110.95851244926007 351.196494293824
70.25776681281499 277.25771768726884
91.56096143682038 346.5586262299832
100.80437162867945 307.64130360227233
84.65172280896175 345.6699277850404
73.2830619435599 331.021681169674
122.58208142996683 364.93605620818886
96.71028358011955 327.2098097767329
103.63530465212925 337.2742163233295
