37.26725043782837
35.106830122591944
38.347460595446584
21.33415061295972
31.056042031523642
29.435726795096322
32.40630472854641
34.02661996497373
35.91698774080561
30.245884413309987
34.56672504378284
30.785989492119093
25.654991243432576
34.296672504378286
34.02661996497373
30.245884413309987
33.21646234676007
34.296672504378286
26.19509632224168
32.13625218914186
24.574781085814365
28.35551663747811
37.26725043782837
32.67635726795097
28.625569176882664
32.94640980735552
23.494570928196147
33.75656742556918
20.52399299474606
35.106830122591944
22.68441330998249
22.68441330998249
27.815411558669002
30.51593695271454
31.3260945709282
32.94640980735552
33.75656742556918
35.106830122591944
30.245884413309987
23.7646234676007
28.35551663747811
33.75656742556918
24.844833625218914
29.16567425569177
27.275306479859896
29.97583187390543
26.735201401050787
36.187040280210155
26.19509632224168
36.99719789842382
35.106830122591944
25.384938704028023
29.705779334500875
36.457092819614715
29.16567425569177
37.80735551663748
31.59614711033275
23.494570928196147
25.384938704028023
34.296672504378286
30.245884413309987
34.83677758318739
26.19509632224168
33.75656742556918
36.457092819614715
30.51593695271454
29.705779334500875
31.3260945709282
33.75656742556918
29.97583187390543
24.844833625218914
24.844833625218914
26.735201401050787
25.925043782837125
23.224518388791594
29.705779334500875
45.36882661996498
38.8875656742557
28.625569176882664
28.625569176882664
29.16567425569177
32.13625218914186
31.866199649737304
27.275306479859896
24.574781085814365
22.68441330998249
35.3768826619965
26.19509632224168
35.106830122591944
29.435726795096322
30.785989492119093
37.80735551663748
23.494570928196147
31.866199649737304
34.56672504378284
28.895621716287216
25.654991243432576
40.507880910683014
30.785989492119093
32.13625218914186
