88.12248423352544 359.5063632680726
83.23308358995459 351.5146423610903
90.27027444258466 332.1209474897267
51.50629273601242 320.27163737686294
73.73023561593874 339.8120556423448
70.27014723512505 384.1695184794036
76.36641080782188 381.8855088746226
80.22097097871485 379.10137367619103
85.52393617660468 372.1063611346988
71.74943351885186 326.1424783425217
82.38711984060922 361.04087303228937
72.65203442845737 304.12699063747675
60.331489449103785 319.38396514498436
81.5146252400353 341.5159610516323
80.02411985115536 344.58007500800244
71.85993403277294 323.95074684996376
78.62073024213558 379.29755280500524
81.19944798367861 366.1812900841094
61.83912632986285 370.9741877583633
75.87534795914137 370.991959589976
59.24938698502822 413.0032564773431
66.37685356181429 342.38804184692077
88.28767482155797 395.0106159445013
78.46587385900581 326.9679776418105
67.44298568192659 333.26125363778146
78.26838100720012 356.38623921998936
55.317970318241755 340.34305733421087
79.7705532200385 367.06817049049636
48.53161856758184 298.19721565507194
82.92318783042855 361.21005825817315
53.49214763175066 302.7218059477585
53.646238434627385 332.59693800158334
65.4677418278711 290.3825480981695
72.24040881342526 356.42730935866916
74.19675876148412 335.91271858181904
77.68809044126395 326.72741609106725
79.69710156451849 349.7032620635803
82.2533582155929 370.17364886530396
71.65989252806642 352.60310487132807
55.9414856357913 269.002949903495
67.76676924530852 391.2128779489311
79.51693568033518 344.3149133275934
59.11025500725821 316.0836264926638
68.54325703586964 328.63149837636
64.9209253837342 332.5603267819248
70.74538988040418 295.63484168997763
62.89820148206974 278.16925509918394
85.33015464175818 396.71958379461614
62.36586278641189 380.14542582613615
87.05416601704815 343.6840966515457
83.37399633462452 295.8795390298508
59.7641474621007 290.6813561795995
69.69799017228696 323.06769902022745
86.64103379105471 432.5044062648989
68.7980923206851 311.56988998210494
89.20817068294211 390.18633546889436
74.69139193595754 322.17987750690975
55.33678983465011 289.44456929629337
59.71190140717444 321.1755544054356
80.70927575976437 344.3694406790675
71.9302748751897 345.58899663172474
82.84191057542284 376.89661406809273
62.38026844939412 339.1784934729062
80.11826145610617 371.38137225086246
86.89402821148182 392.227891048829
72.01366377998728 317.8714243551605
69.89951638230852 337.90810079972425
73.6777963640013 310.65581942354993
79.31906077779468 350.3890759374892
71.15907352936321 375.3923525051453
58.169327146715965 339.6695505452737
58.87179995311133 334.8856703685532
63.353705574608114 326.41238781405184
61.18646772416933 369.8419601129779
55.00885254546851 356.2351671920303
70.63352695894102 287.41756249833634
106.89335137675491 349.84494060099775
92.8881609499681 356.0660282638554
68.62048917427204 303.37377848283427
67.45940935660347 352.73425601627883
69.74297372198356 358.94581300804026
77.10154675890617 371.55967690485267
75.06301728319184 350.2662342150735
64.06842984102862 329.98688076809196
58.726498668340945 317.67973944556763
54.000619583980715 276.76495866477484
83.32843820977843 355.15234563582203
61.589837866456335 353.32572773017597
82.58781740364617 390.4351299616486
69.79132493014961 335.29635645499883
73.13334899010988 398.0676954786532
89.306880659857 384.5892733168037
55.54673576339847 299.42714543417316
76.11357243830228 377.88777744628607
81.83779335926191 334.14214082112
69.55821393922571 376.23691773336543
61.46739202990971 366.8772926195749
95.99805903344922 387.3384443334384
72.52324698130934 334.3849491185467
75.97947868352631 327.3915141481703
