63.52158744506765 392.87954433613095
59.07081182790044 380.27498137743424
64.54400879701966 329.3280062581236
36.66389176469089 333.7733594991225
52.673121619353104 385.32001111780903
49.58476335130839 374.73183315272996
54.79286418675603 402.56859030953404
57.207372392246356 399.84926924610016
61.20154492185283 394.0651831625872
51.386309783407505 363.90579993635345
58.44285224342785 390.75836269442823
51.92198006225561 327.308344541079
43.99444179745356 375.5082265286761
57.98469290621077 384.6695764611846
57.152011658490245 388.4961253647549
51.399942524840824 362.7150706135677
56.04089964250594 431.7194693509992
57.55410658544157 406.7589966401515
44.90863395293751 427.9922089854562
54.85925700297075 403.76526707490757
41.23661063221359 430.44673544964604
47.960119863153295 387.9391503950055
62.83361333744172 424.59039422250964
54.964047111330224 381.68930296556914
49.05060703690411 371.03165038123433
55.59821447143749 340.11135039278673
39.86341022324822 317.2842342593774
57.346200566586646 388.89396801161683
34.45994211906808 307.37869566090285
59.091143646296025 339.8900125499016
38.80431948534533 400.58629241061277
38.96041872056958 325.32988270916235
47.64386646605021 395.40425437016233
51.38618703729153 354.2381187983106
52.99574276227526 324.2306320311876
55.39366861213931 346.4838737662474
56.93461631880194 370.5983222442378
59.88061543262981 416.68135748241286
51.1227322812439 359.4396278299084
40.17461399698931 353.55128072677667
48.26231156219167 428.72849234527666
56.9523534191165 413.51219678587273
42.06763738630693 386.814490277129
50.05897895060017 368.6974060573814
46.93634760930676 351.39263598704224
51.4759355531997 347.7076356089165
44.80835384292264 327.35493172951954
61.63904495034749 437.12355521730404
44.447808926982546 339.4690676322651
63.06532102279005 380.3619858732818
60.24555851870267 337.5007834034676
42.59398282398754 328.2716058908905
50.07579806471295 347.86092268081995
62.31231682524657 402.52392900410666
48.967957618629306 331.2147292791016
63.4052084287201 389.4745453988699
53.95548860582771 341.82085368100525
39.60753544979615 270.6402605154188
42.801417235879356 359.3008306584288
58.00976512813839 399.6734385702917
51.25266328806703 363.7893674408271
58.94635230760515 391.8462605591398
44.05299519828851 383.1284849098204
56.99028947395605 398.6684480412268
61.269079252094016 400.8058974409449
51.35827372458874 323.04911727592327
50.319568766170676 396.59617161160935
52.498620574964015 302.8338949052827
57.16588230487558 356.4842790334794
50.86890046891503 403.2410136933024
41.90737241833626 367.27530590851114
41.64319199301969 346.57345366190043
45.32636867743775 351.56681948362314
43.73434299824687 409.0102344905275
39.422338580858934 393.2026788090705
50.90474188994652 345.22051847658275
76.21119043366464 356.4976224781867
66.31286455594757 369.0433698485059
48.85848565373771 339.9867058192866
48.0288738994303 376.9108160918651
49.480975052563 325.72582365715704
53.87600618773155 353.90172899594694
53.84551353827474 386.52720417472284
45.80905220467222 357.53659000409897
41.847028374270884 380.93481873491936
38.544256988959766 357.0166138651726
59.795204911697326 380.26535105704795
45.18963902119513 371.6941372910132
58.836076347520454 395.3850763581081
50.1812875204607 348.21720215881305
52.56426819616801 410.9967497966188
63.46884835293089 402.00954311793885
39.59656735660768 280.22749468783076
54.51536138144085 427.6765098406944
58.040991327886076 328.57639196211176
48.61457882662328 391.3869371973376
44.55842089856887 391.85282898002913
68.0626747769542 434.2073271111455
51.705968259805324 336.4314086690198
53.93875729285393 361.95489220740694
