61.56597272022437 358.12902446859584
57.756935322414925 347.1037164400235
59.91820235450816 304.7508428205543
34.86045553872926 345.01111694131527
53.37374625453014 380.62536972271243
49.309531499441924 366.2472404599891
51.806468906361005 373.0553076962431
56.052001854889916 360.4084240017146
60.08639411752779 385.4799440074872
49.65612381091817 319.44417126395354
62.242522851876195 391.7271292837067
53.83470779857152 300.65424801148384
42.02128396775569 312.71798131036684
56.843264985440356 332.5797012887218
56.065626073554164 348.5200570783224
51.69705149069514 352.3728440083537
54.54550138922095 359.2821244272958
56.65300687065748 363.7998104278088
44.178713087126084 363.32197860045255
54.9798978829267 377.80988076244097
42.91938969280682 406.94741975608326
45.24625529745748 342.4787254519468
58.01011505643467 370.20562818147096
54.225284043843565 354.71490437477416
47.00081172313777 368.55461411113583
54.02605445809335 356.75443553647693
38.31954419289477 337.3852637161059
59.441676563621286 384.45406321834884
35.116182516641146 301.10155029806515
60.49917152109592 357.8015648607345
37.53932605096053 342.49429815288363
38.04376374736732 327.6713169360039
48.01688019192854 358.56774346487623
50.131667530274754 348.163785297737
50.03249189435442 323.2221468545559
56.393723977473 316.5466446046286
55.66880132935312 352.4512396105574
60.204150497312604 377.2722379281669
47.57492806998082 332.9587356905406
41.22341681028129 305.37354593755794
48.16088181824824 393.1349069575864
59.155776505428186 386.1370559671483
43.91556455167334 326.1345723790262
47.81706200071094 345.5652439933213
45.749471770570466 322.6612040822526
49.098584449585275 322.3175380976288
45.30863430902952 303.5381262981579
61.824989572720256 389.7282802583134
42.786021692879636 349.20858897861683
65.98119652720965 365.8594062784264
57.45949791458847 295.55927127667616
41.26470476267965 283.82246915948036
47.557998550538194 311.64675107660565
58.372543386198956 405.73592625683864
50.69633116871109 324.7810395000083
57.626961926559645 359.190169238077
51.17722580435074 325.745802138609
40.52182594986365 278.45603493576186
41.82675935184941 347.8219729608817
53.486809721179185 347.84513583851833
49.32086457400912 343.90162047042253
57.64752728210131 356.05498871254076
44.91421514918508 362.2377269411788
55.03416625718582 355.37017614057896
60.103457040897254 360.7376368862209
51.20117504256325 313.26243092557115
49.91201485283662 359.73147162359464
53.31057693062381 312.3693714910311
56.243494175958205 352.68647813411667
49.789097414640636 358.4194606240187
42.274072793734064 324.222825934299
41.6111094801868 321.44728517599964
45.92270518859452 343.70956543487165
48.28479354474417 385.0648458088145
38.170791278750954 380.21816194300186
50.142308107300934 327.9064105703826
74.89553394737473 342.4356290903926
63.38119433902642 317.9280640059524
47.51516720301097 303.6679696161352
47.422912605272664 342.95821766830693
48.90583876139521 350.13009749096204
53.54644835347902 367.83852176246626
52.320992636034845 344.0429354222128
44.515399316350795 340.1180347579856
41.6206024404973 338.11635283298665
36.70126818777221 311.5264922871911
57.052236830440606 381.4768334521212
43.55753040168581 358.0831318400086
60.388146400521954 388.8675792905401
49.924648981740035 332.76050449363703
50.80795628082145 367.50671710612744
64.74153366135891 362.3414638260551
39.67918792959066 295.17715676628046
50.07071346203075 386.7078975777431
59.07480015647044 327.93355228759475
48.96102420670864 375.33223602333027
44.408467714805354 354.65365849879964
66.85545146690237 383.34639928940516
49.307287213090916 331.35200595517364
55.84650500282676 360.33773957586726
