74.50000000000004 430.2000000000128
68.1000000000004 422.4999999999991
69.20000000000034 382.3000000000065
34.00000000000021 399.200000000004
37.20000000000026 445.499999999996
38.00000000000027 423.9000000000062
52.00000000000047 428.49999999999176
59.30000000000057 420.60000000000406
55.200000000000514 460.2000000000069
60.30000000000059 376.6000000000004
47.600000000000406 453.19999999999726
62.900000000000624 357.5000000000014
33.2000000000002 384.79999999999626
41.00000000000031 415.3999999999994
40.80000000000031 404.19999999999396
45.60000000000038 441.5000000000038
54.80000000000051 457.0000000000064
55.80000000000052 421.4000000000012
39.30000000000029 457.40000000000646
57.00000000000054 423.600000000006
36.70000000000025 481.30000000000695
37.30000000000026 430.3
69.80000000000031 439.4000000000171
51.60000000000046 426.2000000000046
35.90000000000024 433.59999999999707
35.70000000000024 408.5999999999938
27.700000000000124 409.40000000000333
48.00000000000041 407.8999999999942
27.40000000000012 369.60000000000326
51.90000000000047 423.800000000003
33.1000000000002 412.7999999999915
25.600000000000094 375.3000000000013
37.000000000000256 411.99999999999875
34.50000000000022 424.100000000005
35.10000000000023 370.6000000000029
33.70000000000021 388.80000000000086
39.000000000000284 429.80000000000194
37.50000000000026 439.29999999999995
65.90000000000053 382.4000000000089
47.400000000000404 366.80000000000103
36.40000000000025 463.0999999999926
43.60000000000035 476.6000000000066
31.200000000000173 365.0999999999956
55.200000000000514 395.2000000000055
56.30000000000053 368.39999999999935
60.40000000000059 408.7999999999982
27.200000000000117 392.50000000000097
52.00000000000047 448.1000000000053
30.700000000000166 423.60000000000235
62.60000000000062 399.4999999999957
65.50000000000055 333.79999999999774
31.500000000000178 353.9000000000058
43.70000000000035 377.5999999999978
63.80000000000064 456.2000000000002
60.00000000000058 418.30000000000626
68.00000000000041 433.40000000001953
36.300000000000246 407.20000000000226
42.80000000000034 340.9999999999992
23.20000000000006 417.8999999999989
63.30000000000063 418.4000000000128
30.000000000000156 404.19999999999663
57.10000000000054 414.99999999999443
31.70000000000018 437.5000000000006
43.900000000000354 439.50000000000495
59.20000000000057 390.90000000000174
50.60000000000045 353.3000000000026
34.40000000000022 428.6999999999945
49.10000000000043 353.6000000000062
51.100000000000456 429.70000000000516
39.20000000000029 450.9000000000073
25.800000000000097 402.89999999999833
30.90000000000017 384.39999999999617
28.20000000000013 413.8999999999968
23.700000000000067 458.8000000000009
20.100000000000016 488.7999999999996
35.00000000000023 368.399999999999
50.300000000000445 417.9000000000055
78.89999999999979 356.19999999999345
31.60000000000018 378.70000000000874
43.900000000000354 447.9000000000067
38.10000000000027 431.60000000001094
43.10000000000034 450.10000000000593
60.60000000000059 387.70000000001124
28.80000000000014 413.2999999999979
35.20000000000023 394.00000000000193
29.800000000000153 356.0999999999977
43.80000000000035 465.2000000000051
45.50000000000038 407.90000000000435
45.50000000000038 479.2000000000014
67.70000000000043 381.30000000000985
55.50000000000052 451.10000000000304
44.80000000000037 419.09999999999127
42.500000000000334 360.10000000000076
37.20000000000026 446.99999999999295
53.30000000000049 387.9000000000028
40.90000000000031 441.3000000000097
36.900000000000254 424.9999999999992
68.2000000000004 475.5000000000077
33.80000000000021 389.0000000000005
47.600000000000406 417.7000000000015
