122.19999999999733 369.9000000000024
116.89999999999763 324.70000000000397
130.29999999999688 319.50000000000404
53.70000000000049 351.89999999999094
110.29999999999801 359.60000000000457
82.2999999999996 346.4000000000032
96.59999999999879 351.70000000000226
103.3999999999984 352.2000000000021
113.59999999999782 360.50000000000114
98.49999999999868 318.09999999999405
88.79999999999923 372.90000000000504
111.59999999999793 297.9000000000008
81.39999999999965 321.59999999999127
101.19999999999852 340.299999999992
116.89999999999763 347.0999999999998
89.89999999999917 347.90000000000055
93.89999999999894 349.4999999999881
98.1999999999987 346.09999999999735
71.90000000000019 353.79999999999484
103.89999999999837 369.5000000000081
72.10000000000018 372.9999999999979
78.6999999999998 346.1999999999985
113.49999999999783 407.70000000002864
100.79999999999855 380.70000000001244
88.99999999999922 392.7000000000041
104.79999999999832 359.5000000000011
71.00000000000024 323.2000000000005
103.59999999999839 338.8999999999972
61.90000000000061 295.6999999999936
109.29999999999806 340.7000000000041
74.30000000000005 323.5000000000027
60.70000000000059 312.09999999999235
72.00000000000018 345.89999999999696
105.99999999999825 348.1000000000038
88.89999999999922 310.6999999999911
90.89999999999911 312.3000000000016
99.49999999999862 332.89999999999884
103.4999999999984 354.0999999999956
109.19999999999807 322.3999999999981
69.40000000000033 295.79999999999643
81.79999999999963 416.1000000000049
103.4999999999984 373.99999999999596
74.80000000000003 317.29999999999677
75.89999999999996 340.1000000000068
88.29999999999926 323.2000000000023
89.2999999999992 327.2000000000004
78.09999999999984 294.0999999999965
114.69999999999776 363.40000000000254
78.09999999999984 344.49999999999363
109.79999999999804 321.2999999999988
100.69999999999855 309.39999999999856
68.80000000000037 283.2999999999909
88.79999999999923 312.9000000000006
108.29999999999812 395.5000000000094
93.39999999999897 319.4999999999961
112.89999999999786 356.5999999999977
98.0999999999987 312.8999999999913
66.80000000000048 275.0999999999915
66.30000000000051 342.19999999999624
114.49999999999777 349.20000000000766
97.29999999999875 337.1999999999967
107.79999999999815 334.79999999999285
72.40000000000016 340.0999999999966
92.99999999999899 344.8999999999966
126.99999999999706 345.29999999999745
92.59999999999901 293.5000000000022
81.29999999999966 347.3999999999942
106.59999999999822 323.00000000000796
105.79999999999826 364.1000000000091
83.9999999999995 351.8
70.0000000000003 315.3999999999895
68.60000000000038 318.19999999999135
77.99999999999984 379.1999999999993
68.3000000000004 356.29999999999615
79.49999999999976 377.5999999999972
82.89999999999957 312.89999999998776
144.99999999999605 353.9000000000046
123.69999999999725 302.8999999999914
80.99999999999967 284.6999999999913
84.59999999999947 336.39999999999526
79.49999999999976 352.10000000000974
95.99999999999882 368.7000000000056
111.29999999999795 347.7000000000083
81.59999999999964 322.39999999999924
81.59999999999964 324.49999999999926
81.59999999999964 321.3999999999994
122.59999999999731 362.8000000000092
76.59999999999992 350.09999999999815
103.59999999999839 372.50000000000523
96.59999999999879 321.29999999999353
102.69999999999844 360.800000000004
120.39999999999743 357.70000000000823
65.10000000000058 294.6999999999932
85.49999999999942 373.80000000001706
103.19999999999841 319.6999999999959
89.69999999999918 351.09999999999934
74.00000000000007 332.9999999999957
107.49999999999817 379.39999999999674
78.59999999999981 306.2999999999949
85.09999999999944 329.0999999999959
