72.31799424853715 426.2666955625483
31.09913768108157 410.72299137592194
33.617269295522576 401.7580473470973
15.68450278233446 455.3265853474482
79.7162682284299 429.36998372790293
23.086258346830416 455.1128245401017
26.916622226632754 481.22255027527757
27.767572821204656 463.12534184513663
31.057184206437057 464.06666284736116
96.67161120472615 327.6052407530164
46.665261714869224 458.33639396139876
26.021078418572657 382.37057614604515
99.55741851199501 305.6892058304517
26.88175865744372 433.9287713253579
56.918774056056094 418.95475222206653
81.38023775281607 386.53969652626563
27.428280890424794 465.096217819696
30.180363404034004 459.34531854217784
99.98923204970707 401.12474803214496
24.478763798399388 460.17480685777406
20.259587649276384 472.6726806538409
21.891701390075664 452.6345126862588
32.38306197167714 482.32428990926826
26.987679545169303 455.31171341083035
24.167914022836435 470.42071211613825
27.86981186902639 447.94813362930785
16.31467595218956 432.32397296356345
55.858277852624596 453.2296203365678
15.14574805316619 405.37607881277114
30.232063216837126 440.1018023959821
23.67543421415371 429.0146387128881
16.20014243072379 408.8200466338931
94.45905417808027 341.4422579628026
23.205710233324684 435.10394013928806
77.09846106605967 390.82052076101246
28.086787858550494 409.7085738853849
28.134144082663305 449.1950218093382
28.833056071792146 476.5257336308017
24.457634678399597 416.507705350273
17.50468868279993 388.6528040326304
125.44223973562472 390.7275471393763
67.73103494980228 460.1664353155988
94.2886737505227 323.9954870642896
23.26853487139489 457.8534840952936
21.223989910350646 404.9049046582376
25.32287039180023 406.54195938223796
22.376363764023544 378.07972444946427
29.27161020169761 483.38059361438565
84.44223413510603 404.54989579954787
30.41725035386057 439.8987434180837
30.180339070791604 371.61060716223767
89.62157251302615 277.8259573452108
67.03268602570473 361.46247632191023
28.97454587005974 507.3266297189552
24.348237394218998 405.9639798030205
57.011290087473185 466.870819437058
52.361924181351185 385.77797564177325
17.811302468485504 355.3142617628551
17.43481354198229 438.00652583179163
28.924570547879032 459.68750742648814
130.0336496453959 345.2862818199371
122.21614631140022 350.2208419981115
19.39264915261132 476.33383598041087
28.939388237419582 440.57286110299447
32.006593608946055 451.234653512818
25.835637165530898 369.13474305590614
23.81225385385907 473.44730554776356
108.52765648881349 334.99720376685485
85.98526133265241 410.9858647638491
96.42171846818047 392.6094454163372
20.10678296374393 417.52806061615775
19.576566848829433 422.49333896502174
115.07448440895796 326.82867758087855
83.79222287505488 394.07613351993984
15.195002938698421 484.8684250153703
47.71040031443799 389.1152720240803
60.367272966183585 413.44553043610875
78.14815888149451 370.99768620681544
27.931740945717358 389.81808440744226
101.66926960385439 369.7610568540098
32.159444280687104 444.37021767330833
49.8714347205494 445.3047445230869
27.684522816331796 433.4070699308237
102.53521999374516 371.6678274518295
17.21465320776794 429.25764702286307
16.257325219754392 388.6192841066345
29.29241641450951 475.1146294352129
27.51073349956316 432.8408283562449
28.600389901152507 479.38609402237455
24.70939624547023 426.21193663831826
92.23856105654076 426.7337747687646
91.77324767521107 404.54595053485457
19.060124811907286 386.9352868481493
33.93333780629194 455.24306323963475
38.359264883903265 395.58876509933214
24.20420211781085 478.8781300101415
17.749243236792122 450.27289891149564
31.79674403658054 507.1211973419308
25.544749730966792 423.18963782487737
26.769681054948666 425.67902273517734
