91.6463223460284 371.48818903280795
66.29910888830783 348.7155535459118
66.98291403198371 349.4606493347319
52.87756086247557 380.6820047728596
71.4415361881831 388.34006367964975
67.41427428635019 364.60639998335904
78.28648825155864 378.5282854427095
54.24401052237824 390.26147247518475
86.36176800714179 396.8608520920893
52.09807132575762 354.5950794184422
58.17025604307535 389.3776482868821
76.16575142341422 308.3389736691957
73.77717291360055 335.9547141510837
71.05148387639903 370.747649301236
33.86263585045936 384.4145549142151
67.18444760337555 360.10919296998213
79.41633016816365 383.28508376311197
83.12774472606641 396.39155288637636
50.65437448911321 376.89821220824103
87.31399420352986 402.01411140261524
72.32744389395518 412.8329672175707
75.8751158450656 378.3237271989628
93.8303544047001 385.4223013954395
64.05108896565689 377.55099898178395
56.64554358304156 377.4864698182125
81.09271572626851 363.3717969864467
65.67012616590895 357.10138785342235
94.24522640105718 379.8198445735418
52.85752780611876 327.10407846031774
75.4012214786323 359.25127510386375
80.49761697401959 365.8865636405652
52.45851738351945 344.63557483163
58.37757201565941 382.3309445538056
71.61701698531851 360.4865856738458
77.19198288222557 337.67496055997253
55.071410068133225 355.0105659860955
70.02300431367539 359.26507679783447
65.35114337999455 393.0384746138374
63.68633676709341 367.6113638145923
67.99076067136244 328.36130464196316
69.98663915782916 413.910051467312
58.897556195248335 382.97884905340624
59.06853561905306 341.5370684305226
28.61233177649506 391.46904192202413
69.90888260013463 332.80431698817995
67.0960727711297 351.6270535349463
65.61309244602899 312.7919716689986
90.33085838470787 382.79257320986574
53.53445310894257 380.8784312245219
85.86305684418507 368.196638279902
90.06846442785957 322.2801639105351
51.067533214695594 308.0969523057598
54.352255695299746 328.46874661485475
76.6806829817969 420.5288738999043
53.513135656088195 367.5166437105015
101.02072147725059 393.186467207265
54.30571794779845 353.21963445206217
43.09185444756596 318.9811853920357
64.22147087145991 353.45897767200444
56.10198831608193 386.13598314823315
50.80277166295211 369.00510042834
90.89228852082991 347.92730536906447
54.13397900057451 383.9888249908561
81.056261169613 387.94767498276474
63.678909938208186 379.59932125163743
58.63126312910318 329.35562095774395
83.18944971731135 378.5423161546773
82.56959240228414 310.34964917844445
93.95150516974947 368.4121089585058
68.13293714583874 380.43196069274194
44.64269720996076 329.75660293309187
55.81265658440093 337.41171242016753
78.92394999285906 343.4343439753248
58.70354562303118 393.5647870473048
47.03060142281162 416.43792794922336
62.96639163855703 353.16534386163454
104.93359496499377 377.33951933234
94.82112886611876 325.41720689228845
48.47939251345407 331.79051718755625
69.07647875162439 345.2343308314403
58.034447740021506 353.41718445467217
78.50987618454784 396.0913400829363
54.39270281550773 367.66236315644454
57.18017205868383 365.9962714676335
78.95369073510105 363.3775002455427
48.53940466565627 327.36208970894467
97.55339486421514 382.63560036725534
66.40244046815836 378.9499271208717
70.52524643069813 410.0154457028266
56.25394049550928 339.0286296054378
62.16807643225312 391.4344697228418
58.02252624184614 380.9713030837462
63.88577626373761 302.01470807794874
71.7155674389136 382.80500181324186
98.08866599427384 343.11051357594613
62.76699660812109 384.9244873175667
60.74259430503972 365.1278794578402
86.1499298263212 414.32417557905194
65.58623059355045 361.1427826786795
68.30097242682076 378.19766937493273
