86.43338250999757 339.03590875427744
81.99010793422076 338.0087843791914
87.1566407323754 318.7288139947462
51.722136584561405 335.8043159049189
75.69411963762508 378.6748284934004
67.37828403180819 350.5613331125236
77.31127851369769 358.6949199369973
80.33230737896059 355.07036590435507
80.89244360195677 362.85174132484764
67.5086221133742 320.0674066473842
78.14516743663295 347.5516959871218
69.75265350066633 283.23246554870104
58.92812143755651 314.5649314711374
80.5774212537254 327.663712508279
75.9778439871118 342.10229392413413
68.43604795098972 327.0789114240857
80.28030729886775 360.70075786114165
77.04193544446572 360.9490222064695
54.77910760757078 349.8367691603654
77.31796137230754 373.32511863188057
55.904927472736276 383.2456818887537
66.82713026282937 346.76936149577324
88.06391717725745 365.233561475773
75.06624919358863 344.4363770999628
66.11397437660315 357.7143749764331
76.11467984515197 348.69407461028806
55.689141345489084 321.4547848755419
78.89225284483177 350.6972668825259
46.07030692495782 300.9280173731539
80.35177096244233 339.3920446207738
51.76732291798141 328.0972690735289
51.672551063581835 308.93557782066597
65.2430943062459 339.68874576467465
74.02632615758026 335.4088530726181
75.34619453247724 314.24899754709793
72.6461863187146 307.89666556604703
80.45375191305592 343.3144539373793
82.97086395282336 354.58930047252113
65.83899763094523 316.5823320411189
55.32152566238542 297.92967498154877
69.10562113944032 381.5003823521794
80.69198449471862 368.84602663011805
60.64350395781007 320.131338811507
68.06997209617825 323.8320039991616
60.888050190511485 312.12595644694335
68.67947899650315 334.62750830956213
64.4213620349378 303.1109596815706
82.89089347323275 380.98383763853747
65.2017048875908 363.4255470495473
90.39063704035459 354.6104900061486
85.75798884496665 303.362213545772
58.46908998355336 278.1217578352614
68.36803248269322 318.4632625613217
80.93207024128567 402.2934096457893
65.4836852349998 319.092920926767
90.46636644621607 363.51134636944124
74.8456715172308 323.92417159167786
52.53574010316949 275.3000935846318
60.28890871694928 335.7132112460394
78.00009007379475 345.7579848448287
67.89977628047734 332.6320694629634
79.67941933973674 344.3671810932081
60.93780616109526 350.66698703312653
77.86436040572187 357.73123185106203
85.87258703498496 346.6547337676051
68.73973346699269 293.53197230301356
70.63413734868615 346.85942309265226
74.92309791805805 304.6179760689434
79.27671083070524 349.4273217375864
70.55341494246983 357.36098459430406
57.51771713270993 304.53022724910267
61.01518188700014 314.10366853697894
64.81814545398598 319.23036441287576
58.149455835973086 357.58391344236315
55.8842977265724 385.4121784864369
68.3307725634815 305.76886137162097
103.73208321904927 337.247242986965
90.24260984929982 310.42010151383516
65.68346940328831 292.98898372097403
67.82161288356771 331.1363051537046
68.62507800095987 330.12412857169005
78.38981122649689 365.83557493317016
72.28324352014384 337.2314625548377
63.08452375348964 331.2030631554061
57.81608941280481 329.37340784715656
51.765311799793785 296.4366095298398
81.94062357273604 357.699044204149
62.446027766066635 345.6504476601625
79.97967779415352 364.80548313903734
64.29727407976927 319.76891523232274
73.0047714465035 354.9408490422368
86.81150252039038 353.42365945213595
55.34513910443692 284.500054341469
73.41379198503819 366.14518494984856
80.3249037599958 320.6144327902976
71.81469771681556 372.27764316406433
59.64323165303053 336.0053128052194
95.52286909720067 391.6422527818091
72.44262277977019 328.85323042964546
74.69901943852018 338.0639863042406
