87.63362521891419
82.55341506129596
90.17373029772328
50.16707530647986
73.02802101576182
69.21786339754816
76.20315236427321
80.01330998248687
84.4584938704028
71.12294220665498
81.28336252189142
72.39299474605954
60.32749562171629
80.64833625218914
80.01330998248687
71.12294220665498
78.10823117338003
80.64833625218914
61.59754816112084
75.56812609457094
57.78739054290718
66.67775831873905
87.63362521891419
76.83817863397547
67.31278458844133
77.47320490367775
55.24728546409807
79.37828371278458
48.261996497373026
82.55341506129596
53.342206654991244
53.342206654991244
65.40770577933449
71.75796847635726
73.6630472854641
77.47320490367775
79.37828371278458
82.55341506129596
71.12294220665498
55.88231173380035
66.67775831873905
79.37828371278458
58.422416812609455
68.58283712784588
64.13765323992995
70.4879159369527
62.867600700525394
85.09352014010507
61.59754816112084
86.99859894921191
82.55341506129596
59.692469352014
69.85288966725044
85.72854640980735
68.58283712784588
88.90367775831874
74.29807355516637
55.24728546409807
59.692469352014
80.64833625218914
71.12294220665498
81.9183887915937
61.59754816112084
79.37828371278458
85.72854640980735
71.75796847635726
69.85288966725044
73.6630472854641
79.37828371278458
70.4879159369527
58.422416812609455
58.422416812609455
62.867600700525394
60.96252189141856
54.6122591943958
69.85288966725044
106.68441330998249
91.44378283712784
67.31278458844133
67.31278458844133
68.58283712784588
75.56812609457094
74.93309982486865
64.13765323992995
57.78739054290718
53.342206654991244
83.18844133099824
61.59754816112084
82.55341506129596
69.21786339754816
72.39299474605954
88.90367775831874
55.24728546409807
74.93309982486865
81.28336252189142
67.94781085814361
60.32749562171629
95.2539404553415
72.39299474605954
75.56812609457094
