37.61215381766832 389.3443517914851
35.155723362575046 381.9758690804388
38.37505655858725 349.82017409377465
21.967075083768943 407.9667233950473
32.06090034027443 422.77359138962225
30.55484679255224 444.009231216255
32.9463022866825 438.2257387032723
34.07702342689993 418.30723763984923
36.50128520576028 432.93615730325064
30.37225836200826 359.79164024520475
35.072131846199774 434.1852139849332
30.9533305444596 325.37979013716125
26.02794228215805 387.1572451800049
34.98127178591441 418.21862469772424
34.20594325284791 375.0702941589314
31.383874544362882 400.5356711309253
33.52904366417046 428.0766322597036
35.401764087841144 434.59887420677455
27.551150965357614 453.84181192534385
32.95505060306979 442.34529263266785
24.602961744747468 452.67980802999995
28.37691632274406 412.3494344781143
38.24711031498593 441.86998696826254
33.12180841825785 396.46902740294126
28.902067554229845 450.19650207650784
33.5038580405954 404.54177344867736
24.357519580478105 387.2673114154745
34.84480484514388 418.7420856874019
20.578902494167654 318.161034437865
35.168035069329726 397.1429602923834
22.850624526057295 388.23730481864357
22.691782986452143 335.9311533984004
28.740664169947458 439.85395420093226
31.250231855384055 402.39185417646837
31.373901631015045 301.5028067933674
33.402087662810864 360.73113542230533
34.45119414293579 398.38402079398634
35.28212837421708 420.15198263691764
31.126400878528695 404.2730540864248
23.987990507688416 359.3340759089112
29.026573180125776 444.86572080532795
33.82758622953014 419.6254199041407
25.296210636984576 394.0029925071436
29.93418900773262 402.37868875955434
28.24481191276037 380.25253618546736
30.729563909421536 380.39375540337664
26.875325693771522 316.05513449195075
37.3557132407451 446.0499637313834
27.36127223823901 436.2867205081964
36.99875080317391 400.19648861343416
35.927361999914815 365.5216396325232
26.42780371056873 359.7869125907594
30.347097093180604 377.8915442606991
37.16555753279879 452.9452279765945
29.46801704118642 368.1847887484384
37.86488156944078 397.6970583723065
31.896627147430618 367.268808135149
24.751358264167347 364.86847848422866
25.952512569965688 410.74982044344574
35.00935219633002 426.7445530184683
31.39982162931405 424.4746410601524
35.80753797652065 428.2273332024368
27.63830809217758 417.348655741865
33.97858066910405 424.6291491804517
38.03110575602802 427.58771150660493
30.68208021120514 338.2536663326756
30.55499577151709 422.9382218659518
31.76233695839852 358.6367076527955
34.33160320873049 391.45028110829634
29.99223541842924 438.1241299577702
25.23925118503876 378.7889008379357
25.72404150802476 402.7713426640679
27.824246790351015 398.5350679425125
26.060010740991977 440.3050986314104
23.260382255544627 439.9778170724418
30.217657367757546 303.71234603317635
45.81982531199064 387.18817738622005
40.42171748146357 383.64539471247645
30.095750266992987 361.66458909400853
29.4496114259871 407.66136918352254
30.760658087632834 397.36037949998683
32.92354934518219 426.6676883214893
31.880214943800407 384.61992925771716
27.333485621711105 358.8360139275836
24.727064136983294 401.48967908024537
23.027733579611557 385.8789911804894
35.56435276407549 427.3766934048937
26.904410847048116 393.6287998906575
35.126927988647864 426.3491257790864
29.647079702592187 306.5446326957245
30.873311177212432 429.71835325721065
37.84271402214383 401.6023775538648
23.81243673215049 323.8177871479545
31.926945260427214 428.78224254771993
34.66091925135091 380.02652414840406
29.798636623982848 454.8278852634588
27.06294442253354 420.78977934349234
40.7188130570553 455.32251236483137
31.164980776459096 379.21640014796685
33.021923074647724 396.13989634545976
