81.29999999999966 365.09999999999843
94.99999999999888 352.20000000001295
86.49999999999936 364.70000000000226
37.700000000000266 363.09999999999644
55.10000000000051 404.0999999999941
60.40000000000059 400.70000000000914
78.99999999999979 399.40000000001567
92.49999999999902 395.90000000001356
82.69999999999958 396.3000000000008
54.0000000000005 355.79999999999677
73.80000000000008 406.80000000001166
81.59999999999964 313.09999999999786
49.700000000000436 343.29999999999853
63.600000000000634 366.29999999999075
68.40000000000039 362.1000000000009
64.90000000000059 363.3999999999993
83.79999999999951 384.79999999999455
70.60000000000026 420.4000000000155
53.100000000000485 393.5000000000017
83.39999999999954 394.20000000001136
50.10000000000044 415.9999999999993
56.40000000000053 392.500000000003
81.89999999999962 399.9000000000143
67.20000000000046 377.0999999999986
69.20000000000034 379.19999999999834
77.29999999999988 376.79999999999956
62.70000000000062 365.80000000000297
71.90000000000019 380.1000000000044
51.40000000000046 327.90000000000134
89.99999999999916 372.50000000000074
56.700000000000536 369.60000000000923
44.20000000000036 346.8999999999919
45.10000000000037 374.9000000000028
66.4000000000005 374.5999999999988
69.60000000000032 344.69999999999874
77.39999999999988 336.69999999999715
56.20000000000053 388.89999999999884
68.40000000000039 377.7999999999957
77.19999999999989 360.6000000000016
64.7000000000006 341.60000000000497
66.60000000000049 398.60000000001264
69.00000000000036 401.2999999999983
62.300000000000615 328.59999999999565
68.90000000000036 371.50000000000296
55.10000000000051 333.09999999999326
69.9000000000003 356.7000000000049
41.60000000000032 339.99999999999943
90.19999999999915 399.9000000000107
50.90000000000045 374.99999999999017
87.09999999999933 357.2999999999958
74.70000000000003 322.4999999999954
42.90000000000034 316.5999999999956
52.80000000000048 340.8999999999963
100.79999999999855 445.3000000000306
68.3000000000004 337.9999999999935
82.59999999999958 393.50000000000784
79.29999999999977 358.4999999999946
51.40000000000046 297.19999999999527
51.20000000000046 367.09999999999894
89.59999999999918 377.0000000000137
68.70000000000037 370.5000000000007
74.10000000000007 362.8999999999947
44.80000000000037 392.2999999999994
63.000000000000625 398.3000000000033
87.5999999999993 370.50000000000017
77.49999999999987 357.4000000000137
64.7000000000006 389.10000000000673
79.39999999999976 345.00000000000995
73.10000000000012 379.3999999999986
67.40000000000045 390.6000000000032
39.800000000000296 355.8999999999912
46.60000000000039 370.69999999999334
60.200000000000585 334.6999999999951
44.30000000000036 394.3000000000022
40.60000000000031 415.0000000000009
47.1000000000004 341.39999999999463
75.00000000000001 379.39999999999833
89.3999999999992 353.7000000000026
57.20000000000054 327.99999999999415
50.70000000000045 372.6999999999938
68.70000000000037 348.7000000000014
77.99999999999984 391.10000000000355
69.60000000000032 399.40000000002084
61.2000000000006 386.80000000000007
58.90000000000057 372.3000000000048
43.50000000000035 311.69999999999834
83.29999999999954 381.8000000000097
58.40000000000056 394.40000000000566
74.00000000000007 406.1000000000131
65.90000000000053 358.1999999999997
76.19999999999995 393.60000000000394
104.19999999999835 388.90000000000896
54.1000000000005 319.9999999999948
80.99999999999967 395.1000000000043
69.20000000000034 354.0000000000028
54.90000000000051 401.4999999999988
58.50000000000056 362.4000000000007
113.09999999999785 429.7000000000021
55.60000000000052 347.7999999999974
55.900000000000524 390.799999999999
