42.86317587046291 373.3107537768237
41.17889046354959 363.99380795464947
46.14829716603747 339.13193032335005
26.407938653913874 368.6533421446822
37.5466876616691 405.0306151673876
37.864076272596876 402.96997605481863
38.38953321104438 382.9382779184494
43.63988058051416 384.4681165547508
43.37301318157754 397.6977249555493
38.25760592278089 354.9148871165757
43.114735180498926 411.5482163011869
34.568323990223384 300.8642035185332
29.295454113039046 338.47670838561373
40.98876379541869 354.34801858300636
39.689322293691276 373.01607361951596
35.3289838318415 372.43505328637343
40.49994431293006 393.2185521230082
39.518391251450886 378.4299159091151
32.05048285619074 404.4065804071575
39.77662694822135 420.75124225259873
29.44712846411917 412.3850359804683
36.39714057319886 386.97543256943646
45.45349269222569 419.3143665072114
40.95138843542707 386.7900624251885
35.972595360617355 403.41742622147814
38.458365017954975 372.902529117882
27.84878038564991 344.89611913097895
42.78059682185177 398.66486217181057
27.301827547504317 332.29961603871726
44.51157787385743 387.4059143109462
28.07123290690835 366.61164751390925
28.0572695267847 354.2260445990151
32.79851428609463 374.9091974202215
37.05415621879321 366.8982687015387
38.31220390825884 353.8999254872545
42.95421482849292 368.2204248002574
39.28820860420004 367.17595114053256
42.99485334196446 401.30868816624735
35.29551047145633 354.3202274361827
27.42389542948897 333.369704417393
34.5442295710539 406.85028732522846
40.645967510074954 397.6395798229504
34.66820309549818 363.6470017141719
35.51814142964617 373.3143910849318
33.76051173857094 340.0146687607466
36.058820185593355 361.93401381960496
31.77958886224735 318.70579740920465
43.81803104301939 423.49983530621984
31.298816110080644 382.920786198963
44.308880964751495 369.30037258267316
42.55428831488676 329.7150123053039
32.045241243455024 319.14567453696196
36.532587767748446 346.26161102543415
44.46560639552639 447.5426316347711
36.07336441173931 361.698068157719
45.78381490136915 408.9127106324187
37.57849656235263 353.3671530257889
28.557280622512813 309.77338290506543
29.641600668807328 374.2249597121368
40.95624794648972 373.5743427647936
37.786482524302194 375.912992811463
41.400145539103086 378.46819616807556
32.273818170662146 383.0086427971295
40.89984174177761 397.10528769135175
45.07726363152156 406.6434858232622
36.1072638670889 323.59612230770534
36.66388639390084 387.0369976817166
37.864057005728604 326.08179039323755
41.5105641507478 382.9633107919772
36.89202754850274 386.9900003029981
31.031082088252543 341.72776693136825
29.05754232188442 341.2720947345988
31.750275558174202 351.08720504674193
31.146140719675888 382.3486919458188
28.490205849921136 414.2176727335109
35.25829200640174 336.2661814393332
55.61698576464394 386.5759857160163
47.018874837916385 337.5626382640926
34.44804817429029 321.2554997490006
36.77707340919354 372.6624042192754
36.62784284419215 377.31682539826335
38.14169883824193 404.37824867918266
41.53009818829192 385.18883374734907
34.00913372871902 363.5846623481289
28.493616972343208 358.41673584702113
27.55065108660616 336.0582797468421
41.43885625759069 390.07263472221945
31.95874035550731 381.7950192203922
42.74615292760457 406.04994402820677
35.27754784076463 364.16985075018493
38.159072684960975 404.03559499684775
47.21143724524897 394.7338048522315
32.15210894829401 326.0199602997519
39.96290958099019 406.9825611289032
41.910721383019535 363.284992089029
35.510548609585506 398.94959075471695
30.98833425791698 369.8168766007138
49.36975243671511 425.9478674256815
38.5855413984851 365.8968969935602
38.89355273270817 369.14782736025916
