112.8168126094571
106.276707530648
116.08686514886163
64.58353765323993
94.01401050788091
89.10893169877409
98.10157618213661
103.00665499124344
108.72924693520142
91.5614711033275
104.64168126094572
93.19649737302977
77.66374781085814
103.82416812609458
103.00665499124344
91.5614711033275
100.55411558669002
103.82416812609458
79.29877408056042
97.28406304728549
74.3936952714536
85.83887915936953
112.8168126094571
98.91908931698775
86.65639229422067
99.73660245183889
71.12364273204903
102.1891418563923
62.13099824868652
106.276707530648
68.67110332749563
68.67110332749563
84.20385288966725
92.37898423817865
94.83152364273205
99.73660245183889
102.1891418563923
106.276707530648
91.5614711033275
71.94115586690017
85.83887915936953
102.1891418563923
75.21120840630473
88.29141856392295
82.56882661996498
90.74395796847637
80.9338003502627
109.54676007005254
79.29877408056042
111.99929947460596
106.276707530648
76.84623467600701
89.92644483362523
110.36427320490368
88.29141856392295
114.45183887915938
95.64903677758319
71.12364273204903
76.84623467600701
103.82416812609458
91.5614711033275
105.45919439579686
79.29877408056042
102.1891418563923
110.36427320490368
92.37898423817865
89.92644483362523
94.83152364273205
102.1891418563923
90.74395796847637
75.21120840630473
75.21120840630473
80.9338003502627
78.48126094570927
70.30612959719791
89.92644483362523
137.34220665499126
117.72189141856393
86.65639229422067
86.65639229422067
88.29141856392295
97.28406304728549
96.46654991243433
82.56882661996498
74.3936952714536
68.67110332749563
107.09422066549914
79.29877408056042
106.276707530648
89.10893169877409
93.19649737302977
114.45183887915938
71.12364273204903
96.46654991243433
104.64168126094572
87.4739054290718
77.66374781085814
122.62697022767077
93.19649737302977
97.28406304728549
