43.850821905177284 382.2471270721282
42.56402726790485 373.22252779249027
47.95390624850211 351.571852251627
24.80973385601847 366.648827112246
36.814696916042934 403.41854580660043
34.55309044236598 375.51982914146083
41.32724017491989 403.6372299279941
40.3706196380306 390.91318062893515
43.45312516219293 408.8560386711185
37.088715776668074 355.8174070374215
42.06251468747468 413.9022437888705
36.949495221785874 319.18460166417117
32.16850254026009 345.1814885329746
41.121798816593994 366.75525452452
42.35256777985085 381.2612084326577
34.77264145674941 371.37737906879653
40.73494802708528 396.6962598642184
42.82736460700944 399.6175963420214
31.750306631242267 398.3593854578061
38.56407719026126 405.8531047501064
30.176441090074142 423.2430944537784
33.993708992965914 377.96772703368174
43.66970396931705 420.90234452423607
39.04279492816885 373.41915952792317
35.184676792413 400.9776065393794
38.64339936534687 380.0045290173037
27.497263866797972 352.51501883188286
40.50714918197916 400.2659238964316
25.066088722909672 323.82005649199004
42.27333419027224 391.96238666345425
26.87594183558012 369.53887919761826
28.176624974070336 350.06988098758575
34.78945200154205 381.7991202880728
37.21256421283369 382.3684983178452
38.8281927546947 349.9045770455655
39.585724176134626 341.83705441613336
41.294416049382 381.6480056284212
44.412681734361925 403.42133932599205
36.66043289931797 366.4402866751159
27.991080758966987 337.99676368359616
34.84416770980339 419.8332243071997
40.8909172545233 400.8102455883864
30.513775754413835 360.4551312506948
34.528103123448524 364.19983916204444
32.2974985187207 342.4097495179684
35.87922576999269 356.5294712626745
32.18933601572644 317.7604571903125
43.53576981079091 408.4060339215251
31.678745151121916 379.56796362514655
45.28932706880835 377.18009210726063
41.40371495399181 329.7988991902111
29.59856665095646 307.72238998371586
36.02774236353482 351.33528823305045
44.34592149227453 444.8795486117434
34.866154218645526 359.3095121385312
45.99338384562895 399.09245919546953
37.766812479346065 360.27679875015383
28.98917575428526 310.18039577429045
31.107532943462438 377.43360291609235
40.8486780144094 378.69606168410655
36.12799388421484 371.989360532422
41.5599593976065 378.7290443512263
32.36563951367584 385.65697176873095
41.26913713035596 391.0047921749712
42.88216045691165 383.26228026479527
38.63756896126292 335.6395541607023
37.03973883615777 401.6629706986919
37.55849484536463 323.5419980199534
42.105551289175246 399.2344335844885
37.36599286544738 398.4252998859582
30.02904795561007 332.884984681279
27.99111496775689 338.42966249311417
31.494574911264543 350.6264083045187
30.630792735666414 384.07295272188145
27.371742904122183 406.0255633712357
35.881132649771445 345.1274682048874
54.66949591690468 366.9362093478004
48.8658116225486 350.41731202051875
35.137000339885866 328.59502300428187
34.199664368480626 365.085675392737
34.54464726816882 365.85016902408546
38.88149692760425 393.76319763814826
37.51811479789631 372.5648205658517
34.25014763726771 364.51974277719074
29.73341416885335 357.80776100486315
28.52300336746658 336.6910283599716
44.19425898825908 401.38828539422997
30.91528627264239 372.6284343709239
43.65535868094299 417.83934201938615
35.34596994661431 358.1730387599008
37.95705317889251 401.36107130191476
45.01701535899399 393.85853761597906
28.682449180301298 319.7205528987006
40.81452485153298 408.7581631723493
40.45968550732782 344.7151288055811
35.34075174102908 397.2246021578246
30.327317532080247 385.6412836981492
49.69164332411698 428.34868196118106
35.769656343568954 358.5715205269001
38.38794899989741 364.9558531684819
