68.08259341914459 368.05866909978977
73.85058109538039 360.88798426418424
68.55855282587473 323.83195498889825
33.787819737340214 383.8942826812145
52.34052912377202 381.8088658460108
51.11354871027861 401.22291987887394
60.047608128937796 392.38275794775393
63.84506922279592 372.2627109232303
67.23680217819395 376.95254621983787
42.822366705273254 340.91648579067873
69.26137104720662 385.1566585152098
50.734772263533586 316.5411956042423
51.948177410386904 360.08207574700515
64.87996240487902 346.8871162161604
68.39213636706572 361.5949744690827
55.905357721123416 355.01114085657895
80.3020864284019 377.435980948957
55.42648597486291 387.85595442934533
63.55331868773756 396.90583069572676
49.710705435955965 396.3413303837921
63.45744227130591 440.56491969331717
54.4327174078601 371.6351285853195
69.29104191045896 396.5687690390155
80.61907230179105 368.8682490070728
51.02413571660487 393.71211783148084
61.04235025641956 381.4257803272822
42.601581940116766 361.976986940618
60.01330354923752 372.22992769591417
38.20067843283761 329.9760535736188
87.19404685410841 353.5963596968368
62.395925152460904 375.192110811977
34.17494974390444 359.21191399835624
41.9666205881362 385.617305028971
50.93602300944226 354.4450122274722
84.39907414913087 318.2436957255455
54.18557922913509 327.61798529796755
65.63212690935285 339.0755505787833
56.50464371664904 403.27196739146706
51.05606716238453 368.3416455657764
39.1689031351626 346.1337485272532
42.74249672545152 422.745292899795
59.21400897841214 414.3402651972623
43.83988340610689 367.9567077987636
73.9017412858295 358.54810219735737
42.25692252352458 341.2900516944152
51.37722479409832 356.3193434398366
70.57595398130515 331.5690338674111
54.09182681290708 395.6092658441308
69.93666745061324 372.3125138766972
64.53116494154777 363.0403061506376
87.0759015944465 306.15916902375034
64.88518442085547 314.3305091413405
59.1336197661207 331.41356340394606
66.22041969064469 441.25349329482015
51.54647074998732 330.4335853124327
72.05524481909887 378.46813118904606
73.67472177332925 326.3960453307098
56.140675258896906 281.4640951430511
47.64153984506599 365.5286108532835
74.54848035330525 375.11726210762606
77.04547532012603 346.4218801737778
90.90516937711783 349.7279457672755
67.2936726807218 368.65871166713475
53.93074462140395 395.9464737320579
64.1607825026461 377.19138508276353
57.98186026632263 323.36271075001406
51.43566051413798 390.3403580360397
62.3196374374497 306.5282545538745
48.084116505892624 361.9975844386754
58.52400790608896 399.0372963200924
47.37921271275569 346.4983665136007
66.6329732313884 321.34524580151304
69.67017633963766 343.5858867750847
70.98583832803322 373.57112308780313
60.93457374160571 427.2657723316181
54.233055576627784 335.51840966466443
93.80376674931377 342.366953729445
73.93976849606014 335.38136159672007
71.98554137227426 304.7981901437727
56.88193492059229 366.7128368645246
48.49440780504511 375.8352610221881
79.20822946596786 370.3865737951465
66.54855886754162 362.67613052224414
51.60980214458602 364.74595031847036
42.63001714929625 383.16078669206865
38.94280089836612 342.79790651285145
67.2311755334971 377.4370916907554
48.380870816774774 378.69426779332116
88.00359329819405 379.22191542310117
45.85955876244173 333.1518663037034
78.05874650167806 379.9680299636957
79.64649930091338 369.1419343481891
59.685579372941866 304.63508593404873
56.294442514667395 386.57164637448125
60.774116306793076 327.97435537017225
76.18231318832898 383.1186290061773
39.858940951061705 376.5529700571093
74.49319873268577 411.9870976653066
79.18701493583703 332.226054994406
63.47203621012922 351.5790307773849
