112.24475297282366 343.05320536404537
106.46291585635537 296.0697622225191
115.82039098778239 315.37355082634446
64.6099278113135 316.22135023990626
93.6972306544243 360.71701323902977
89.68750012583504 353.8684242523568
97.97447073479763 360.89641157001176
103.36680762227974 354.717967239764
109.43296808347625 358.998396098512
91.3173983837839 306.3040924133731
104.95045706855765 359.06231004547055
93.19073128321554 284.98139293712427
77.8052798588586 291.0694209620216
104.15766234344531 332.6610578842111
103.30135740777804 346.8353910649387
92.00944467194958 336.9830846236322
101.32079373942705 362.5567963042126
103.83307315182014 317.8204654246145
79.42777363054944 367.8028031623293
96.32831313150602 364.02445599230106
74.95448181550555 385.3004530966171
85.86648867719744 332.3554886066198
112.29701446178255 361.86959780004014
99.20459686820996 342.73835248066507
84.89684959936837 351.46178605676107
99.43672698535103 338.54886106560764
70.62961054751815 312.05225508317284
102.67316661961412 323.7259555951285
61.90836538073881 278.87772044270224
105.72123427726754 336.53045805818067
68.49022545236566 317.38310131893553
68.04498113698209 297.2819677741062
84.59073968454895 341.1474786013796
92.94547367261114 330.95094732465316
94.97569416867145 310.90024093007014
100.1302164891398 308.5511417890045
102.27944299630002 331.6640513992299
106.21617661148287 366.7507576623467
91.4493476602962 322.393700638854
72.53792738525793 280.8292136803283
86.06069115473686 343.48960226843167
102.69083989643516 337.75961426541136
77.28207341623012 292.5626453895606
88.1560505527068 329.8908706871872
82.76250780759472 301.60952285556846
91.0800951778259 323.7133841065042
80.71824644790149 300.56112670631717
109.6102221893458 375.9189659675061
79.37923975729834 323.27165565170594
111.70601990029546 339.44739890672304
106.89052930588646 307.1628244586636
78.24866423439808 265.2049024349405
89.91508758295194 309.907906316812
110.15468685154653 397.90004627198215
88.41483551539898 301.1860336398478
114.42874775062047 365.39501020944994
96.01680911160584 314.8843245760922
71.03772780815305 269.31818008575226
77.4686356838602 335.80628312235973
104.19119517138552 348.36776612748565
91.70044314686022 336.2537318956295
105.9618051863986 330.9886629251871
79.35803964214627 325.97082661706315
102.41512675002836 353.8179610635817
110.38922382243761 332.06232469677377
92.1124790488835 285.81439441184233
89.71989580618404 342.90267541626395
94.89770200050101 301.3150692378374
102.13918856037014 335.24059745375814
90.94361510725544 352.30497672957
75.43584796008692 321.9231811726429
74.18132138147186 316.7060175745762
81.2512462242395 312.38740839258736
78.48972528537574 345.9326560833999
70.34570051896974 373.0674940418663
90.21258058297776 310.03614715901153
137.54159308967934 329.80659973634175
117.88595347330924 296.9320721120129
86.20092913839878 295.0188548615785
86.55549783962819 324.5739382726071
88.13155563265475 320.18691728209376
97.30640829428148 351.22136780686077
96.18223829041858 328.75450586399757
82.40878597117992 308.56782681180226
74.5535883417332 329.10585976405105
68.9685618153894 290.94603132137706
107.02187213888591 352.2588041424887
79.90551686352552 324.6694432978613
106.38148513902958 355.03129720015136
88.34300596933942 322.01871462761426
93.26495703704762 362.8824203755196
114.66417385121642 353.6727528713909
71.24291886428693 293.9773443187615
96.4591048719471 356.984226309011
105.51530597563294 316.5411687974402
87.18662722318204 356.72365689868155
77.70092755936265 308.4832347128235
123.16062645286434 374.83897262553535
92.9776672855397 323.4141032680397
97.42409243611843 324.88991069010876
