62.45043782837128
58.83012259194396
64.26059544658493
35.75061295971979
52.042031523642734
49.32679509632224
54.30472854640981
57.0199649737303
60.18774080560421
50.684413309982496
57.925043782837136
51.58949211908932
42.99124343257443
57.472504378283716
57.0199649737303
50.684413309982496
55.66234676007005
57.472504378283716
43.89632224168126
53.8521891418564
41.18108581436078
47.516637478108585
62.45043782837128
54.75726795096323
47.969176882662
55.209807355516645
39.37092819614711
56.56742556917688
34.39299474605954
58.83012259194396
38.01330998248687
38.01330998248687
46.61155866900175
51.13695271453591
52.49457092819615
55.209807355516645
56.56742556917688
58.83012259194396
50.684413309982496
39.823467600700525
47.516637478108585
56.56742556917688
41.63362521891419
48.87425569176882
45.70647985989493
50.231873905429076
44.801401050788094
60.64028021015762
43.89632224168126
61.99789842381787
58.83012259194396
42.538704028021016
49.779334500875656
61.09281961471104
48.87425569176882
63.35551663747811
52.94711033274956
39.37092819614711
42.538704028021016
57.472504378283716
50.684413309982496
58.37758318739054
43.89632224168126
56.56742556917688
61.09281961471104
51.13695271453591
49.779334500875656
52.49457092819615
56.56742556917688
50.231873905429076
41.63362521891419
41.63362521891419
44.801401050788094
43.44378283712784
38.9183887915937
49.779334500875656
76.02661996497373
65.16567425569177
47.969176882662
47.969176882662
48.87425569176882
53.8521891418564
53.39964973730298
45.70647985989493
41.18108581436078
38.01330998248687
59.282661996497374
43.89632224168126
58.83012259194396
49.32679509632224
51.58949211908932
63.35551663747811
39.37092819614711
53.39964973730298
57.925043782837136
48.42171628721542
42.99124343257443
67.88091068301226
51.58949211908932
53.8521891418564
